456.5,540.5,104,163
456.311563144275,537.0729215645417,103.98574552903884,163.06779660709202
452.3456465327311,536.0740172205468,105.25375276335706,164.40878237523634
450.310752239068,532.2449592662801,106.16654080899625,165.9206575725574
448.18478447815903,529.2043581348444,107.4514524813269,167.74751394156928
445.2802157573941,529.1369128088828,109.03808387656157,168.26432579543675
443.36655330085904,530.835955017078,111.23183406543433,168.6589223578211
438.8525083302926,530.9314673217671,113.93034560690896,169.61169931838185
434.37708133917545,528.7527228941888,116.75187801397846,172.64668651414507
432.4791104969642,527.3392366238113,118.25878580863048,175.20058806386086
429.8439806098255,528.5381380994514,118.51419782747575,178.29368467541622
428.574966211593,524.8510357676852,118.52080615465675,178.08589575908428
425.94319534677606,524.4597423527076,118.61755072318826,178.75694100490523
425.1025310256115,525.5376673992529,117.33823154409103,178.17109001059242
426.9440170327723,522.5459202677115,117.2847382227778,177.92447791991543
424.6340360465354,518.9661095980459,116.78073922341932,179.16051146017435
423.4198015971559,513.4866381976301,116.63734113304263,180.03776824110855
420.99945684829527,507.42474702751844,116.73426289242167,178.8063374160487
417.604358423624,501.76523984842356,116.99745216196071,177.83336530878432
414.21405796230385,492.0266990322788,117.35648087619646,175.59746857803668
411.2493996921416,477.0949896558046,116.56874829466426,170.7922891559362
408.77638018146604,459.70507654830215,116.41845238178078,166.89192814559937
409.35543171051455,440.7444983536473,117.6408336662588,163.73118679931335
410.76661046965086,421.4285508818475,117.86171717200354,162.79025917211226
410.5313341335278,408.1340181009273,119.66797405166994,160.63125878546634
410.59118166137284,392.7461456358278,118.38399083279481,159.15661080184688
411.74091169601564,376.8135905505949,117.37275069225068,156.87703713442218
410.68380886919175,359.5974264906225,119.13008503900221,153.3216142472868
410.02817758283305,340.4276297359996,122.6264507897439,149.57810457660105
408.7354462412062,317.68301504214054,127.69671500383558,145.2210815229129
407.97860023965285,294.6366525361724,131.98071717044024,144.89900779827687
407.867253033025,274.8419155156295,136.13347816923664,145.6209510166087
409.7122557754054,250.85697616977606,138.85251218185138,146.74353203985862
410.34806716234687,232.23440523119845,139.87573618111608,151.90823721047087
413.14211714743203,213.1768474121405,141.8225554728781,156.78302310615516
415.036038941474,195.79499700004214,141.3502378934002,157.4188781661917
415.59926909918687,182.52891550289962,142.0047374225636,157.52871793354802
416.7643076564474,166.41289090046013,143.33107743946647,157.7584592465813
297.710381156347,141.62901170107259,134.2278861281439,172.02360915536616
291.8188490943112,141.19145527047095,129.31018082777706,182.55700238918908
290.46636362333146,130.86250761123756,126.70765760622325,189.8983312403707
286.9428207817667,138.0279754801802,125.66211671769751,196.52814417497078
272.4906550970904,140.99886717714827,125.62095248158138,201.67021736367622
274.4802953578787,143.4288403521203,126.14594442094231,205.67057298516772
262.0361291583653,153.66509895138947,125.67734894826492,207.59702162220066
265.53455184708224,154.3712904527043,126.57187958935523,209.0527421237519
253.51928763534403,165.0633585632832,126.12596567579554,210.65213403980115
257.4256267793287,164.4692926221396,127.31236137006505,211.68376971020194
255.15957513087858,176.93002473140103,127.90143740904591,214.10367893528257
252.71894925978677,177.52076170278121,128.93338137573213,214.49178173278708
251.5806645006129,190.75362211732835,130.78800407048288,218.0010879880434
250.7227588836867,200.75629873493784,133.43293650060528,220.60253292482147
251.53513405146754,210.27432231324127,136.48456870670012,222.15652597512383
248.71409490744156,219.20592322062117,139.9289612762157,223.63996188619413
247.05175522100447,229.2058645154379,144.26557516790393,224.31237963530577
245.1605997826809,239.6912948066476,147.4435810156357,224.07840412368716
244.67456922382286,244.67917118867507,150.20181190073154,223.94398665626306
242.29192789669872,250.82746406102586,152.86128272064443,223.89981370758198
241.13321109896273,254.95191926056998,158.014626874817,222.85943039665904
236.82269797458076,255.16816414488085,157.73450146647642,222.60011094127637
231.72878857222136,268.67675433848916,158.75987424916156,221.7476434599436
228.39725710199323,267.95837402132537,157.77426794675893,220.72541042094653
227.88123638280817,278.8666979018529,159.54274098379238,219.49211379514546
225.53478093821087,278.9695259322207,158.9315585120861,218.28315873653085
225.37594825360895,287.17408731407755,159.90715079836602,217.5740853731467
223.47730614888945,291.05906628800074,162.0618367364351,216.43774530326047
220.4799808674923,290.33236370011883,161.14329502704317,216.13837981671654
217.34552559421354,290.5031209240973,160.2441757884444,215.72657375273712
215.79067040041875,290.6906995777359,159.6585109719477,215.67768932053033
215.90007526347026,296.9904554231238,160.48363761764796,215.59612482671503
211.12561210019754,293.6545299603687,159.97586895975735,215.98993343578854
209.4636851713698,292.13644348944854,159.57180037783763,216.46008588888986
208.25434273948383,292.15813905091784,159.68546133299444,217.27560717430316
207.14252813542447,290.65791660087314,159.6461565716155,217.64780600543807
207.1455918007785,289.1785457601884,160.28141610747696,218.08673963283718
207.39232212717963,285.2589086048803,161.1719034231577,218.77209472348267
204.771585348182,280.6854595082237,163.51500409258793,219.44460765526026
204.66099152072616,274.3129602008197,164.80069505961046,220.09006079124748
206.75060450577,268.76836138666476,165.78181273652595,220.91492278723314
204.3782841827574,263.9339754842897,171.71093953329273,221.38547624634106
204.40038310253993,255.33122302885283,172.66701861690728,222.2560526446416
205.98614818976287,247.5259996083009,171.75342039016954,221.8977161071444
209.8435787917536,241.14067814903865,170.62201045724518,220.68659232492428
212.42012781077074,234.83920118853158,169.1825814808717,220.3368380016147
214.79615917269626,229.08745660097372,168.21530402771157,220.0951174828217
216.54966109746377,223.65963605372102,166.88451296580473,220.50188505742966
217.01371976702836,218.07558129781526,165.74643041254225,221.35460875075972
217.2713689518704,212.61828094100707,165.90669001385893,222.08477648097764
216.32284320583116,206.2585461527359,165.85180633385636,222.31321727181447
216.23302275324124,201.39375867508048,164.04292888175925,223.0123566649915
216.77148278808716,196.78435978605418,163.0223989448225,222.52344036223354
216.41934415161975,192.96629098251074,162.63649868174656,222.9899746215421
216.22925492517274,190.50362344491302,162.28322564900674,223.43198993736866
214.39017006733312,187.35601410281743,161.58445416061494,223.52293921238018
212.485259386395,184.60533729411694,161.8948853972165,224.0935539038473
209.75171164071625,181.4065048544446,161.78712603780497,224.38769982033187
205.0079124769211,179.04740704369542,161.32390630356664,224.67196504479654
203.41465656571756,182.20710707132292,165.5086273640261,222.72149723670339
199.55423291213327,178.62413971910843,164.49885237962974,223.99731954107745
196.99065602374088,178.767150832732,164.62378695628027,224.85464457716645
192.16725741452092,176.33581218378058,164.32124049338472,225.4682817482688
188.56553025253598,176.0618200717949,164.6947125366234,226.07968595503112
183.83733907919446,174.01521336792416,164.44853064380447,226.76826750966893
182.07210728747503,174.64907256833882,164.21667752344698,227.6213975261217
178.24471298058847,172.1427784398548,163.64391563062824,228.10481479309954
175.72549834175422,170.18535346216703,163.2347516961691,229.0383708317728
173.96264210056907,169.10449621056634,163.01655362746823,229.3906926443156
172.16575547775375,168.2837264298472,162.94028245094924,229.64823655355508
168.78094485084677,167.04049171094744,163.3155989524133,229.8234390922457
166.26430549645394,163.9011063942563,163.13705372092187,229.61800114179624
168.78559588972078,166.94153578599438,167.56660180249122,227.171320043104
165.8504566572217,166.19478058825612,167.02558962189,227.6640045566225
163.17229906794577,166.47513789538945,166.53263302614988,227.7584216996152
161.20071530665518,164.08433523592896,165.98811057680723,227.68692624186383
161.59502775828614,162.506908253081,166.02640534841868,227.7729048947546
163.86615289591947,167.72716850318713,169.667616262422,225.39846830262337
160.418568914171,166.9580765482031,169.02251246688576,226.24527731463454
159.97399235371992,166.32445997520156,168.61313155210524,226.90648577811584
160.64030127149212,170.56646200219018,171.9337124355855,224.89445657383953
158.8510701498947,171.66394311700526,171.06999595258407,225.54497287890783
157.39893512202553,170.2738449055096,169.95226712602872,226.9197392233927
156.89081136555717,168.17848985882864,168.7020389614752,227.55345535542043
156.7364702489851,166.4811659946452,167.76400696026718,228.00988997381714
155.92040811316576,166.52151836209646,167.45758934271518,227.61182898028392
154.48313539445815,166.23621293763304,166.86192208214763,228.0686076162262
153.66057126478563,163.57904389060016,166.17445856941322,228.28091781722554
152.85632804766522,163.91275500853496,165.90089758887436,227.6685725045773
151.1461824501742,162.7718861985146,165.3267687322817,227.43450869486946
151.2757196232801,161.89343572386886,165.31079264504206,227.16320544150898
150.2764484874748,161.09010599613885,165.16427962261582,227.4515136282007
152.65649686024233,166.4546314454886,168.62515112354072,225.66883094696948
149.75053702263853,165.01361311553714,167.97721571909742,225.3311534421385
150.81018297276722,169.22280642876888,170.25698740602877,224.36564195300414
147.52562640047535,166.51240657263196,169.1308266744223,224.50973258553552
145.5535864300183,166.47803212161017,168.426079062541,225.70489638263678
143.7202908652483,163.77278290778992,167.78047203000216,226.37481758936053
145.13673125696752,162.73799417119852,167.52419060607605,226.66993617735042
143.8901201967004,161.15701996949036,167.3130498573476,227.1665522634145
144.7030759426469,159.77048340110832,166.79325656766406,227.18313350068823
145.41936985269302,160.0509537271105,166.29515847459209,227.108367074491
145.67771571207052,158.9282839592616,165.96696836718905,227.3857215761999
146.52876326825358,162.8028782296868,169.14910005383416,225.81968475730383
144.1210210861685,160.62212554381156,168.23071105069477,226.1916357238419
142.7714417362294,158.25279072351293,167.5878246818321,226.61562955648625
143.46462018491764,155.9494723381143,167.57016387801488,227.14972890510336
145.41781422041242,155.65319872304164,167.2855747991823,227.19752437190488
143.67028141893553,158.30137802085852,171.00754626959352,225.82075815679477
142.26417275221462,155.5952892560129,169.97302431089057,226.35954644240647
142.95158717966308,152.3235479793926,169.1612071022644,226.69740346158943
142.32723136816256,151.0650707701297,168.99804371572867,226.97003796434376
143.1742405262768,148.55983341102092,168.3614895222724,226.98173386252347
143.01455743230343,146.4946573422743,167.92163463325383,227.27230805354452
142.5137180178523,144.92809170977512,167.68361397923826,228.25288027656597
141.14090252310785,140.38553827233906,166.55435726387793,229.29312058954844
139.744109673241,136.10902032273657,165.92417587376787,230.70400036463846
140.48402648074372,134.0475464075665,166.10781479198846,231.2025058560351
141.1927784331724,130.20377108427778,165.9799881494373,232.25220192650167
141.32679552274675,126.26130107298307,165.41907465705813,232.11936450615897
140.38426494331645,121.1269026654156,164.90224100810318,231.27037872852048
140.18350793449218,116.74410248209495,164.50190244186652,230.45297319001043
140.81915359096035,112.25183965359278,164.52207235825446,230.19045809841856
141.55781248468514,107.73370854622166,164.2524868906368,229.20958660039224
141.39174673243235,103.96969893098593,163.45785350161051,227.6621082036054
142.70062544828545,98.80540783534266,164.11236794147112,227.6013938632147
143.38708466276688,95.09222991921757,163.55719233706267,226.76253572909525
143.83081587528994,91.929987056161,163.28554424021024,226.17778168622647
144.73035098773482,88.67953081217087,162.89580795964113,225.4530958389406
143.57399588060758,84.26668554833793,162.44940486212806,225.37000626864506
144.37274404786552,82.24634977381342,162.36199625611252,224.99712457977904
143.55319827974188,80.76164157698211,161.45740283294822,225.14507500435596
144.06100804787448,78.63948836779237,161.63771115503567,226.5268616816771
143.56682465847183,75.84926676312347,161.56905810409094,227.44149764385304
156.05057428963147,80.2285234612428,160.86230865866617,227.19617833178185
148.19862365022982,79.2840678585008,165.78956141604613,225.09024843848044
146.88044812340263,76.0865132613932,164.81089529402607,225.57930742746495
147.29397679553406,71.67213355000321,164.54637997103777,226.87324581676714
147.86290127733204,69.14034760343918,163.86678194728785,228.43631178567034
149.32697197513954,67.20568623110626,163.63754077445117,229.46769765213185
150.99339759898635,63.123149872885875,163.71638453026708,229.6385386676754
151.269747549692,60.35415283982189,163.24024504418335,230.4933481100851
153.80542513793978,58.054613370719395,163.29610811414773,229.8711374135855
155.2048804670412,55.87714052270172,163.38416296917427,229.6700990893877
156.0322937779072,52.95250383668791,163.03696593270837,229.01064729509451
156.66105037935566,51.07731133810327,162.98915045320012,228.7956099003723
155.83612736124607,48.76677575332285,163.27728117264684,228.27135111769317
168.17096277363362,51.06734039770615,161.9287105828571,227.49163463066913
161.96718923747727,51.1690505314663,167.31956930830702,223.85535923390688
157.18357794383323,50.88217081093809,171.65497465011168,222.3688912808593
153.98755669297344,50.3713022958046,174.62035089206563,221.4776503772426
152.48415896458988,48.28096310547892,172.49798546779027,223.19401691974394
154.92229907211612,50.6924163748254,174.43693180760837,221.63332122699825
151.74879272067594,51.24486825088478,177.11545433905627,221.1270411082642
151.17541389932887,48.83822989562442,174.2608782682189,223.19239444460888
153.9098813420395,51.04989476178014,175.18533499198952,222.53610877968026
152.1988503871564,49.854525099955794,172.76267224660438,224.08541714124323
153.262211090953,47.837078683710516,170.69716916405986,225.3236447820834
154.3107125009317,50.45496078655904,172.7927003139816,223.93634816481102
153.52315735300016,49.65391307664552,171.35704243471957,224.79666211147827
153.78016032798251,46.34570757966161,169.53828496936634,225.55163292371392
155.19051669962062,49.39490686023983,171.37697602705452,223.95499961371715
154.6447303650317,46.36076547258864,169.57341496248293,224.8906949561582
167.97562206921225,50.26164116224042,166.85759255265702,225.24963579182045
160.49222060584322,49.20560316964492,165.97422820492,224.7499852545658
158.35086088756577,49.83907976058455,169.53941840420455,222.10746201386388
159.51972126545706,50.459953436701255,172.0764334806363,219.9507319255198
157.23884131295677,50.67607950404326,174.64690257791287,218.71569236770193
158.5729379852264,51.35232239443806,176.67753745374108,218.08293541438883
159.62176113868261,51.10465231645368,177.89187497060487,218.3001296610482
158.5890232562253,51.685793709737595,178.77261412606063,218.39896671700967
161.9259252068725,53.92717133967439,178.98997595810357,218.39516195762437
158.57054352963343,50.66210709928427,174.86895697157834,221.0055044619947
164.31606593329218,55.109550915067075,176.50600683741757,220.51097789152527
164.94674255715177,55.91147037900576,177.35970319029957,219.48840995640379
164.86344836888992,56.394386264579694,177.74752764675452,218.71466833895008
165.95912518851833,56.194486240967805,178.31705137833205,218.39902584791244
166.5410576719447,56.86432106380525,178.36057671985938,217.85156272804016
164.23371857293526,53.26339108271682,174.60180845333974,219.97633528787327
171.090529499666,57.74104976120361,175.60357680526155,220.0290745715247
169.09433045142092,59.087076553494185,176.76754973276064,218.9177989896825
168.74606048856526,56.24797054795637,173.6888909604281,220.26930363762946
167.9053975388588,53.809653269606855,170.7857570781943,221.96292451673145
170.11756171176003,54.084416994670335,168.8937256283727,224.28671716929614
169.44070432787333,52.34261785783812,166.498196659879,225.8311814412287
170.981608821868,53.123915947641336,165.78273140853824,227.39780789307673
171.86339879095829,52.4293799438844,165.19405224054503,227.77268004764719
184.16918160413175,54.80997021396105,163.61120365521373,227.07799540287962
176.60138380064728,55.56091183790808,168.18557432474373,223.89201069262137
174.64876643218483,51.589133186106025,167.66877289070914,224.95253424378407
174.32021967377744,47.72577677270749,166.85293239987925,226.01973312023324
173.57982218719312,44.1945217923639,166.31559325592144,226.64409792024537
174.8172013999524,41.53230844688096,165.71010539352847,228.30461422226472
174.2047242648525,38.41813360866803,164.52992355532984,229.67017092994058
175.76004830124958,37.203393039221936,163.9842547973398,230.66335584423865
176.03772794769213,34.473688843939144,164.12750610826404,231.1376162817708
177.1507388083631,31.80839701677192,164.51532687425734,231.58918878193043
177.89623755599465,28.755595536207608,165.28749628344366,232.36251110722532
179.21054198186425,25.40080041457321,166.21502952345554,233.20905899591037
182.7975045330183,23.664607984938556,167.28494082404052,231.5379230231179
185.44320091670954,18.793171768095235,167.45381560045078,230.78827130977086
186.38876830432548,14.8843424267681,167.14046452902286,230.84445252202718
186.17455406658905,12.571785385045544,167.34757967694483,231.53680040636036
188.06537996046012,9.855795363305475,171.83423462138043,230.90892117402262
189.51493748773925,9.709290925022401,170.5777855490686,231.70520538542382
192.67787585078565,10.323914138623792,170.0366912326438,231.24043871457633
194.02823914480828,7.539751109755059,173.27130218808605,231.105130987066
195.74239383158954,7.722294935026099,171.9722519240206,231.00452318228616
199.34395216696248,7.309190904218553,171.54040886625077,229.77317103844166
201.57213103408134,5.882599687289016,174.98106527309582,228.84027549607393
204.4118859021217,6.321537655403148,177.82186593893164,228.44656305276368
206.1790088810486,3.654364300716054,179.12882939269895,228.1854264590678
208.09399534145751,2.1291561249288407,181.13424417863772,227.96843587018202
209.48834882037616,0.320295109666759,183.14309409793663,227.95273767174805
212.99312041068663,0.36151174534364827,184.04985073726195,227.35699313349517
215.0642552181857,-1.254795680879198,184.8977530315961,226.20138433786957
224.18083221795203,-0.943554372165778,182.813173861165,224.71990038196083
232.27732319132096,1.1909296749770135,181.04003368078457,223.49756553123603
225.39146557760716,0.2335939798154243,179.7279972297454,222.33624934412086
232.9217060021524,-1.7379807663800761,177.193540245401,220.45869294585634
240.08587311677397,0.16247317922262994,175.0953581462848,219.0960622992188
247.47363492535084,-0.9050658416745421,172.34326439973657,217.5004930154974
258.66305837929195,2.375204229670274,165.82581809610235,216.75615980487564
246.08128427468273,-5.986602814866217,166.41387916847998,214.36512698232752
253.96902673033173,-4.538803877733784,165.94744195615658,212.87985332395164
258.65422628983026,-3.649771142450305,164.22996594430674,210.3041454435832
265.30316712941965,-3.434013154711238,161.7007724670323,208.46313006129049
269.323325264776,-1.355460301983939,160.15604783679203,206.9792988728952
281.29878757685276,2.7582032967158483,154.90668800145676,206.35344882164432
274.86786219861614,3.8445866631199834,153.35135297454383,206.19924702833495
287.0625558659158,3.6765276482116604,150.97677810942702,206.40141650852334
294.17658404447695,1.4276950621365927,148.08634248747308,206.5265421604098
286.25376427142237,-1.3151992508454668,147.28100203785465,206.75069309869082
297.48607742277875,-2.278094534888922,145.11690140042515,206.69258383500588
291.67458805157065,-5.0658543735091826,144.10662036958695,206.528726967294
301.4282102956198,-6.082328591886423,142.33720127516537,205.895977829433
297.99997697045126,-7.00019912045579,141.2271409403341,205.3527709133204
308.75985881551975,-6.237370720947922,139.71973686933768,204.6099738569461
314.3363539312187,-6.589766661210319,138.13776962530557,203.58934025567464
320.1993519777113,-7.3095752978813096,136.5681055483116,202.55326287264455
325.9435074272233,-5.122403994131375,134.2384870092118,201.29184817881045
331.775564895027,-6.437597691357681,132.8636501039999,200.47614535185804
326.90261507168043,-6.04757160544446,131.66451286257058,199.54317023679715
337.57591550461314,-4.656080713913724,129.73792351709085,197.60438262754855
344.82369176085837,-2.4592852616224548,126.84725229122148,195.4772039811142
353.5086289830424,-1.4526814305855709,124.46589179338666,193.28826439188398
361.8523396353429,0.20379340721757444,122.47918936848532,191.34044502156792
360.56620388171694,2.1140351691393136,120.11382020877555,188.7647928213481
371.1683445777133,1.7983742483830838,118.3911119216413,187.62605162021987
387.98774411819977,1.9882844837873392,115.49187964364688,185.73143691895024
401.4240143231746,3.5612194391796663,112.97687364226644,182.91267935505317
412.1255829397974,-0.42104286490544496,111.23589918978254,176.24334146780103
424.64171566783415,7.177397075091477,109.50427383991034,172.51249933805133
433.8982952066765,1.3754531320662977,107.43709674159575,168.31921753873792
447.6560650215387,8.35485377874899,105.31869761480095,165.45680220118308
457.23233359743466,2.7871713784454073,103.9124029862024,162.32451925856515
465.9365806097479,0.9244621785874472,103.18397411660521,158.06033413884137
477.0686514442842,8.285471458708898,101.91539976930989,156.4674793206639
486.2448425487046,3.101188181579431,101.02824850224171,155.44665016111668
496.9924614526186,10.525794524450177,98.22389814558555,152.83701286142255
506.10260366413945,4.6374680386416145,96.61299444458977,150.61833311514417
516.8759036582995,14.483098938887991,94.22142947519049,147.4709002788848
527.0973571845914,8.892762163868696,92.68267433911058,145.3368756096241
538.0221348841482,19.24212460111947,90.48408749163295,141.61664347193894
548.0634707450841,16.283364973445813,88.94163412303239,138.787106719901
558.3617288211653,10.417320969845008,87.1460327352743,138.43158925072322
574.7771367364496,17.973147581171006,85.67377555949078,135.2957765966137
593.1343566901176,17.44782945888049,84.02910646514317,133.232962075585
616.0509660866749,13.312668270759076,82.1570235362864,133.5323147748564
636.1306152508856,8.899942409490507,81.11938734775757,133.95864998128025
661.0254403783014,15.37010452341174,79.78756179995726,133.8349837734573
684.4032693744597,13.854970173146029,79.23277050685932,133.821164825597
706.2785367368476,16.416717359171486,78.72913061850939,131.39706634855037
727.3121728492024,13.396036872968978,78.70245058740325,130.39720236444293
750.4126178503956,6.26339484304151,78.39437903594467,131.21373211368996
771.9020933057474,4.04061475025722,78.42400737939144,131.06370886038525
788.962630798041,8.761465921460484,78.79214443093704,129.4365407052956
798.5161537512153,6.166485430815101,78.53209101726435,128.90547955752754
817.023686439389,2.6600249669299387,77.6722342285631,129.20969506003541
828.6049351265463,7.969633132670239,78.32749922912677,127.83299143149671
839.4052206338756,5.725902233050064,78.85808132115737,126.89482742965063
855.6951163532347,1.6410924567960876,78.29286202599401,126.00492530704872
863.1588285056596,6.069116662907184,78.1114570845476,124.53981517683947
873.4986508212046,3.2109635020386804,77.92178552169483,123.45902000092633
884.5684709920711,7.133994497954106,77.90753427908287,122.75109964117556
901.4359327655501,2.871976438119816,76.98945948700778,122.47372603946962
898.1033616923344,6.596255167882042,76.65136057127489,121.6253287018629
910.728893278797,3.1795579014020774,76.5319654891699,121.60978524654158
922.6036019801345,8.179040732788735,76.40712465509833,121.03436160647334
938.542561335527,4.763180401907931,75.96051278330256,120.82528455781625
945.6162838393377,3.6703102465321678,75.30078731150881,120.58547393091519
954.3976005325671,10.335816503380414,75.29052590380982,120.09006036283637
961.8557682424993,7.431547105495014,75.06925979699479,119.98214913495605
977.3637672966446,14.388111272251422,74.51827900742988,119.56063228215612
984.6006281237704,11.015480360075273,73.90125348202331,119.04496595251672
992.9923808106377,8.402756573802947,73.94534286536901,118.90435183759189
1007.5683021074045,14.583526237646666,73.39423498252863,118.84359185255582
1013.965447102179,11.231452943161166,72.75795547576757,117.89371574789278
1021.0266024214027,8.193589226805948,72.15714733213233,117.70922122244282
1036.1434828539668,5.274624532126445,72.04705895235554,117.56271886818
1042.1128810566715,12.481964431184792,71.62023306696582,115.95732518761702
1047.7725296781477,9.016535481979204,71.49700363407192,116.0241260219718
1052.8234253617222,7.177792235336469,71.45481214332673,116.41545800666657
1057.0506487527402,5.772790007411132,71.48027048976957,117.46809318265579
1059.9237272725372,12.023357913945645,71.57613634598887,116.23718194081479
1063.4932103099927,7.406558033192773,71.41227746407083,117.31259669713255
1065.7121182581132,12.960503219059753,71.50577164931194,117.27783025728336
1068.6095712181948,9.090986660954329,71.33721327095782,117.87045863029962
1064.6431812095013,6.173353244480623,71.78758476478522,118.39316681227658
1067.4941067056354,3.972069145713938,71.75168073296601,118.75862468113563
1062.052775215175,10.458581645888273,72.4428344670609,119.34528061950766
1064.6086797517844,6.730445079072979,72.49432447755186,120.17662813973493
1066.4473619269675,12.332373546297333,72.51577547295,120.2958026307623
1069.4149144726396,8.319234575297969,72.02714827162035,120.98785396448466
1072.6822025860572,7.346196304096395,71.53381845896936,120.11788236159362
1076.4978299777013,6.571075723264414,70.91125498656388,119.10615805771192
1080.7006920178878,5.713582050141206,70.80649907635707,118.38303982076742
1086.5521053556452,4.52604431989905,70.53666056765135,118.23354219355947
1094.8660414884832,11.72305115365112,70.29532013180919,117.71912142156314
1110.9576922220617,7.995461237559162,69.1553955872596,117.93649350304516
1127.9109155352864,15.202621452124056,68.35782805016566,118.29728808703793
1145.2480976897193,10.648928042706274,68.58628814315522,119.03190936479683
1078.8290865763393,6.434413229149619,68.44466559452471,118.56399208486668
1054.4755144010087,2.546425673901439,68.03550364025452,115.69358581718922
1064.9369714757754,2.3017758714680028,67.61328185827469,114.41997505599774
1076.3274558389658,2.371397202158164,67.00802571734305,113.62654578821025
1087.8759703149562,0.8674043877432638,67.24626669334063,112.33706561580104
1099.9868937660522,1.2547978232794819,67.6560707158316,111.4573284955335
1111.5225672874017,1.71836159061602,67.93788643863553,110.80731585882681
1122.2477380104197,1.7607716930314652,68.04186437431349,110.52929901457732
1132.89622895252,2.3010202301498026,67.59166898913587,110.6206683572718
1143.639301317043,2.5341020325288497,66.21318264632049,111.1866937640875
1154.1462972193863,3.2159828512848776,64.94033120723464,111.64547801261517
1164.3112011751475,3.6896098827937536,63.35097320110772,111.29435312859827
1172.5368542550561,4.187271019486737,62.33117796658312,110.71748088291655
1173.0179955577926,3.4759668251574567,62.71355075566464,110.54989158919443
1183.5780397532783,3.564334993967151,61.97331275226617,110.56614691062026
1185.0539560072316,2.9515971602424003,62.26353971358276,109.68586796419342
1195.7512381655376,3.7547281152766914,61.86173128686313,109.19342195778847
1199.2778065959717,3.127944541789958,61.74814673312402,107.8679314112805
1204.8660372366894,5.4230563802757175,61.866202015104285,105.2476359989269
1210.1765583636347,5.733257842950167,62.52094043900867,103.96816925750744
1209.905331352639,5.712421314472373,63.39681148918915,101.90825859520949
1211.8349755849833,3.991645999305618,63.092839234293265,99.87809711311624
1213.479250305319,3.5331345135176235,62.99272940124217,97.56172856133102
1215.2360626124484,3.3978359800585665,62.48315671073553,95.70073573872277
1216.9392236586914,2.384667185723565,61.663144289651484,93.29412426123066
1219.554975528557,3.1007150541651356,60.54034464003871,91.46177621192572
1220.0834045061224,2.5163219760056705,59.83824479853065,89.19224745354128
1221.3135351323183,1.4641674754109317,58.71853969085315,86.74976060969902
1221.415870457425,-0.38207091332886023,58.301257112057684,84.49082518625087
1213.999416230721,-1.042085357208876,62.05459574887596,81.29412758017546
1216.2502628991965,-2.2720786106366546,63.28464479397459,79.29992955486549
1217.5757375185801,-3.050438033949156,63.8923093800516,77.61269350456361
1218.3190345278638,-0.8511798493234153,63.87359775627522,76.56833815940576
1218.6328236100512,-4.425315551150803,63.515464683386035,73.70514830512596
1215.9238499223975,-3.3762441714190814,64.5455694035117,71.21279329972135
1210.381854785827,-8.098888651665789,65.26977936506813,70.34832121285149
1210.6197013518463,-5.336964295767032,65.9287614973882,69.85761745192067
1205.5121283408998,-6.516712480854331,66.5990113934879,69.24817356406915
1208.4533862750047,-3.0217521116092314,67.46960021201495,68.63869782908847
1209.7560928641844,-7.05427550265798,68.53343108463504,67.60558386747259
1205.0731404612293,-5.093353822535995,70.33531573368525,66.09112752543236
1194.1932231627663,-4.098650796321088,73.66217265421926,63.959257729315866
1199.5570328903761,-2.019691150043137,76.1362171699469,62.16355896250154
1198.476728606305,-4.76672376629562,77.42010876669207,60.779264877226964
1161.780125705491,-6.0113630746806415,78.11758245162083,59.05111671711102
1132.6954322664128,-2.366500525221376,80.10578265375165,57.210622289121446
1137.0282772981168,-1.2892065123081906,81.16393139649598,55.9880077206315
1142.6425166550753,-6.178794731721702,84.31229613503292,52.700979134739285
1141.571682413796,-3.9576297271958794,86.87691780601077,49.59988655149178
1138.8975521695156,-1.9851277664942586,88.57233791867111,47.556308587768285
1134.5286680472468,0.6363432143242775,89.54910982150338,46.60242769561974
1130.8295689111499,3.3802064827807854,89.41908219495447,46.87593830317694
1092.1382608368574,10.009747871913355,84.4118362829926,51.98027791871063
1093.549206658258,6.628715397171426,79.85442999938334,56.13862148796072
1103.2192383058666,3.034935448799562,77.97491891974245,58.000469657562114
1102.5014978638762,2.7397207729220767,75.33297909220552,59.33212776860587
1103.5212800284344,5.627002508782816,72.14333885061376,61.42574504868493
1082.9560107269583,12.457198690361594,64.55212528681777,66.44051786191898
1083.9397112310673,20.001619795476884,59.71143993869487,70.8600641709755
1084.5532137102623,23.057400157845017,55.898610967548784,75.40509581531883
1084.1222541399422,30.734869436609358,51.737581843113404,79.72847337412315
1085.380154538167,36.37998642319328,48.58787891415257,82.71056682405101
1085.458044723897,40.43957302000137,46.355294143202244,85.0254270242947
1085.7153765987036,48.619165758610514,44.18424592551035,87.4227341618225
1094.8335413495515,118.36229497918782,41.88800755693234,88.7788371708632
1094.861065576866,123.84761756626864,40.38201253286071,88.13858197320303
1087.2884466013104,127.73187681177691,39.65030308101787,87.45378130521506
1088.190713273125,131.4850363469146,38.3042410654085,86.15767160459909
1082.0774618169398,132.59423204949476,38.13595142101635,85.91479759159726
1086.3162639664818,130.7990349962983,37.550567619063926,84.65384806624583
1078.754753730678,133.256863742436,36.33560591293679,83.82568876198926
1077.1799402910792,143.1233759944661,35.34417530083209,82.54663230602472
1076.4026937849217,151.29439219957686,34.85110714447627,80.98812631639646
1075.9999988742045,152.2637735046863,34.1561994195238,79.69889542824636
1074.6682496513747,155.07553128995346,33.734200962717644,78.63306427925139
1073.9142281078696,158.08168963706544,33.44717292469734,78.08996393176811
1072.6905562186855,162.0164617582913,33.02380847590817,77.42559270491088
1073.1252229531797,162.74950472383043,32.87736127124378,77.3876291750701
1079.9468415936844,159.75587174465565,33.77876834600837,77.57840494100633
1078.4544236387628,160.24305077943376,34.632124515708895,76.36580355980651
1069.3760368703793,162.1241868531046,36.97775513102816,76.19407110629726
1061.5635446857966,164.95954489478964,37.47976987281302,76.79605056430897
1059.5694560042095,168.26005859092962,36.57792734234076,78.70850812686302
1060.0788070005901,170.98007563833153,36.3716466714487,79.95414059318594
1060.155775223592,172.99773352147767,36.255989479434454,81.2032672516678
1060.1563081400768,174.315824838874,36.284623784139455,82.09833485529374
1059.7882546262067,175.94375160905284,36.64584385208833,82.4332973359016
1058.7858670723706,176.21351231881866,36.83669500479729,82.89635572460513
1057.6802701564686,176.32783507680614,36.99664314720876,82.96863501641714
1056.0904248861962,178.92210929222364,36.56209494874011,83.74418456226667
1055.012760778208,178.65666279968866,36.20763536678832,83.51947906186686
1052.372268424414,180.7132212383203,35.74211099921207,83.99040997894559
1050.258699073973,182.46562946681087,35.29425999977637,83.81103178299655
1048.0075455321103,181.08084039754252,34.95336353888532,83.75142372043769
1045.4209739445514,182.69726898009424,34.66990461744527,83.35517615730875
1042.6350380090037,183.95425155363617,34.45294191670229,83.48362295747522
1040.404273666908,186.08960658114103,34.39026253204591,83.15606342279024
1038.584089235443,186.1741061418348,34.15035376130922,83.79386019650228
1038.699847359946,188.2461089910072,34.554145658779746,83.00432189012531
1038.3949241834098,188.68297907007113,35.00516919226189,82.28956622918697
1038.552590301007,189.53253020574815,35.53191707333921,81.85773166184293
1039.0206578360855,192.73271134646762,35.53458126522899,83.38552861731192
1039.5299368697922,192.1581875720231,35.83872465197815,84.6715116684917
1040.0668570906978,194.67061741005062,36.034572935638764,85.85364271127818
1039.9932896480511,195.0497518278649,35.99105728332176,86.96962452605553
1041.2123455222215,197.75465790768368,36.05042759636737,88.46632319634352
1041.0245100052625,199.2591328508704,36.32315112695677,89.35392134273069
1041.5679892952344,201.37166589856554,36.434307418992134,90.46152688964389
1040.8981204424092,203.6873647287826,36.28916181623154,91.88681706108844
1039.9542192853273,205.7688458135774,36.166206922525,93.43197619124251
1039.4390862167884,207.54064601543405,36.083912906595245,94.66135123232289
1039.4878331560442,210.1955037647913,35.94619266916354,96.03354052639399
1039.4773309027928,211.86346057572314,35.813355650349706,97.52899058250888
1039.659447938978,213.57458371745923,35.72333435559385,99.13682890902204
1039.7835548675657,215.48167843027605,35.9909808771609,100.37729932683321
1040.51753589187,216.42986422716098,35.79756974331684,102.92370822775331
1041.2376493485585,218.26299604362356,35.961364259955225,105.34646913859038
1042.0892295318386,219.28136263393708,36.21002581665097,107.86193865953189
1042.6916726197921,218.71208046173507,36.5390635051085,110.7780396345664
1043.4624433358397,217.91568570025873,37.01147480509982,113.28196226804229
1044.034118435424,217.79174981566453,38.013107659138534,115.02649212400746
1044.9835051059315,215.88479724615135,38.347041818581275,116.93515863464637
1044.8129708834183,214.05074113505924,39.03985911752923,118.5827370567055
1045.6359657847897,212.40723782370563,39.4021226507393,120.39564356649765
1046.1489283407047,211.07929773691995,40.13470908218332,121.72088831164032
1045.7285570517959,209.31712469658817,40.82923639997216,122.84504499258466
1047.0211391927508,207.8304801972908,41.255184092778705,123.4482745009756
1047.9077567621894,206.9586801696829,41.14593432549118,124.48122953618326
1048.7905422418808,204.81895070418915,41.17483415315645,125.51970092787943
1049.903305134791,203.27423373135727,41.20687386568785,126.19126864353217
1051.0850450675418,202.25881518971562,41.02740116800257,126.95225988350032
1052.0144546364183,201.26377568306748,41.194779702139996,127.25474674801578
1051.8021224938375,199.2166292470595,41.20041498988017,127.98663598882143
1051.9745123712128,199.84918130990482,41.353037068663774,128.23570811263488
1050.7903257576493,198.27618221692137,41.776569506949606,128.7729163777949
1049.7143817962526,197.66195115882138,42.37766425881397,129.14730121442716
1047.8751360191668,197.50135580247752,42.713760030515026,129.57977610113994
1046.7800179160035,196.54042852380343,42.98143745235645,129.9851516431378
1044.4971541159691,195.89780937581088,43.47911037636967,130.56436201410838
1044.0485710179375,196.0379535266809,43.119170745101016,130.1149058212236
