444.5,170.5,178,246
447.4497837795576,167.83532838452766,173.03796593869512,247.9682957246123
449.38006305252895,170.43997488661552,169.54028350998198,249.20272592218828
450.0150441099742,169.72136947295002,167.2183217069429,248.64620608526604
452.1054983825067,174.92009462160433,165.0144952951711,250.85060057555506
451.8803528081887,179.1782437315644,163.0987328625692,251.1389488476393
452.74282880873113,175.82238557907684,161.90903718768303,250.22868067080293
456.9664392428444,177.0875001257293,157.90890503787082,247.80019227303416
458.4279517606923,176.8454043529283,155.98924075046608,247.02719657135984
461.0183667845112,178.4096890714284,153.66732412445904,244.7522520146735
460.9961724711462,179.01724023247309,150.883114728728,246.41442468266592
461.34403711245363,178.82343476879805,149.23010665802354,247.91336230450452
462.1251438312768,178.27101732408167,147.99051849980373,248.03128714879034
456.73543413299774,174.08503350622706,149.77062358819538,247.86053685084477
465.0774880205887,164.42413976535133,147.52738800539618,247.8072404092564
459.4632409489268,167.7358689235332,147.98964202878602,246.63509082015707
447.24280543405007,184.54634667396869,148.22892156684026,246.5584773603017
452.9988619436023,178.01311582076158,148.33785461401985,246.41537199670856
456.4450416044206,171.85295610606187,148.33071963472946,246.3070224502779
444.36847390539657,178.93808161810466,151.61065938458418,246.77269767283545
449.9069817672224,180.33329779886023,153.104319510847,247.8941462813255
452.4100296587716,179.57864131837917,152.9043927607993,248.8131395491991
440.51192845226296,181.53213600472094,156.46818665025694,250.25074608563423
432.9955996283632,181.71588852536104,160.45806246822244,251.17403839714484
436.18417873274853,180.58191851038154,162.71911360240838,249.69678899877437
430.62118541052934,184.81728050572983,163.5397709240318,250.59289964858073
429.4529884150887,182.35275144766,164.52073764974577,251.53962458143178
420.9537393044244,176.88741712830344,163.7483790137747,253.3503486476962
421.8222093733002,175.24947591576455,162.2795252796314,254.8669373973513
421.96371105330263,175.27969396510323,161.82640768553665,255.6257452066024
395.6408778758523,169.63144453527755,164.78956366446067,259.25052451516734
395.4125747588744,167.35354444074608,167.96497187366674,262.6130772667532
391.8382232171866,165.3166670736979,171.43958886313982,264.7664416333416
354.40503258892545,177.69059704730603,171.81634609622458,267.0176489926439
359.40992148664805,162.5649050462751,173.1086932778912,268.00030855317743
353.51999777598536,180.96009738239414,172.92267556402376,270.2765017923163
268.89739474109115,174.44898709196534,173.7168776054919,266.5257731544239
288.7329512240546,88.50509400634019,174.8852192904438,268.8459476313383
285.2269683964448,85.28817710402541,175.89759693296807,271.27771530056134
274.2160746515769,41.40911942674117,173.14714855234266,265.0683166170439
269.8031996172797,55.48257154934032,171.6191607898213,262.0267533294872
266.43820039589264,44.14969333761513,170.89085721156877,260.5633803431475
269.4869495643115,68.383946279107,170.84893567603112,260.57796772188254
265.93657527279095,85.23870250608559,170.83357155002682,260.5818379888726
261.91242285985464,98.6578190946282,170.8250030543662,260.5823842612503
258.7264316363819,109.20635142476951,170.803051728271,260.58935021009853
252.0289598957287,125.52897675612778,170.79062178123266,260.59482968043864
248.26303084808288,144.41100692578502,170.78502956295614,260.59755782379017
248.80247699106275,163.3489415556369,170.7744000924719,260.6061947896723
243.01850774771134,184.90136562636167,170.76449014472644,260.6111908559865
237.3425272425885,196.56171330415816,170.72734535815817,260.6308122728544
230.60083151393113,202.15656472248264,170.62716156675464,260.68812538926943
225.17623016555746,202.16079740637963,170.40655625721533,260.7941134266173
223.91447899145274,202.86534861623218,170.22578609680357,260.8944615617599
201.67463949734582,209.2631366084348,170.1084878511307,260.98496345821405
205.05578127578346,211.66587709171668,169.9317484035999,261.11944011036366
207.73889524370833,208.24702657652242,169.72518366812858,261.28815625076805
208.68510066940016,206.70508076294723,169.5346922531997,261.4023959404337
208.68718730826095,206.22472193067392,169.35591512582872,261.5253861774977
209.39710999579682,206.58305806925523,169.13608970639197,261.662151681669
215.1478814592211,207.64199440756818,168.9278626669946,261.74259271811684
217.56640524578245,208.13622215226937,168.77063038623032,261.78513522027635
220.09124480296717,209.22656320920063,168.5143372543743,261.8404312329397
223.92936789193647,208.12744594083796,168.3076521764418,261.8623988610194
226.9694920075052,206.57002783165908,168.12818986830848,261.9127783780985
228.112518508415,205.2048139029312,167.97561431590597,261.96397053876166
228.0207085876405,206.07411983122714,167.8646704169631,262.00089998771176
228.60885893297908,205.34351411326648,167.6676826230145,262.06818516077755
228.34513265068117,206.3275871158702,167.55956698606843,262.10310879477606
228.90441623550856,208.2898509283522,167.36847324227884,262.16326325294193
230.0344627705207,209.48188893525324,167.20084938764765,262.214410580128
231.15681047762655,209.4809157392226,166.90837095627737,262.2856279331759
214.7079904749297,211.40804422520222,166.58533835424925,262.3485369558608
220.37928564393974,211.9967238157891,166.35035108934926,262.3780433237746
223.65748862153873,210.21078908602152,165.99720889376434,262.4214298693388
226.34646234708345,209.8095074569598,165.86731260920928,262.45756304752524
227.99418683442198,209.16143600505433,165.7337784599717,262.4900662628444
210.57561783653082,212.91487819214078,165.56488541937705,262.5028042145687
218.6044127346216,209.64156461990459,165.1946458963278,262.58534101175104
224.53014618833038,209.71853745631563,164.91962647578768,262.623774455941
226.26355468573016,211.1085653215363,164.65641012605346,262.65958400374365
228.9826499591652,212.249675668397,164.4456198820703,262.6738155938815
211.08090836910657,214.3477028534746,164.22878979924818,262.66944213192943
217.74362549164005,212.30163474826352,163.9286984954654,262.6752174109551
220.87603283237564,212.86262948479248,163.76921189703253,262.69252780743454
223.27318764256756,213.8237875220819,163.5434027954475,262.7056435708913
225.8389122536966,213.6329352730997,163.29086316104954,262.70696398129314
228.35247353295009,211.50068380237576,163.1273303661839,262.7175163268853
230.79709677064756,210.57938377803754,162.91233926188272,262.7937914978228
232.18757530858966,208.0825890667364,162.76439161974483,262.83654903031885
232.1813165131254,207.97990334523485,162.6451163524304,262.876877625927
232.954804602072,208.15879313784734,162.51236432233384,262.9240242811462
232.97783953177404,208.49287694444544,162.36513082231141,262.97072908778415
233.95294519220886,208.76528707192554,162.20491242994672,263.01632246283265
214.71080244653916,213.780717859785,162.06663932753608,263.0242554046308
221.76269535760264,208.41149120081303,161.8032522938613,263.0859699835611
226.3652143969186,210.9730501769883,161.54930598158683,263.12851050517907
230.10459762210948,211.42529116174984,161.3179307551125,263.16577941971207
231.19944313385818,209.84291723852712,161.1829467819386,263.1866066061386
234.0302618285182,208.18802580773385,161.07108213202895,263.21437342883047
234.7092118453375,209.73130439324967,160.93184960556198,263.24333196672217
234.57030113668617,207.75450040454405,160.7818856262887,263.2894477833363
235.62074664117563,208.28730596136236,160.6205097311404,263.32487929798793
220.4794965155662,212.3832946876094,160.3603769257186,263.33338802866035
226.65023307900657,208.20916884946968,160.06230265595454,263.3831024506063
231.89011278816503,209.87181188128912,159.8500736789218,263.4374393232162
234.0125917310499,207.49705827722215,159.70588769714377,263.4798642597742
236.17839011535278,208.48435710116848,159.58179901569622,263.5121485641673
219.7611066949379,213.23622362109396,159.43011784016858,263.49283534700925
227.01198132860742,209.65687075102153,159.1877489134057,263.53853401852007
230.57422654016142,210.54701236468514,158.99760468933334,263.56327934897024
233.07540626987048,209.67913415038242,158.85632206173287,263.60442661238403
234.38158696827747,209.55877998743497,158.7084949476032,263.65407895497395
234.98245029813506,209.3429337329903,158.5802411453633,263.68914484237854
235.50493155420327,209.0474027769936,158.44839616118858,263.7244040514682
219.2500173262909,212.2475861491626,158.2959397659391,263.70665287338386
226.74295356609764,210.84343052224037,158.06199466211913,263.7220022913671
233.05643908509148,210.87375960421133,157.65082581681943,263.7204723522749
235.87853755426516,208.66229073162964,157.45960224425576,263.7704156745257
236.7159764948762,207.66788907348027,157.33937443131674,263.7998916506984
237.8495237547641,208.694727781223,157.23315594723127,263.8191450480486
238.6832906724801,208.03818038013577,157.09463622236447,263.84967234915496
239.4455415330234,211.00991224992595,157.05250297051614,263.8524123182233
240.11804080136415,211.52287070818016,156.9861851160169,263.8654799388395
239.87659549856065,212.66820271352043,156.85510144841913,263.885772883115
240.41662485504753,213.34036363028557,156.7083291042923,263.9189650542921
240.77886894485806,213.65105856575641,156.5650623859673,263.9528868274277
240.3988239157548,213.68080675312075,156.4093094342251,263.9887200055879
242.38973341117457,214.30585242509198,156.26128360668505,264.01488140822744
241.94805632502016,213.72488343894298,156.15423037171016,264.0365288817919
242.77518723638988,213.3101669920098,156.05861034031437,264.0550128077246
242.76435824586855,215.02770852504307,155.9247184971192,264.07452936056984
242.972721583954,210.7024580082786,155.75115017630358,264.10406157543423
243.1270547859043,213.71548757638587,155.64991486526128,264.12558506556246
242.50492544143162,214.74886898069607,155.5488336599119,264.1469555920556
242.86484348430002,213.3969037464255,155.46513225826092,264.15727801501873
241.98242049759017,214.59260105822614,155.35049071718478,264.1777240686788
243.96230633895044,212.54707251298828,155.2271066687416,264.1907806136528
243.3913228887612,212.72753102559747,155.0895104997765,264.21349532447454
242.6923677793225,214.05048322410948,154.95841948269202,264.2344941848205
243.26940650502576,215.54977598099626,154.876640796468,264.2477025228994
242.6945108718542,212.44987668571946,154.76259031457352,264.2674130702401
241.78787613133707,211.79740516014334,154.59005666831894,264.30480744108684
242.3109020026034,214.64391183245212,154.46399397522094,264.32372007989824
243.60674863914238,214.46516784572236,154.30356391053226,264.3450093061997
243.11914830356534,213.67236038520753,154.18116865158686,264.36250112504126
243.49266921626884,216.0672709942696,154.03080901707494,264.3793553410297
241.62686005244834,214.15059389609536,153.8666312841538,264.4002956064852
242.57809488834877,214.99393710236092,153.6400016325327,264.4356513969036
242.65657779730293,212.15126129780927,153.45498718009526,264.45509514620466
243.27826711750342,213.40220623502915,153.2982313738999,264.47070948700537
242.90863506042862,215.37502371528194,153.13043087136936,264.4892394988051
242.93312951514443,213.831902421937,152.85118036788066,264.5086090119171
242.53318708646833,215.83460820614908,152.64383458577515,264.52802873850635
243.71112080527942,214.74929543330592,152.39024418863454,264.53597485037005
244.24120717096582,212.54759746038266,152.22396714293447,264.54809443665846
244.1621827003911,214.8273488342155,152.0216324840874,264.5743837536595
244.10375382408057,215.4338903004944,151.84898719877893,264.60008275011785
244.03274683114287,215.72500968249588,151.73173629827505,264.6075120216221
244.51450144510665,214.12172687971204,151.55139169074698,264.607431423195
244.129305583756,214.6110239615262,151.39872389034264,264.61540946558705
244.2426912200338,215.50997492979988,151.2607628828513,264.63158013798744
245.03650257313456,213.76206512606757,151.1600408638675,264.6343277125236
244.02794341128094,214.95772551036433,150.93862235285795,264.64614176677554
244.95377527411125,217.89129809515993,150.71017406413273,264.6818534239666
245.07121434675014,215.92518876880695,150.60161799457953,264.69871806322953
244.7865000010516,214.5676303261099,150.44694728831735,264.7106222105865
244.88560744762694,216.52879928897147,150.3278563988154,264.7159554789399
244.1289704976875,215.94386443875365,150.14434902103773,264.722362302102
245.61129996441508,216.20555645993474,149.97485038116167,264.71814133184904
243.5263345045165,214.51204777532027,149.7928721403448,264.7220002557197
243.508559622747,215.86295144490214,149.37188581947035,264.78549438254413
243.82747456706633,216.91349959927365,149.21902071879168,264.78837313140303
244.10684518065537,215.94482987974567,148.8253333360655,264.7649368374649
245.29896441032082,216.63162791571628,148.60167098185238,264.7557503314493
245.74851858634622,215.7257509763511,148.22618746720016,264.7663902470525
245.4204311879098,216.85850914361438,148.07320644227275,264.7746847760208
245.74073286334055,215.55921297961333,147.68488225381813,264.7774135233192
246.81971710063019,216.22880596330484,147.53693856523438,264.773742578214
245.70523109583672,213.65461250228472,147.3537756890333,264.79089914594516
246.7630946291751,214.35065057725737,147.004130789982,264.80394026933055
246.82748568375047,214.1746727765815,146.77686292044055,264.8187624630895
246.68504878107413,214.33077922860332,146.5445646276334,264.8293688515912
246.98047634550483,215.01334767168478,146.3242517567962,264.83627271402446
247.34736362446307,215.66407226614223,146.1076197331357,264.8412244202283
246.63790611373742,216.9852247356201,145.89206214602078,264.86698240661127
246.5708466125889,215.92449792429505,145.5249404776368,264.9049466112316
248.25298232424544,217.70812695116237,145.24431868963865,264.9042371433887
246.180113063422,213.6816740438343,145.03186381376355,264.9126559585331
245.92704782342608,215.5887315372925,144.70837554175267,264.91818375382803
246.57779547794712,216.09436153317583,144.41437933148836,264.8930143625519
246.65267065909205,216.92806976722264,143.85478442168838,264.88078860071136
246.99258528833184,217.24097988822604,143.36332226177868,264.8679452077837
246.92996896949234,217.1634509180337,142.6635776803529,264.82599437448386
247.8094147301233,216.55492596789546,142.33361989875314,264.7985313591491
248.63849512218962,216.84470369069507,142.00025054604748,264.7567839741959
246.8834198467701,219.4801830962024,141.5233214765252,264.6871009886817
246.8403155859557,217.92586981803404,141.02474727854192,264.60017328857924
247.4454653967386,218.25040602269996,140.6586336649526,264.51499842935345
249.53780180008746,219.13108823317057,140.39877842035816,264.47824088001715
248.82053605722257,218.96425939643566,140.15670456226928,264.4677580536567
249.12030107342363,219.01860001519233,139.8826618157196,264.4350803005713
247.70339931871692,219.1110240625716,139.56124743916195,264.3538054685043
249.31077723067258,220.2104929207855,139.36237720675757,264.27407251167426
248.4458976490562,219.9113303427347,138.980695711421,264.1774675315721
248.30903906473606,218.01408120093552,138.50558446895897,264.0450284734804
249.71808959102214,217.2785454795549,138.2167559726918,263.9273310764055
250.5697249623521,216.47233440956458,137.93295065266216,263.85767676222355
248.8344472882259,219.09247218182313,137.73505349961755,263.837605571039
249.84635360445787,219.69466418546364,137.4668348822751,263.7573130697623
249.2786365953291,218.9890111491094,137.24805196728218,263.70623670667214
248.64530881331598,218.33334672625324,136.98296734270977,263.59761721292216
249.3069656224837,218.33220028772456,136.75347596520382,263.4751782810787
249.41796961366072,218.67960017918983,136.42102801176043,263.33416131884974
248.78338110207508,218.93914226681633,136.18077951403478,263.2018323120347
249.32787767475008,220.39209768138832,135.75188146431927,262.9625009678303
249.2157456478452,220.81829999047335,135.56796000630155,262.84011967414983
248.12153581234082,220.53262246942714,135.38024051333932,262.7287731881699
247.1639009632684,217.76253281206476,135.2984193949864,262.67391218154455
247.14276204740264,217.4531405271458,135.1693454660921,262.6127837670113
246.15491535531822,216.04980865936375,135.02114701981657,262.5503316731076
245.83303301398695,215.6403466578721,134.7826654466045,262.4487491391303
246.29451518104952,216.1867980565576,134.59306003209986,262.3501405083243
243.44812395004615,213.39971308993458,134.53496416006118,262.3131272750664
245.11686930173585,212.00900601894074,134.4810220502029,262.2858563527383
243.88822966952742,208.6013913852728,134.44772957733034,262.2624859382199
246.47526803973682,222.41055322475293,134.2833660098241,262.15981205479187
249.38329049730547,222.07311225293088,134.1096302835296,262.07238712940597
249.43148721519333,219.5450309209559,134.0052392464609,262.0047457009487
250.36453758891952,217.88746449017847,133.8026392848361,261.8736975036199
249.5290641153038,214.3735436824498,133.70867911040918,261.81289223034435
249.18259919259725,212.16177766601345,133.6587624668697,261.7681797106047
252.99571042710852,223.1982131123845,133.1031242950273,261.4068280591956
252.23053980131846,219.11123593990922,132.6279730978007,261.22199677487373
251.9453612687018,216.2349932597729,132.2066380968414,260.97312934812857
251.96668171335244,213.77993286641703,131.85319883074143,260.7700990613845
253.49417303725056,221.87604393008826,131.52044280266568,260.5582226600552
253.2117177852359,215.7028511722679,131.20280360357384,260.36024133914805
249.8762412137011,184.23120899156757,130.59678349911536,260.5027825975214
245.98438389025063,176.56101641572207,130.35690138240543,260.4099058778745
241.56657133591364,174.3705947246816,129.9321228579618,260.3370267829962
243.77093624027532,171.71366155009085,129.90532816886733,260.3278164071716
245.6139301758756,171.32697784086082,129.86796805569287,260.3152308999496
246.50939957034336,169.32397821359828,129.82016686479503,260.2958485893807
244.61384884414707,176.05507316646055,126.9333312863954,261.34263275897354
241.92583816487183,163.77828990527075,125.72925544645958,261.19001298679746
243.04308507401944,171.75501746417027,124.99740330602079,260.99937715915956
246.00569060668053,186.20888380165596,123.80533032511022,261.1078359667321
248.43837148538734,135.15460084892436,123.04234407505135,261.0848100753203
246.55733039784286,173.41942925255802,121.77087789503774,261.0844272548694
246.14661341870993,161.4573670066317,121.06956719769451,260.5694514812191
246.90300726036145,169.3877018474333,119.70798052414185,260.12400873595624
249.0631129101034,180.5644774897301,118.42074275256624,260.02530211689
252.07687254016105,184.93072058646,118.11247655565288,259.9649770257251
250.42353218745228,171.3035440500017,117.22195934694687,259.6483767295011
249.51259261103996,173.7176152814972,116.81561946748391,259.52779575943003
251.53487814128036,177.69080812635477,116.43327103082815,259.38323988462577
252.41734025663658,187.42254291372467,115.34277985265558,259.26653773542307
250.10716526676117,170.29052349564765,114.57508595194372,258.460119113081
252.87932910155388,175.84977018964605,113.83122291248523,258.18194917326537
254.66173731786319,187.01483310633685,112.97892302611602,258.1111769775791
253.47511273266747,171.5792209627235,111.86781150162223,257.2915538679552
253.38500651144017,138.9886486526888,111.59073949354584,256.1574671647824
254.01092907791207,168.6992669972692,109.5466110640169,255.24049149246733
252.60823500223293,159.05201835145596,109.0212516110051,254.5334991448116
250.59697142196478,149.36644139413013,109.05566679873257,251.5261301865384
252.8517989492222,157.8183420009724,108.37972265310749,250.03883001808092
254.15292151253706,168.69114002776706,107.56080629806894,249.0925560927875
253.66335404818733,158.17809358661958,107.02834669284812,247.9965729405366
253.99962241561408,153.49282246326223,106.60455122710626,246.84462373217315
253.30542924138157,163.576319120015,106.03436244606229,245.65328120602115
254.36313570231187,170.22967609835223,105.30866757992682,244.15182313923924
255.444618133691,160.81695211797103,104.43179380641718,242.12189581008465
256.7646581528393,171.38954753574384,103.84785895931333,240.94424190080855
256.59946091451854,160.86174047787455,103.15620043264354,238.6681833480901
256.9670057273343,172.70146283078583,101.88231533582065,236.7342010598701
256.28509712626504,162.36278497381542,100.88472096645647,234.5186067158275
256.6145824901042,175.4846116964245,99.63441380965895,233.87968769138573
256.701244435826,167.86368894514885,98.3218662234141,231.34856490170068
258.1601272815218,163.1673180729207,97.59531104036905,228.7576163843162
259.72282614849354,174.74224301235745,96.92354804534772,227.25456750031572
259.8097207415634,168.67486114273314,96.11810763650215,225.28031005273573
260.03172943592915,176.28965753547547,94.794469636103,223.74662009165291
259.8478512639319,168.3944346223838,93.78376426153834,221.66011279283623
261.67903813380974,175.70661325372436,92.40537852074502,219.55359591559213
259.8236651085903,168.28249805181346,91.69414562068337,217.4300054881151
262.19535752234106,175.64602718258956,90.93700952479497,215.40044364074748
261.0904449067362,170.1296810786563,90.25001659499398,213.5049971157039
263.7585881527539,175.27950633082716,89.71216436046599,211.8409590991551
263.58179692182966,170.9400446237248,88.71059469218744,210.21679241783983
265.2351209105224,173.77920670550657,88.05392201463708,207.59502114123916
265.70396120871817,177.5382283510888,87.14902875241951,204.96017658817283
264.66660763216726,173.01454905026446,85.95776257597737,204.8671314422629
265.17897118403346,176.10724942859463,85.27487800440284,203.07080882586138
265.6841461802858,178.2112390288142,84.72606024704376,200.8893298504894
266.23973461722414,177.36272305125044,83.98887170353123,199.886418501555
266.5518409001814,180.55065670710684,83.43537245650111,198.43410274929047
266.5149393175942,181.82649362516295,82.79345496814148,196.93500855452038
265.76257013881826,177.42148744147346,82.12698923557507,196.99773698635252
267.4698763694225,182.30236685620088,82.39362782340838,195.5942440336677
267.69529374886577,183.95720395987297,81.99368115957287,194.41173514385892
268.62799585142807,185.47512703503034,81.30860758856531,193.67054836968856
269.5233130709158,192.93572578336307,80.77127667742195,190.06316026785953
268.6114731386032,184.134366093107,80.60143246749277,190.35711614434337
269.3636019637903,188.95238378947604,79.95213734487042,189.4139489843323
269.3030482713858,186.3809002884272,79.33735565249277,189.68549703348813
270.5182342662388,194.12301053813292,78.81585340613404,187.33332227992628
271.4677914154092,198.37913594472153,78.723545552915,184.62675746375834
272.9153030345183,202.8849482868667,78.41803013291886,182.2636608785281
271.0352914487852,197.52055222075228,78.00732557458767,181.19232025929207
272.1903844473023,204.25135670663013,77.84396560637732,178.41379482177703
273.45203174987887,209.70109605294118,77.55743304803809,175.31421809143524
271.8260229165726,201.89749920900948,77.22325143105077,174.62553432263363
273.2390266567988,208.78426564102625,77.11751887583034,171.79976871629046
271.56659136638837,204.41485683499204,76.78370259942773,171.380021760793
273.4779515224518,211.5633533777226,76.89825292862773,169.21058166147688
272.3717076116018,204.47159266782413,76.53112181951111,169.6533670735834
273.3309697672658,211.9061819729633,76.55156950449046,167.90802593431334
272.67694994594814,207.3357916730723,76.28154732804919,168.4845403292614
273.7949360042706,214.26230947272592,76.52528483664841,166.47606535312306
273.0440484645972,208.74489597843237,76.40149319503267,166.466431091405
274.1550041008752,215.96261734433216,76.60346464533131,164.49196114555514
273.4770938780444,211.69841312916222,76.24005467755606,164.28492836800928
274.31266041787967,217.5280141048234,76.32063618509714,162.52309389410394
273.8229908671722,211.84887693575783,75.82001114943466,162.95626790569696
274.43593798931397,216.83022392179163,76.01964519303877,161.96118906119284
273.1562070834769,212.81969344593185,75.64066310555829,161.94021395639385
272.10371235271464,209.03554872691814,75.47436178796892,162.54630895167227
273.8412400133449,215.60713971188142,76.62168433917554,160.38247039605233
272.0381610777591,212.24704347597014,76.18027961116489,160.48612529692147
274.00960817003164,218.69725619396337,76.42334476576168,160.17656118143066
273.3184985265885,214.15062950098877,75.66388834196991,160.66255958538522
272.73327990270275,209.22630027587576,75.47889915903922,161.816369021329
274.67413828363146,219.5651645289267,75.65749037676557,160.95384895028576
273.96294917220564,213.02286784824744,75.43106774970263,161.2186552861926
275.0091672446599,218.62519893347405,75.52964899409147,160.43225273640584
274.3699900760125,214.03487894300474,75.17871382352047,160.79730948827952
275.59931792488885,220.31929310350992,75.1941732590533,159.74767958493277
274.6110799224613,215.03254234527046,74.9367108083268,159.46795348605525
273.67730645271075,211.84825004290659,74.7214876386512,160.04210688121879
274.8799654806443,220.58831594912976,74.78772791522735,159.0357986161357
274.66079985268976,215.0249025386393,74.47938493150096,158.95333111796376
273.3437967123516,211.01577656301552,74.30026274080276,159.68214005315912
274.3832232867602,219.44389551663187,74.74323347504222,159.20999447685904
274.3151808622464,214.80323489750725,74.5675863299177,159.77033697823083
272.92446908716863,211.55859025959032,74.34491265679142,160.19309745691504
275.3007070072935,217.47257196644142,74.67175629362293,160.16176680993647
274.07373275871663,213.6673235781874,74.53116467160557,160.5896983741948
273.28949398835647,208.3298345765679,74.2832437109297,161.7832911464157
274.5318946759436,217.87421418098512,74.51524111810404,161.11977531526676
273.79009874586023,213.5851073807401,74.54843238737415,161.76837532551633
272.58972974984175,209.6480083418129,74.56939676262043,162.590370224965
275.0461658832207,217.95542594417572,74.90744193055488,161.34691296518562
274.4196518532275,213.7869631897018,74.64564965324574,161.6629749411135
273.1287775351356,209.4860571911837,74.53460396646199,162.68162081571313
274.48524765172783,217.71297534518334,74.80386793211478,161.6978744201284
274.4736690529731,213.73524788440568,74.57244194967355,161.60212942865883
273.3365152459461,210.8129101871353,74.31032993367694,161.8294590132631
275.4609924019226,218.5539944700766,74.5158653296706,160.52265303435556
274.7818765748016,213.83244299781805,74.14327752018292,160.82971243028868
273.80392086425786,209.48002270407022,74.1135038311781,161.93707987325308
275.0980134065078,219.25449761200377,74.37511432658862,160.7155741339241
274.44371257927594,215.27631486238232,74.25881544928342,160.78999783781782
273.9896490239076,211.55635006492128,74.46119114095275,160.9782351376655
274.90764422410666,218.3990391838443,74.9774796883848,160.19723579081065
274.1403005539449,214.45234412230334,74.80629616193286,160.48347440556125
272.89346813171153,210.39383651296478,75.0761393663849,161.30209685156382
274.70539173496735,216.8042795795755,75.56297703154686,160.75416470546395
274.1070479163727,211.1916993247159,75.64260329216447,162.32888213809574
275.0814868287786,216.86232519917561,75.75619041982154,161.59283306404205
273.8153475166393,212.16114652151333,75.64567562712332,162.34028510015276
272.73285631355066,206.6906828925903,75.4721229628812,163.6564965529451
273.68008179647654,216.3727449999658,75.80260919757578,162.94754850091383
273.3026319050869,211.73338454326554,75.6385244479987,163.26797740686806
272.0624273964045,207.38744781258586,75.47806051004139,164.04760416412586
273.63221123732876,218.39559036122677,75.62014265614991,162.21699945624837
274.02584223999077,213.53768384696434,75.48878971225777,162.26918390658716
273.03517100104386,210.02927821179452,75.5719555200771,162.46504037727473
275.0221243045803,217.16124530668688,75.67267726612323,161.23160946050024
273.99625058166623,212.5004340203549,75.35813008953005,161.82275660744398
272.7332497437749,206.86196496601292,75.20850906366782,163.25959538141115
273.8698558017966,214.61256478006027,75.5144390412829,162.72276457350685
273.01329564695527,210.0499971379276,75.44049885177428,163.3553261196741
271.90705938997655,206.12698847173465,75.40526805190414,164.37727061423038
273.03175506859395,214.3986906985055,75.70665317629779,163.8425331528762
272.67019660988376,209.78992445243767,75.80948684767785,164.61355246904748
272.1134689237474,206.57364363785626,75.89306133864099,165.16550506271838
273.4276226922964,215.74495431609873,75.84111235829047,163.41837511553518
273.15002049650536,210.24978427576437,76.02391682368689,164.2021321731326
272.0341461025872,207.56481145277954,75.9161115400968,164.40750367283152
274.44182555343906,216.23045784467368,76.04784612517902,162.42811575812283
274.0918413052831,211.31502055736166,75.90465560154394,163.31682305064237
272.5152644049684,208.39700192822875,75.72948007745103,163.6768647682893
274.6133564928274,216.3735234214965,75.97355821939047,162.32279982435637
273.0630798969868,209.55494310601367,75.6178850621948,163.45215749206517
271.7826652299617,205.95060307847035,75.58364832568833,164.04651869949558
272.65621838699144,214.7961748924198,75.76567220820019,163.47348382098627
272.1734235556424,208.73437002750552,75.83385302785784,164.49331852640077
273.2215607311473,217.53744189637519,75.79547862878286,162.9576570426898
273.3467809521273,214.4556390197493,75.38251686922162,162.1184628081486
273.2134221624997,210.57388726331266,75.63366540326841,162.36425849631485
272.08320232341197,208.30066962324543,75.24314368236544,162.57045949681674
273.58688158251357,216.4955344464268,75.45500222615877,161.35926340453113
273.0040223574108,212.19010631177534,75.33916764635025,161.80921765051863
272.0740170551916,207.71980551405582,75.62125852918525,162.72944590153628
273.5486699090196,218.00163052559589,75.70963368586331,161.59971006302644
273.68434156899286,212.3722210161815,75.54392220912604,162.0070333390574
273.23824252785437,207.63558567492075,75.37471546714615,163.33380438778983
274.00686827165146,216.6098425466892,75.30353808862952,162.1716847635156
273.5281661791205,209.82247589725648,75.3400570088179,163.31722170465403
272.3495091134944,207.35138879399926,75.11628879601498,163.68972141928612
274.1566572892129,215.8397946489955,75.28697083431788,162.91487122662758
274.4338642893819,211.95230445492132,75.39423264479372,163.30242952996767
273.3136248972805,206.65125648537546,75.66271273743776,164.46761674713554
274.2104761168697,216.38407646501133,75.59785219908483,163.24574738722904
274.86012922832316,211.95615971937403,75.93688275386499,163.61273028493673
274.7895808332553,207.78373973042494,76.19410461355939,164.4056889495109
273.77334387896593,206.91461129668824,76.04481797259282,164.17110717677133
275.44748228404717,215.6038436601042,76.14823493569995,163.5850218292119
274.4636719978712,213.73072503190906,76.20778375168906,163.42304213232453
275.9665649965328,220.3735325280095,76.27779960373104,162.9002864846061
275.075484929933,215.67162403858913,76.2252731000059,162.92363700226517
274.1102638263968,211.81629914768365,76.37469979175086,163.17477502717915
275.3570986067871,218.78439313789107,76.40413799807533,162.73300232996743
275.4542372333524,215.40820278065684,76.34258346544863,162.66253281708
274.52060037772395,214.6763657880211,76.28502912418469,162.59264700315717
274.1186655698969,212.07451239241738,76.21059986116902,162.68059632900204
273.30025009661836,209.8459191760719,76.12359820045684,162.7436511012315
272.8705368514008,207.46361917668582,75.97567031219171,163.00316134017706
274.8287992841359,218.43312687044372,75.88091325372825,162.87329664846203
274.30799237997365,214.64733860069526,75.80444263135827,162.30326494973872
273.5865804475039,213.63619273913292,75.77943381178088,161.51603809719504
241.1214869619898,102.03675074324835,79.26265651889302,156.99241842685484
239.38357806478706,105.78562911213442,81.31073314336899,155.7592953446308
236.16568660251113,108.93369379601027,83.5986045193064,155.08868286835857
234.42523219146804,113.45724114628688,84.64567664286047,155.05068526710957
230.7779557616446,77.12723006290443,88.52359899599182,152.33177066629634
230.01085193517312,84.33408901255977,90.0608947229726,151.40562543696856
270.9541616604573,99.0372042412261,92.43285071185733,154.23843916908902
267.8367503102669,97.38732340147136,94.65915853110417,156.37441944410327
265.63167827552525,96.85157874698963,96.3777838170181,158.03880122104235
265.04967081560113,96.79749547655877,97.55737008616676,159.52464663305886
346.2609642624364,97.49661252157655,98.44742052159783,163.8171297633297
349.5833767104327,82.84523823195298,99.60577298232518,167.4671664742907
360.3459930880558,31.02590975645424,96.5217557422156,165.88180914306162
359.16679475761816,17.990529267045588,92.2379085409388,165.8269006425088
359.28113160099446,18.55627640821804,89.60290331503225,164.66632176524362
360.7089078022698,16.16826025133051,88.05471203842758,162.617657061349
360.92774242991106,11.063218840944074,87.35547700846581,158.66965882743438
361.420388888459,23.75482300503623,85.26364710692637,158.25839149351276
362.20555100783486,12.668677389158248,84.6881791661445,153.49106175358904
361.57642183506624,14.921348403470915,84.22450748467357,149.55709348566393
361.9909936156423,16.55551557039459,83.35825336387921,146.98669592511675
363.2777661248053,18.47577265778024,82.60737248720818,144.30622129445098
365.60288122136706,33.123098853965644,80.29947489563183,143.58418929392587
367.0243292256592,34.5975511451545,78.34283623749243,142.6600521103824
368.48934204285496,35.61329096931311,76.64238230319695,141.4183659534287
369.2851873184305,38.60995317941655,75.17026119521226,139.40360221933327
371.220122905468,41.07250268050768,73.31392265968705,137.60012458746655
368.8368603596907,32.12944560213049,72.8612976848658,136.151106145344
369.5420522766583,35.26246732450031,72.10930401530591,134.9016261161317
371.08706707573145,39.108857179731075,70.88469189762841,133.6145633017273
373.5571274996551,41.939383656330435,69.54929092702413,132.61806017610425
375.24143068423285,44.49435385509835,68.45789741606872,133.95259447568145
373.9029383691075,37.25254106515908,68.22720415744918,133.19933021638764
375.31242224617944,40.13478209131665,67.32783390982841,133.11752400254295
376.7470960409391,42.9077400187434,66.53165388279392,133.18756969935572
