238.5,89.5,84,114
243.58538551276246,80.89584702256644,84.95270404924318,114.21892225735733
249.52132474285966,66.45559760217192,86.69239690099943,115.76862199536319
251.82101255140554,46.167693928368735,86.97314919070699,116.46279176972737
254.88792761966394,30.99334216488512,86.80870134026198,119.33371972296413
257.6752589142073,16.405979352667735,88.1137451339267,120.22990568980613
261.38562777308067,1.6126778862960123,89.08465284769851,121.38272223033766
265.088729491442,-6.374343338559363,87.42146946865415,120.65670097460408
268.3944027173935,-7.1324137959528,86.42193894616389,117.08702550602914
273.3192128434498,-7.110488405230939,85.91072048848496,113.29380248070419
277.5105482159398,-6.373748881262877,85.43332222733056,110.11554738410778
282.29502067387835,-6.5756967455965025,84.46505384801355,106.60550983564491
288.88365389440304,-6.859979062255341,83.1645946197938,103.40097480808917
294.5934482994711,-6.044208952397241,81.887488567226,101.09795357507494
299.4762684192989,-5.857961586092955,80.53876994317098,100.15114436740686
304.58962833930286,-6.962392775334578,86.01981282136381,94.31700652463766
307.9987531484869,-6.610210782088458,88.33036168779792,90.05154777725065
310.98642559246684,-4.953196519794076,89.51119336691563,86.1031367663185
313.5529476590651,-4.112158231967982,89.96422787751797,82.9779325585252
316.40955145927796,-3.7142102782160578,89.73635515029167,80.56971908891808
318.9472792904205,-3.7503324364933164,89.51982149270633,78.49228755937274
320.2498657231466,-3.7649390706540586,89.37623867890514,76.48185277166395
322.8039404900925,-3.810371278006059,89.47051176387939,74.63912224427506
324.8259970345418,-2.3310341368266094,88.98598901464145,73.07961228095455
328.7754810620705,-0.5067244413886272,88.41871460887592,72.03187923498825
332.5329039614604,2.2825527427485497,88.08642496243985,73.07135398429813
338.98118219771044,6.220340037899021,89.04893926783294,73.94786794075011
344.57136032827475,18.14676250859828,88.64967469676773,77.19134410530863
347.31977965130244,30.460605638776755,88.53371020766431,77.98404511301808
349.4026017732976,42.99064382577789,88.81072152702845,78.79814476440644
351.3535854814492,49.93696548465205,88.64437460938248,79.8859339570341
351.36060082133815,54.57339826317083,88.45395751364615,82.01032334384419
352.63782213486405,56.89358288347633,87.97181579754411,84.58294581771074
354.021901208646,56.739228972436315,87.9612603416306,85.24837051105236
355.40724420095034,58.69975824525463,88.13676519106727,85.9918904032209
358.58192418144733,63.80350133530571,88.40911505368166,86.99265617624374
359.7113798624415,64.28287332717372,87.53347490903954,87.89261211030099
359.955874080439,67.63312291894543,87.38488988085672,88.77834082058692
360.30302672858954,67.06533300561244,87.85460106976984,87.68602252637278
359.4770588417409,72.21007093794685,87.69996810166872,88.44178229555405
359.26596409135976,77.03360812182332,87.60808506500885,89.34813848505209
360.7459407026427,78.58990172130162,87.38158750040186,89.71626775299919
361.0547580872634,85.18908308915951,87.67421054747518,90.90760781421943
360.7316214109437,89.53132961151476,87.7422784338442,92.2102783132101
358.84053648819247,94.54712184081659,88.79280674835609,92.00044640282422
357.78378634134305,100.38964647321458,89.91403043311095,92.9927109426547
356.5982247966743,105.28870177187224,90.93344856734743,92.90086102649173
355.37511097406224,114.52755212068206,90.76955758502336,93.18426300526369
354.38008637533324,121.56712118176264,90.32313102869722,94.40532534544381
353.0229511561388,129.41673443243812,89.18649175715561,96.82054739145616
351.7006146015059,140.42978047663453,89.90321496102592,96.78805614840024
350.12470841777014,151.11401568113587,90.44246538735058,97.08214715602358
345.59549486594585,160.6621825440732,91.98176083053772,96.3104231866186
334.8747202420825,170.96078870371588,92.64934233534446,95.56143550722585
335.7919036597625,182.10684781484503,92.40404820429963,95.54832805767265
334.00712956855745,190.54062321355195,92.87535768012101,95.71710271497071
328.626025881145,208.86399790693983,92.35435811524874,96.59703713556799
320.9386128781978,215.78213500806243,91.72156426335502,98.60784221036133
317.2412399630757,220.58130264659485,90.50267121573057,101.24010442932925
314.3568170459909,223.6964443508826,89.47054887973408,103.98361500421319
311.49892144591627,228.05135165178248,89.5262048107183,105.63375714374645
308.7623077663524,231.15316135115506,90.31146916096544,106.11411868677376
308.0893064117616,233.8795306676438,91.17092642661225,106.8677356255431
305.4535187884581,235.67258315262447,91.39883864831688,107.2578822577546
305.30159023712764,233.6551697713677,91.22355925419551,108.58193793643636
304.24183056568927,233.11958426392766,91.55149577427255,109.26928639100603
303.31672128351437,230.91885502358957,91.81993795808339,109.86441872078811
301.97455829182127,227.70084678044876,92.16571385067977,110.37279715317567
301.82920434956793,225.2417810571971,92.71134096612444,109.42483877881718
302.6878692178665,220.5938758357293,92.6363076629761,108.68619869074692
302.3603027951959,216.44367754631568,91.97066714520392,107.75408470286271
302.9177899977141,212.68851992495922,91.31020927020434,106.86515563710392
302.1366597974923,209.9081339030162,91.03739274250924,105.61929659273318
301.2377127412308,209.10458325066736,90.65011358194575,104.33655538720743
302.0994259517209,208.45814930984417,90.25588611745509,103.2067703090302
301.4190045927177,208.09315074410162,90.35751157319342,101.69611559458333
300.1346471131091,209.6917000015922,90.1292709469309,100.91137321783151
299.22202519729376,210.93351085441248,89.5752249130678,99.867574782035
297.2621315833146,211.56136138818232,88.89529643133977,99.08390655951563
295.69606340814374,212.26876702831962,88.51946054123357,98.20857018377825
295.2292392927474,212.16367899341878,88.26833747266403,96.95419480475792
296.1292008619326,212.61517392080435,88.39559581660872,95.34252539314011
297.4704560521336,214.94311541541947,88.99558403430548,93.25870298893187
298.49153750655915,214.9957837750681,89.39937330250213,90.11754864649615
302.22524145991207,214.92230836724877,88.56968455015421,87.67478064347027
303.86316922761137,215.7852415382057,87.28764217183722,85.67931733743558
305.7844715058449,216.57263463765713,85.25604296929774,85.17090448676882
307.50222944058345,220.34537436894158,82.99417831823496,86.53779665963688
309.4052557026132,223.7641699550492,82.30274099612558,87.46339528005471
305.2047729771817,223.92709876056463,82.81822032104257,91.3918325413078
303.6172529535197,221.68489461249186,82.8947980251505,95.53841759550423
303.4869975978081,220.16720326323153,83.08639701278112,99.70241758070706
303.4187345597322,220.16204026217383,83.72290958848102,101.95288425932083
302.05113712475674,216.1068138209812,84.92191478310077,101.5303705279366
308.2711436204772,217.69537134939122,82.0614449053684,102.42094775093221
309.96331030530473,222.1135787902608,83.16530123297893,102.43003000054075
310.0131032204906,219.6701050752697,83.66487589502727,105.06052129381942
310.0683606732313,218.17026615786318,84.43621236464887,106.20020519400114
309.50464644913745,217.99588530278317,85.52885654424887,106.2099616425015
308.5799515674738,216.2305028270518,86.48800379058167,107.33812511348027
307.6791223287999,213.64945299997794,86.75816025949135,108.0493046626475
307.07993598778756,208.46810696255102,86.70206724232014,109.31673707105847
308.0605450902424,204.0353067624559,86.03636827016038,110.04611272454466
310.05731461762184,199.91096395011633,85.06929081665882,110.21268412955823
316.7113292371469,198.8125085575693,83.93688642502086,109.57157458994524
305.4803286788185,188.46938231846855,82.11625662126744,108.69738509732156
307.37160720228434,184.20501478777712,80.64351665006514,108.39680020478596
306.10254533412996,183.69557027943537,80.62651777246705,109.48730245128064
305.7765700123816,182.09474643156128,82.1197708108307,109.31925686776248
304.1724953016807,177.861082498266,83.35507801574082,110.02643048706906
302.71079019504975,173.7500488698855,84.9543208582065,110.50202538512649
301.8304196812678,169.46836991367587,86.00958530372009,109.9887326780389
302.21148756876005,172.68207144086242,86.53772724823334,109.56440951487065
301.3216376615303,172.12030098587303,86.56328942746178,109.2678465172643
301.23333940976954,171.63204317891098,86.85473787513183,109.88794435603424
301.78921805641886,170.8877686628329,86.24232299358968,109.92872017003548
302.76007707979477,172.07695541024023,86.15025079988047,110.04954201251638
303.3678674793172,172.19830230207214,86.06973555640813,110.18663761107189
304.93175658039127,173.8211241655786,86.2833601233487,110.00176868722058
305.7601922864318,172.11573375244183,86.51675048056248,110.86026884905013
307.36172170437305,170.59481561315272,86.8550432014579,110.85980585699849
310.33600461852865,167.4075033748922,86.46268264582125,110.87114860668235
312.4367252000424,165.52497178692542,86.87429432779496,110.58567753426388
316.4742861978614,160.7011424862991,85.71800415741342,111.31522719539203
319.92215105110176,155.2792944368175,84.63188434091666,111.90337195615939
323.1498696442468,149.93002926671386,83.96707987938868,112.32975225669385
325.43672049512594,143.28703132785495,83.27767507170378,111.82276889399418
327.16936051268283,141.13936621359045,82.6616835001826,110.86753788518794
327.91925217348955,138.98630417155886,82.09109260238961,110.07115437800361
329.03581944929795,136.81404517975818,81.72369370083538,110.53823906158667
328.60474112566567,134.51897965729736,81.11311267815518,111.83332735328865
326.9050080423618,131.59760544816,81.77238690826991,112.14867861580164
326.55465308670017,130.0857050872326,81.51172068901236,113.2115991773247
324.07227487491997,126.45018403764628,81.81383892516426,113.71257501520589
323.5579466463592,123.60849108869027,81.57288473889903,114.55143700641014
321.4347762689387,123.30539604366865,81.78055113918678,113.59139203099318
320.0697428864687,122.29382106738814,81.94153945869226,114.87086967224819
316.5426685557419,119.96191901998978,82.85402981402402,113.32528455729762
314.9240376036098,117.81722230320304,82.71750073890283,112.91902598281445
313.18809713215103,116.08202852892322,82.02438601150169,113.85079735095418
308.5660895505295,112.20938876668147,83.17335417767445,112.78749933790104
308.13677020835337,107.33266123222991,84.60747374037987,110.6967180329028
308.7250695820534,103.64366320514034,81.90079622424969,111.45759429795838
308.11400361984875,99.53547087225516,79.9350688518603,111.64503780924878
303.9505119515422,97.64310349569257,79.61057151372977,111.80143660961518
302.8930316164489,95.70889738548918,79.82169927147118,111.4311460559741
300.8267479292107,95.32437009314512,80.67775593046305,111.16573508928587
299.30121246394253,93.02309495827247,81.69848809680863,110.5644493948283
300.03805760482766,93.86815160062712,81.78168472643058,110.08700142956175
301.80686134790994,92.72331865494607,81.77617577198907,109.35441499968054
301.9021281002376,96.69821857698899,80.68755828248196,109.86305975093163
302.2269161351484,93.86468313941894,80.12708160495526,109.22651076446894
302.5870495291807,95.47667826982394,79.80375987618999,108.29533046688526
302.8662031442399,93.49066775118018,79.17589842146134,107.89531361659955
303.58213161009974,97.59613461016198,78.6717734805559,106.73582109126289
302.05718374989243,96.03411956427557,78.27367401511847,107.52317649278913
301.7303037514465,99.90920646921776,78.44304816396487,107.05500370142893
304.86212455015084,99.1674851303005,77.76921503060657,107.07888526972059
305.76044535798326,96.16718199784529,77.17154492487525,106.33312121907925
309.84031483423485,98.14558029507302,75.52921386650658,106.24019023856118
311.7306645382929,96.03769950008237,73.61721341297272,106.6784161515863
313.6129624212043,94.81746985327229,72.02566447446608,106.73827999957354
312.1663697852855,95.8244941247351,71.1224241653254,107.01882884396176
312.71723237797676,95.01024171051448,69.88113892122985,107.84738050973286
308.82207350984413,95.90223700929583,69.77100404366452,108.00711537889836
310.678414191419,94.75673341074662,68.28587437919956,109.09314744782296
312.3113448577665,93.42090305217525,66.72731251740598,110.16860698355394
312.54764810754546,93.68628411390051,65.5385623501502,110.94073027327327
311.92290936249714,91.72531356922812,64.79160074093502,110.85486172364102
311.5478553141587,88.72450186591813,64.24791778193251,110.36885571665627
312.5363324970898,88.40041678382919,64.31462119576399,108.90537636758953
313.35985893341206,88.76488026414313,63.92080521295863,107.81151368103428
314.4274282355065,89.69014819276289,63.06824185844165,107.39609947925894
313.3554769914361,89.83350006257886,63.49004790340619,105.77165019233237
315.15998672716404,90.28008140046578,62.12229539781635,105.57209198585785
315.30974626666796,91.01178909233701,61.663162277360875,104.86737494634606
314.7567775871635,88.99385392464151,61.23872856646163,104.6825245137622
314.3745625016751,89.7627649911677,61.4255948555644,103.09853013809817
313.27278222665814,90.82420335709168,61.620932110386576,101.62022620068761
313.80814386143936,90.66603183345983,60.24945316121672,102.63908735345822
313.62531783308395,91.53767594374449,61.2413492264686,99.94991073281108
313.9149003227557,91.70557879627972,61.7567246047148,98.1891850648576
315.7121999457907,91.41160922609434,61.62467933661118,97.76969186365275
317.44556022818676,90.73328586511366,61.586479689711496,96.82978378176585
317.072715387469,93.61237303125385,62.13705285121911,96.36935896883361
316.23061272331734,95.85988717123689,62.04791020569887,96.25741307869909
316.8989752166718,96.76262393840832,62.84917140215646,95.37645282474791
316.27640535996727,95.21841665730732,63.39147275430213,94.87923458589401
319.45235660167106,94.81289096505056,63.41368764531483,94.44717722101788
318.93611136864337,95.70601692610737,62.88999393873984,94.76361361143478
319.5344084896986,93.7550818226797,61.859597130697125,95.62701807999359
320.42800493859954,94.97815881856593,61.73640808192479,94.6544153615671
319.96277165520195,95.83813004713545,62.03661656537649,93.29006765864709
320.63826491663013,96.72922024447892,61.87270935293721,92.87559618539265
320.92323001444225,98.07005661253848,62.07739808097715,91.38782093500659
320.5914722668031,98.07663101907531,62.102517313132765,90.96664050929826
321.6755855605553,97.93959298231198,61.52904947463662,90.42809677748892
322.60485039383315,100.04599246252644,60.91393480613549,90.39995062238836
321.9407436792858,100.35224505623277,60.73422332087006,90.28582463567264
323.71269913730345,100.7099294425428,60.25588848134235,90.04296968775391
323.68909968972054,102.5108444300962,60.37054960474677,89.60921885044922
325.0648205883439,102.82678921982199,60.0739799388477,89.8407998849541
325.71219645948145,103.91266685719583,59.61481694979604,90.58509170645884
326.8912319969114,104.31764515530445,59.90794211631484,89.83117090083405
328.0564261550193,103.69334843474869,59.59938578938736,89.21555421316138
329.2078934349355,104.52267795856497,59.17503048847381,89.23001471051172
331.01456537458705,104.64663534491065,58.79875955381176,88.95543526912624
332.54227165381093,105.13890838910052,59.73961336041535,87.99827022462766
332.5618667996131,106.67612744151043,60.415413565446464,87.85372918973889
329.9493643096084,108.63147293340387,61.939935700149306,88.61454794868884
330.64924011932027,105.66480280905856,62.55428057921506,89.16563502736602
338.1003543881397,109.72068063362438,63.143763658092354,89.80103742877148
342.60692005430553,110.90419250837945,63.16832344209365,90.3968821313335
340.11174080342045,106.7141465222088,63.9266515521707,91.17820300839892
337.9445495515033,105.47103970813943,64.69858579283668,91.41509016902361
333.5102186703556,108.96726018073089,66.96765296208395,92.16236718419836
331.2504961377832,109.06026345920563,70.00326674079832,92.73640561921894
329.6284389398371,109.35930942369629,72.48607508925107,93.83727101426562
328.42371663310763,111.23280484902268,74.16032162217024,95.13274441989947
326.99808556731847,110.20590004067103,75.66671783558914,96.21800716923218
326.98469349754066,112.45542784453846,77.0786419173139,97.2506965184675
326.21858738101116,111.17533696734016,78.2505935743632,98.32979321083715
326.3030581329088,111.97131770270786,78.78567727951796,98.54064836951152
326.50654950866556,111.31907870413588,79.17984574403454,99.05628631118981
326.291494671365,111.36090261992769,79.40235628538254,99.48202454222827
326.2781364516167,111.11476100124503,79.62859086900983,100.04277752749454
327.1155252561093,109.5365388020991,79.94229597372394,100.10393293385827
327.81663936121066,108.92953170255318,79.91240593929494,100.53555969751389
328.88422350729286,108.02468512144088,79.67357432182081,100.66430186047853
329.2991175538395,108.95750198215163,79.1764524470083,100.94599746950138
330.3096531776573,108.12225155573282,78.99301182891207,100.77737650379652
331.13749875646704,106.85493982773465,78.9683585025991,100.30301396354652
330.45643438701603,108.55731521601103,78.51981054758487,100.56166121441379
331.37234849362574,109.25053371404434,78.48648978637658,99.66804898140678
331.8634525958746,111.66024540291545,78.40684867048276,99.4412869844324
332.6530766126381,112.11174681633146,78.10488490152039,99.87025556453702
333.1837513193332,113.87787060369556,77.95943375158443,99.91302043525866
333.7765716267558,115.96423407855382,77.80660597052535,100.06082390012344
334.33069318264893,115.1884256512875,77.68472334906124,99.78138749766754
334.2387235568709,112.32156332089971,77.71608992407776,100.25482344308058
335.20106969405845,115.19174161170085,77.66313179200615,99.91730509161137
335.469980867523,114.49519954564943,77.79402289550887,100.3362526923612
336.6312689242769,115.7826222795664,78.07617595756874,100.42969855486477
337.90354296523697,115.86162981963085,77.92617509969347,100.27830482061353
338.1057798588758,115.91939824394396,77.85088560616268,100.07445606880863
337.99263682109097,114.84485643366453,78.18220092943349,100.2415944131071
338.1904789450256,114.73358948669696,78.09873835767549,100.48330396690739
338.85401847531153,114.26329623825539,77.97889701759314,100.49361412950478
339.0059676339535,113.99443169043614,77.89874914257562,100.16307628502639
338.2762855468228,113.63497829112731,77.68456449920242,99.74871258155362
337.5419379384064,113.0427435960548,77.41029628276958,99.06333622375094
337.6519870187898,111.85626331895246,77.69803428504676,98.92289979957732
337.6360956544545,109.83017019162652,77.95915121910637,99.15185888709968
338.0187033152936,109.67895528129128,78.3544991279427,99.42797125103299
338.584438984772,107.37228946976062,78.5751237505566,100.05117316485055
338.25915870952315,109.14549184018429,78.84562276402697,99.92919784065968
338.29664650480606,108.60338210855598,78.47253820830265,100.42516422307145
337.04640594774224,109.0425370378536,78.31681915191338,100.39439843853472
337.8029686540357,108.36888304749299,78.28498801365664,100.70415239360594
338.18174454097584,107.2218984684506,77.8027349842164,100.2376874009949
338.2008444452406,109.13758090916198,77.448640333539,100.05164674976623
339.4872928427885,108.68393499508733,77.54674997955954,99.9137285740627
338.3985407915256,110.19264101231977,77.46665186727216,99.89074565107853
338.59596809001835,111.13273950619956,77.14377856622988,100.11846811789353
339.27561587809225,111.70227786111911,77.08085826474027,100.47431762227257
338.57209232440357,110.51925408043424,77.47105311248173,100.18522907524388
337.9407848404386,109.40843824407288,77.29578529938294,99.98499743047697
336.12757484657203,110.85061085547281,76.98127349008845,99.75134037906383
336.55233257909805,110.43887368638507,76.86560969625533,99.91620836681741
336.0985210865384,110.00079591946684,76.8391620942164,99.75637592744069
335.2096083199323,112.24146431666935,76.80859093038436,99.49201339145851
334.550733534173,110.46596361246097,76.78459429085093,99.04800609282877
334.74153592585407,111.18658820969888,77.089661241345,98.86960444111568
335.36000790145425,110.38778714397071,77.27036262534207,99.0647307386792
335.6527717366885,112.03689120948304,76.9734244920172,99.22681613907238
336.1723044684643,112.59294135274641,76.7979225064587,99.47436157684221
336.24565512824637,114.2655461176852,76.6398619022626,99.29327224426079
336.83069836471714,116.292118451131,76.64977370793898,99.19478966194865
336.494367367279,118.17357555194124,75.87071212722321,99.58155702847392
338.7610698923706,117.57525082397511,75.57291231690822,99.46971489676733
337.7881098886333,119.2802187378206,75.20003068291848,100.05710854257183
339.9971779095285,118.98601049482335,75.13302608033709,100.43692866490268
339.2584132284644,119.0333387054485,74.92473855842448,101.02952685132982
340.71874737700335,118.15113978420798,75.2565698417299,100.41801250432721
340.75399460891026,119.0951876399258,75.37583166704059,100.08540526010808
342.3629189933401,120.24268589299794,74.89925749344145,99.71232368907577
342.15345464958637,119.12722233407203,74.82141150748706,99.93770089924327
342.20755066742134,120.20581845314739,74.42640296423922,100.61216845494633
342.7623720508178,121.36071671785228,74.31059558706032,100.43123192233217
343.3090571724736,123.69666024810294,74.45763579086942,99.76398162635725
343.2144027472895,124.05383899936767,74.37913459456482,100.26276830698666
343.89501534920834,124.5154493156127,74.28871212700949,100.29799417718216
343.9764975348803,125.8041531015547,73.84282045115918,100.66648776076995
343.953410964208,124.16226507355285,74.37137866163569,101.09066971009945
344.09835785342506,123.10902767659594,74.78732821263124,101.7415081219103
343.28881253493296,121.93704745310832,75.32719795861661,101.50363306053899
343.4755628606708,121.26401902940341,75.16472327533495,101.36570186130268
343.5482111691206,121.88912017988115,75.30463723806905,101.15583533476891
345.3234641436997,122.09413486319534,75.64647695579619,101.04218565354243
346.6465343887994,120.84392615526458,75.16602831816635,101.39923673258144
350.75121633018904,119.41656886350395,74.91816031169931,102.09435987971659
354.23222427336015,119.51279453548528,75.1991997689851,102.34441285232232
357.9466236819617,116.80593807791958,76.11361021844453,100.93107269738536
360.91535695145046,116.8979480841162,77.20312217220379,99.79181881305531
361.7825433475902,117.35513218142944,78.09379444103578,100.52779022185292
363.3764217390372,114.91766806487503,78.06434234945651,101.99235668814654
365.4731756391952,114.28277165901369,77.5836214620587,102.32418666980253
367.3757987502427,113.02217835093109,79.37994155466083,102.8469278943128
369.4969998326318,109.44975631349287,80.13199901894156,104.57073191105323
373.3961687708424,107.40230534019496,80.93976217859208,105.86434620658704
376.176589805771,103.14619899351341,81.26563885873489,107.85084116465961
378.2772785411768,102.63486701157173,81.61942334089562,108.9016050025775
382.0775837232679,97.44854283421965,82.1957205160812,109.70989559971329
385.4973433167729,97.56592164626986,83.43897549136368,109.92844032923341
387.84210209616293,97.49399470592809,85.24873743163754,109.30119172187602
391.65993543120385,97.02428491435231,86.94227627455615,109.63545696952878
394.50314676749974,98.7371277035435,86.76125521329259,112.279437776797
397.6237163778303,95.01058723660222,89.04900088032677,112.65209106404264
398.6321991143639,94.82469537879436,88.77335744781738,114.252889653163
402.67664085528924,93.18027572597296,90.11810586293936,115.57787309618827
403.7813570227681,91.73218045992645,91.2956948311586,116.6308748656165
403.3055815066582,90.81867951037324,92.6352755281332,116.61458786625491
402.82351329715493,90.75788552643836,93.57715347171694,117.01300787824928
403.72274029017206,88.9478833384014,94.40918478193207,117.25418205984995
403.2085086957294,88.4618693348592,95.17292529573223,117.51114577974866
403.32415698654887,87.5799918325744,95.56276585627477,117.88653480035526
402.6589355369545,86.53386128681946,95.53979243180162,118.11578560458028
402.3376954137165,85.42165963106414,96.01820318963303,117.87675159728903
402.42909272737666,84.66574887339556,96.67304777492106,117.80787104620468
403.44012748531304,83.87971988764166,96.65436070343,117.24999184577646
402.9424382427503,82.45253634203621,96.56216327607996,116.07224681540532
402.92568910636226,82.74070087657702,96.12834989834136,115.63641617586053
402.9659786010764,81.85518217518002,96.39371629699174,114.45034889573216
402.2581465988171,82.20720119052928,96.31540764239935,113.89261507009367
401.88738347188274,84.37257473358562,96.09859271498988,115.07184103314479
402.8435650470844,85.51362545393548,96.4722548503074,114.59034858502167
401.2115684897499,85.68460637362622,96.80440396892851,115.67280412215841
400.85200326626324,82.92352147782043,97.91660022610526,114.697463480573
399.9834763726025,82.95828211733833,98.38487413957878,113.29022860233218
400.6593386614437,82.78624944340908,98.6919191694403,112.91524491368783
399.72805967008213,82.70864489982645,99.13786679201787,112.14640885534145
399.3372470744672,81.84261443066578,99.57427725870701,111.49922308193187
398.6616518685312,82.71112122716391,99.75882774652973,111.26818211276066
398.68439265340754,81.73094538815775,100.12210416141522,109.97578029460294
398.85794971900464,82.95760240407674,99.85981780349405,109.68588050264839
398.4038853142796,83.15294262558517,99.3842078567643,109.42688403508967
399.5433391652989,83.60370040108715,99.64249369148412,108.80240676028123
399.03035888234285,83.4124452262085,99.13164481296874,109.41960186047626
399.98576033245655,83.56676157732477,99.50886109303913,108.8621782831665
401.5735722204486,85.62621163060628,99.85511675164057,108.98493161898628
401.2761083866319,87.01593154157402,99.26103189180822,111.41509272249634
401.538707939948,86.47740666523258,99.25221142630464,112.98267493300776
400.84669315600456,86.71833347054933,99.41276398823287,114.29200634377472
401.64706102085484,86.2713055352584,99.39612850496175,115.49376964328874
402.11046689226237,86.13946662383553,99.34510717934108,116.41540668892807
402.39047195404305,86.56057032648508,99.17063965712663,118.12620354846051
402.88391686502916,77.84058150474621,97.45980868782704,118.178668984907
402.3278542252756,80.3280403742105,98.62134977177992,117.919238726142
402.2136630400004,80.49116580032454,99.10059864485372,119.2780285862705
403.89496686120816,72.03416987361615,97.97174396836529,119.61825563866188
403.78350367283537,76.16342471547355,97.03312208823681,120.25368401952227
404.21382930353934,70.35826728007291,96.08436262252376,120.28692197839729
404.8960862009798,66.76916061635187,95.39689834527424,118.63491031499464
405.7796240551637,64.35532006522686,94.07190358168305,117.45760942261575
406.64480473586616,71.43501514171614,93.76265988366163,118.03902394187841
406.3596475282816,66.54584237865217,93.8627710183819,116.8888359139292
406.9904960778083,64.0644634031177,93.23260742286078,115.70345820291928
407.46445522082314,63.46847933272158,92.26139244907917,114.84805781725278
408.6402421771316,62.638196225878346,91.2114284102339,114.59511037050834
409.81673270616614,61.83445955275519,90.4801100881039,114.47469811284992
410.3073484252754,60.668444687834665,90.00313758056848,114.01578445852044
410.2168548016058,60.213541167519864,89.34632492117703,113.23402670079494
408.9856253129655,69.66341520239473,89.46270597945123,112.86046080572783
408.9266885780283,66.85644725806839,89.60760584743309,112.2920980341022
408.9042060457366,65.02012082739401,89.60103760413625,111.68328345770682
409.39554212707503,64.68950326400991,88.7892329739511,111.68498275922246
409.2197340662873,63.192903005304146,88.24877611989109,111.69688792942026
409.888994672022,61.50039638306619,87.64237089238468,112.1704474499887
409.86553121813944,60.04819107936008,87.29827642926203,111.79973613013956
409.7441338301124,58.45822272715397,87.12018448012886,112.0311271402006
410.1884508857231,55.20010433020761,87.23875609362352,112.54329174476226
409.02858065349807,70.65351087405587,92.39467509925711,108.45037483626496
408.07948712425355,75.51310816995911,95.8875212477883,106.89461522675826
406.6844969631498,75.19876590811214,98.885434340248,105.3841753569891
404.8931746064149,74.66403943263913,100.6342204445183,104.33678007757315
405.1131053703193,74.79526167144762,101.7136242107845,104.24363825720278
405.08450179418986,75.12026602591249,102.66560776694735,104.53224284382814
404.845529978835,75.87766484230247,103.69593422446226,104.61886990510949
403.8576220945522,75.4470687109444,104.97425846642408,104.32215778130525
403.38539419340435,76.60146686869648,105.65097109845843,104.54980756031401
402.78026021677584,77.31447714224005,106.04944357861665,104.31707188242089
403.71020498631555,77.86711881811766,106.17917687088186,104.64071082623605
403.0626039212919,77.81613700196644,106.7972439506324,104.9101303403725
403.20467170871535,77.93205880316323,107.27561265539893,104.51695602315712
402.270584225929,77.7073599816322,107.7587927565079,104.54624817911096
401.7103538505778,78.06987182388761,108.09144568498272,104.72753332438454
401.60228297486657,78.12961076676379,108.67159785982713,104.98640259706418
401.11897309257427,77.99452016887855,108.90429764626995,104.81209833708323
401.022152356029,79.15121092447838,108.9609772420144,104.83381270829935
400.5602919273914,78.48828416124711,108.80914289394451,104.55277484110039
400.89144144954327,79.11989297247044,108.3632102747973,104.2983819247313
400.73827701584884,79.55751199432439,108.03236817174627,104.33098812645721
401.2853059436515,79.23191323317826,107.38023855381752,103.4953288305503
400.9580366656688,79.37306688244566,106.95527834193015,102.98658192189188
401.07332893119815,80.19410413819116,106.63365312509862,102.5790166400609
401.16392430061404,80.796535571292,105.987583618538,101.8696143437178
401.9991924406704,80.81104400631041,105.70888231271417,101.67056516617535
401.9953575022341,82.80654415911334,104.90265797734088,102.1829394371381
401.6739214931164,81.80886843559779,104.6166891199507,101.46563820091113
403.21232973426635,81.06502854361631,104.59325074281435,100.67434440546737
403.05219511317154,83.1064303794147,104.41306627444793,101.01530257850558
403.28171690351627,81.93151611337134,104.19173831058069,100.47698757116359
403.80759703887344,84.66358364503702,103.55227448404405,101.48532899022359
403.81251614473956,82.59635522475786,103.18357437889625,100.71212630014227
403.7644070780909,83.95139402129153,103.19758962316837,101.28127715594272
404.0366970615912,82.31187693408691,103.48969567129684,100.66903377870096
403.7541649568713,84.51555751636141,102.81431712789856,101.36510622316075
402.65969526159927,82.93012926438134,102.60594769199614,101.45372691398003
404.09990305255747,82.89703109316825,103.0698931768979,101.17257662273349
404.0439480023638,84.07363732372468,102.73012923315308,102.04168138040114
404.0379128314008,82.93562447307816,102.93292151905362,101.99822809304672
403.3416691508988,83.50812972148937,102.7914033573296,102.6981952134881
402.33850014455453,82.5692678992329,103.87662203770462,102.62483650917748
402.2382754939017,82.86634581440151,104.960291773199,102.87629654264033
402.38818288290577,81.28273396966435,105.69294984408315,103.43092896548255
401.7044707061986,83.73095718658516,105.26160913421168,104.10387759694856
400.64781786613764,82.63565329916113,106.00136428008523,104.70622400590611
400.2913365679472,81.80547310890965,106.69545006683929,105.12486156421974
398.9909400750046,81.90975777074004,108.20619974637381,105.19812556141505
397.38315857200377,82.01249616088373,109.08039669974787,105.33795613128638
397.05676598580243,81.86386501684791,109.48106668212142,105.14788237981486
398.1804351506337,80.8854353413276,109.69341010180284,104.89043609158851
398.47298731020874,79.0897482230397,109.13337626551768,105.39377498308679
398.86719280516843,77.08066225706109,108.6921607816942,105.65833487357062
399.543096172277,74.7200081480552,108.57801528996211,106.34981168212806
398.36201555633914,80.91998106304582,107.67641810089353,107.3480992658431
397.3049050154121,82.3378666208468,107.02085854691396,109.21046352621772
396.0546494963684,82.72293074705796,106.74584210773689,109.02995961909798
394.32789745962134,82.26257685668904,105.4113532269769,109.76513515777611
