145.5,110.5,114,151
146.10719131982296,109.99139762607592,112.0839379220015,151.41143383210147
146.2899686536553,110.94363842749911,111.3866894560332,152.0402910144266
148.71442174129942,110.76384776625439,110.01627267970129,152.28159856461676
147.05092946395558,110.4849811111335,109.7387795904223,152.6214157587401
149.45785341397473,110.02585476528216,109.39825360505684,152.87161017426632
147.89502730755436,109.99616971017443,109.6774376076772,153.41992320564344
149.06191482550003,109.43791714400825,109.06613774287507,153.72034937708025
148.47035164073725,108.75468222149406,109.15457069008309,154.0084230209749
147.3954821820966,109.2252817216894,109.25338387570545,154.19267558537305
148.20670973111618,109.72547363296772,109.37087693116209,154.45089581249903
147.61149356635218,109.44025604451683,109.54924647268048,154.74153257111735
146.92901527070558,109.78905218147418,109.84598209095884,154.45026006443936
146.80908302585226,111.22148714710914,110.09697668823222,154.60021738460375
147.23423355260604,112.36408626994303,110.4246570113726,155.39783216345685
147.0058371273177,112.07109716045944,110.24807266754465,156.101585166989
148.4890581748843,113.30238128143841,109.99258762273497,156.04437929266106
149.4385902563576,112.18397055009765,109.47767694508647,156.93928705523882
149.9918313287752,111.18610509423436,108.89879353892167,156.7052942750251
152.5920649473028,108.02293722328925,109.30283327131835,156.3264722601099
152.9295575846956,108.54742885462073,108.68918304610236,154.4719206004018
151.8980462441583,105.39132171134685,108.15263139970804,153.39309408494762
151.33367918006684,105.38115433711144,107.94844950654397,153.44520596572096
148.5411207227587,103.94421563156381,108.00218958247613,153.65298978894086
141.5125539876684,105.6205721841634,108.49477169920215,155.4207782019912
146.6982720074587,107.2719766553679,108.82344418775875,157.17057870324675
158.07566887532374,113.17448974603042,107.31738587988514,160.06814441797883
153.27016108270928,119.07441131296316,108.8649506518206,159.67028168419878
162.8539675134904,121.74865051566162,105.35993353915974,162.2219254444818
160.59954650310885,126.35969775870065,104.14189167167822,163.08741259292523
158.85453878463102,129.5641413991962,103.71986449083603,163.3635729384295
166.82869014312539,131.62487954179122,101.36614528519983,164.207294693248
162.59702701748657,133.55378793913786,101.07227415641154,164.6232153291272
161.35343379803712,137.74305579680848,100.84940047568152,163.6629564005902
168.39200152524614,145.0013605296119,99.23306137746465,162.832757838914
165.39173512800005,139.86824119847995,98.49276375050911,161.6248763611022
163.49057997217693,148.04884033220276,98.57100518207417,159.93419220040707
170.41863408040703,150.64196795887256,96.41293888150749,158.71271298619106
168.0142762032226,155.02298931438457,95.69443486353748,156.32588771291117
167.2968566512651,154.9043202279567,95.39623530358837,153.92279662742033
166.99841781626867,155.30081455011265,94.72235196055018,151.87901142663569
167.9307637105171,152.81228670997245,93.68891900546171,151.48935215253982
167.88998485237084,153.73747974060512,92.85621228121772,150.29630578339024
168.27543027379284,154.10538893029096,92.2817640424387,149.01801271691915
169.15087674712126,152.6656918932083,92.01528591168454,148.64308426224534
169.1811262449791,152.93302018453244,92.02437244046823,148.1077694214998
170.21934334344206,153.91079993382888,91.84772519270007,146.92651622020918
171.22358670581588,154.48078657968784,91.53607434346362,146.13591573265614
172.90916278937686,154.73506345678783,91.05953949544866,145.28087856905142
173.47701775080287,155.12624459504093,90.52016772548208,144.6938475829095
174.00844050207803,154.4265106339197,90.00619642232223,144.49569537556667
175.86355737279013,152.14331487629477,89.24985824974564,143.87826378214345
177.73925982255724,152.3125436825803,89.73850605025419,142.8464649143844
189.1355266714476,149.111474983608,87.00963011309359,143.5035347158935
190.39013701756647,142.2127277904006,85.25373363149961,144.8273877067394
190.1598523269813,136.8464959538888,84.51498472291311,145.9224631503929
189.2211177994805,139.71403757627064,84.71942769301481,145.23102910225396
188.8052590289989,141.14367212349822,84.6413949512136,144.6074725360276
195.94603127974807,140.7951610664278,83.93642668262547,144.47618261079307
195.49731854518186,150.73108065418677,83.36451146972813,142.8601169795867
196.84861507688473,151.62560421889248,83.23681402666848,140.77889318629968
197.38340765691476,150.78545945137807,82.72383647063522,139.28380034561135
195.85559676188024,151.53778983194456,82.56628558652518,137.29684243219756
191.27285574774012,151.24706042813915,82.52573963018625,135.54743371089296
188.3467053683043,148.99090941647194,82.63096959972074,135.23023887372324
184.51016567995777,147.0397257469252,83.32894941281518,135.8159970686059
181.32402062409042,147.31063746459154,84.57741778916778,136.4982479969817
178.85794373248174,146.6034612393029,86.05665661915334,137.64083861293756
179.86824942363643,148.16237843224727,87.21690551783459,138.1477455428905
180.69527837683563,148.75924053614756,87.83761024189883,138.8878437285073
182.32055332934908,148.39330896243305,87.99215543727473,139.85435835208108
183.9208622648403,147.48560645355488,87.44615463744402,140.678323967734
185.10594153848362,146.03461549696726,86.68716840861595,141.25741941392926
185.8743350999759,148.2154776330281,85.95128931471083,140.5513622083817
185.42339311764889,149.84369508284652,85.37913181742027,139.97642035264434
185.7151858816508,149.42881922586372,84.7105233928882,140.57011924056303
184.21956802992509,151.0976943240696,85.01811241741507,139.99819145473472
183.2394119307931,151.17159499680417,84.94277364712744,140.21663961097082
184.1714488731107,156.4299345531392,83.95134883609293,141.22866228052732
182.03305078637243,154.40898676965173,84.5290323558372,141.3260957865739
182.246938982475,153.96688775805774,84.66222531635424,141.04242889105308
183.64046549812934,154.21358427884275,84.21306434055703,140.74893477788692
184.16010658522796,157.06012151750946,84.02056640040674,140.6473672585613
184.40023856985937,156.41467361709024,83.25141108588141,141.0779944069606
184.25453265642682,157.30616397208365,82.99699308019265,141.81687596542167
185.4837642434524,157.5310026711726,82.27792063699927,142.3204808639014
185.76879599333856,159.682106580528,82.18653595974439,141.8369983927095
186.38479252979909,159.43021410760963,81.80746616086354,143.18483893155997
186.54397507551653,159.83358121381406,82.01826735065195,143.55186727904183
185.98365483369864,161.37797558853134,82.51856063246358,143.2096376726737
185.85410086437514,162.9486005275808,83.07997072302896,143.06730632789998
184.04611592095878,163.940372586237,83.99416911213525,143.00290815232185
182.827633017591,165.02052296625908,84.56111655587182,143.09745825668813
182.5796841145795,165.694239638272,85.10010293958258,142.8259091356466
182.08457632420627,166.9775400403959,85.59704728867773,142.49170827188954
183.52887900258133,168.98001225978177,85.89539905282297,141.54971396739512
184.332221260714,171.43342320660796,86.00427425755069,140.2211193553132
183.94545040788765,173.83646219192426,86.47028654354285,138.83686679361614
184.09861463658999,175.91499828289474,86.3307537720255,137.43070298646154
183.07385662525633,179.10435944177658,86.40631368659959,135.85926788488436
181.97036124404784,182.7863271920869,86.85462100594708,135.1300217153184
182.3104169790349,186.93104740226755,86.97059048289526,135.17173325723743
180.14826230223935,187.53927424275554,87.44572033018451,135.8999640817241
180.13844975442512,192.1622645696612,87.65218253275606,135.51510365191177
177.96035975540858,192.14317480654313,88.52755641849973,136.06572117739643
177.7775106336354,190.76432207215666,88.24146100331274,136.33703963178033
180.96430434563905,190.42188943675754,87.96575251225828,136.07948543322203
183.69136115638074,187.27639465496833,87.50782562402075,135.01310080551627
185.31754298343728,186.43383469092186,86.48768285804552,134.8075687923098
184.6551538314194,187.56203684767988,85.49172856854491,135.80754861308634
181.96096866328918,191.31733257127345,84.11365279121887,140.21362701148024
177.479281710338,194.46137329975437,82.97343000980439,142.96732125794858
175.25938614628728,192.23238776518622,81.80799795904225,145.15051849094905
174.20134944969834,192.92232286276982,82.5761295959717,146.14803105106134
176.5006855824579,193.25575780708232,83.39355211042084,146.7834543438557
178.25737860767828,192.70768183243655,83.70246601725549,146.64818923324887
180.0416251932179,189.8521847346483,83.18912430873118,147.82782947832493
181.381926901945,184.10601773793385,82.26976041993292,150.79451916938564
182.11445815159811,178.4114703724105,81.01355308765798,153.12035572935082
181.73266264324468,170.03698481013654,80.86871936929558,156.1163494826829
179.8730108442689,160.53212439786228,82.09843542185229,160.4465945229297
175.8426556452155,151.09128958158078,84.69697808009089,164.90967647086134
171.93780233426088,154.22917658373754,87.63841335113952,169.63785830761225
169.2546468941415,152.093285050896,89.37976309360667,172.06189833893254
167.3925855350126,151.0144079442542,91.12358776956711,174.0107827373434
164.87354440291796,150.7553143085607,93.21445018512362,175.54230809771963
162.01287559482998,150.771861017907,94.8956376357417,177.75802330138725
159.48828575928843,149.69548296176984,95.83736825210678,179.3819589585873
155.77663250450308,149.38975040036712,96.82496480836934,181.22411932904288
155.32359141244183,148.23533167798433,97.37805028552931,182.1294318981676
156.1497827903684,146.96920603893898,97.87990551528713,181.91609105894872
156.96014534057105,144.66911566350672,97.55024026652822,181.51798699307128
156.3888614175815,142.07247760953462,97.62379702032138,183.09934036007922
153.35069655432633,142.7208996740626,98.19731579178408,185.0244691733756
149.87104264253688,143.23476741160405,98.67237020883833,186.39066103403178
147.71813817122495,143.76130375070576,99.19552057449684,187.27692191391094
147.83524633558426,143.6315097376675,99.77416103918188,188.25689394171934
148.21918192979376,143.51980305409896,100.1324546447311,188.5109070948251
150.18866920151495,142.50393653187763,100.23617991513147,188.36293142001423
151.04870959302758,141.72408512815034,100.12809316019761,188.45478521127922
150.28176520916344,142.723754312025,100.2254758949822,188.51654661121486
151.97820273152462,141.2172013554744,99.81140090862473,188.68152372869224
150.90583521040298,141.72305121363658,99.79403277475105,189.23151112422244
150.29040168755444,140.2129067833027,99.43505225575083,189.8217710694849
149.5318015521176,139.88625917007835,99.20037462268623,190.10493370063298
149.2440910138031,140.80899927743272,99.368664236026,190.4080588326039
150.10228204699862,139.15099099309765,99.27949755507194,190.35523589893944
149.77068857475228,138.0089780125487,99.66318788939998,190.1794094029908
148.99346532438517,137.81651475880716,99.95192534758507,189.2322078625308
148.62931627166654,139.32960252787672,100.47947299776203,189.31284003313195
149.22820184849348,138.96522942888728,100.41205672539476,189.23288727891276
149.82368558705318,138.49924876830104,100.2539147182461,189.01394406383798
150.36784462797561,138.0961020543183,100.22568348275288,188.79897317715202
149.87257772557652,138.71559159857534,100.46078605271447,188.64508520268208
149.74232464198812,137.68899931770406,100.26399894787284,188.32569257402548
149.94041157557515,137.2695793561109,100.1492531197727,188.197319283768
149.34461084453784,138.08122456895205,100.09183269406813,188.66842616452803
149.20323601037447,139.05772148458266,100.29488262258104,188.46476786068683
149.1301455193712,139.35269700830042,100.5186228596511,187.58463806726627
149.52849364221456,138.7140630401503,100.34826324812349,187.02657062968802
148.85636315023908,140.32948313697173,100.65743760029953,187.30174168368006
148.33028536821877,141.67804091137248,100.89486973227608,187.03743977928772
149.81348766205878,141.72350107798542,100.60923029657363,186.5218127485979
150.24714764477415,142.6233729273061,100.45553480852934,186.30317988503194
152.05202547933692,142.43594012357323,99.7401899880214,185.48441801580543
152.19103186615936,142.1974164904709,99.52858542387919,184.80814735369586
152.5488942398692,142.86089000964938,99.31643033903042,184.79162357030566
152.43119609484594,142.47990571637575,98.85273334685421,184.05411965795915
153.0296354878148,143.32901668289352,98.72539541918523,183.88261121540978
153.25448321812138,143.16964725887118,98.3235720697734,182.81828555501636
153.97485990143764,140.90879129636008,97.62510258385147,182.6040670372285
152.96496437058437,139.65845398092085,97.37227892807445,182.5986653322
152.44411108474017,138.84215095345647,97.00661183299957,183.01198589900008
151.6203037088045,134.79422724890088,96.42265276475675,182.27217618836028
147.64806247923303,134.17135727221512,97.64814680532058,181.46032518027553
144.07144391682235,132.13468769689655,98.65238471596962,180.90830527253252
138.88053799870997,131.69250181083436,99.92625015632036,181.4662224052221
130.63013217106783,133.21686826467612,101.85263706795232,183.14791342484565
128.4849094894011,133.02355226716568,102.69378309580601,186.26030921762657
126.99364864577765,131.960789297787,103.2357551710076,188.52162408882663
127.85093145212143,130.16778019281696,103.46187387686254,190.05370247943074
126.84177014047432,127.59751978838112,103.93672313723408,190.8526810443449
126.36799617070977,123.22811147745075,104.89856722287288,191.38112474140095
123.05521839765376,124.17694834937029,106.50176053677664,190.33543329307503
121.44681257763068,124.23492433432659,107.9316261185495,188.80032262603413
119.51173309451087,124.94163701867814,109.513540598934,187.68316986298862
117.94404488829676,125.4157073931368,110.63045149241084,186.4507736690678
118.47718655128854,126.91521300412111,111.55648059776271,186.00699783299393
119.41155236938633,127.33063827590104,112.64815907967017,185.45848084227146
120.46897731700861,126.9641854155718,113.29439540993525,185.18895874653893
120.70077396725833,127.38721423932924,113.7073578502691,184.95552938014055
118.91572287432533,128.21255499157104,114.15812009320297,185.40183559996117
118.93452840603081,130.48213131835598,115.1694489731056,186.3994008380844
118.91942501241414,129.83781925565214,115.00672845940892,186.9556049958407
119.72709756133077,129.7476405560085,115.31787903284796,186.9134736341798
119.51893927118509,129.83578837854978,115.73776943243573,187.091816029163
119.11178273851587,129.94561956639285,115.79878820866209,188.16455544409575
118.51531777437356,128.70278964476063,115.9017114278479,189.13416530624298
119.42548487282296,130.6127567892525,116.13895054943052,189.31395135226595
119.95725445290516,129.5232569472346,116.12126643458473,190.06235313495745
119.11686221047196,130.32065127966519,115.50726470462264,190.5047327344853
119.49989665451967,130.34284860269167,115.374210376273,190.95858431116673
119.3462319135121,130.86676062892425,114.82623084873616,191.70225081351117
120.6557845738053,133.68949708831693,113.86253152637971,193.08097165845874
121.85568092517687,136.72350810347092,112.76568014596324,194.7917119686964
123.3816922172667,132.76699405007452,111.33789021158674,198.47178318919768
122.49462799175008,131.26747136395306,111.34023936383764,201.41936736773005
125.12956645636004,131.5887076259583,111.18342577003641,202.9617932201844
125.18277808730099,131.25947405264915,111.31797128688397,204.59998185337116
125.91717237236026,131.97069818696053,111.24445532933714,204.4736171542751
127.97003880226087,132.2233244723746,110.69981150838478,204.23020200629472
138.30022060591799,129.21065358648508,107.81217586737914,205.5991526342749
132.7469748300168,131.8253241876453,106.90239105962343,205.5161003037196
141.54962625041827,128.94345451232033,104.820873809946,207.09534515897766
135.83451244275986,125.88734482021907,104.7712849884952,208.7372357353494
144.24168648405922,122.931821278938,102.53170878700003,211.44176607520524
136.82600942358792,117.7196864059986,102.86046509910473,213.212643029336
131.4483614396716,118.90013773034919,104.74470069553846,211.57167400967077
128.67154390003336,121.8272006663091,106.62173817960006,210.71315789803538
136.73304535491994,123.52908702064022,104.86498816899682,211.8953904002496
143.701510350602,111.23150935665004,102.77317002455649,209.5330395484204
136.91067987559387,111.3636914304239,103.75099396132815,207.73728425707384
146.41471722092496,110.80047368774008,102.37853175845899,205.44024137749702
140.18012649910997,108.99335980583584,102.83872577533114,203.98561433249813
147.0210165835452,114.44118251972749,101.51762618659986,198.21433185027146
138.77805994152374,116.22963971908784,102.46600952526919,193.73892964523057
133.07169147493786,119.00904639024816,104.32998890534037,189.35948110336312
140.3107278273946,120.53136560251004,103.04127491166957,186.171301268274
149.27055338168256,120.62300768617553,100.43184261412883,185.33709474290697
159.24274366987646,116.89314750652613,97.41470813149104,183.97323626767206
153.65941584097962,111.57940129609159,98.73087798758792,180.80022018939565
153.13964127001907,110.16621840062818,98.21044995570381,179.2333731850649
162.14356004411266,112.1725133650091,96.12065840513623,177.14844944358944
157.4103698715968,112.69686932982407,95.5701281971894,175.04982458442458
154.23798078083908,115.44967720812573,95.47160803886112,174.22710305771017
152.8394980433859,117.09344541550846,95.12521313740943,172.82640066832772
153.18023278158023,115.91356840949841,94.52950654176335,172.1812194157604
154.55929071102298,113.85929367025773,94.38549948376588,171.74229164891096
154.82425298782664,112.75463021992428,94.8010086064014,171.1622225019857
154.55528713397845,111.96716233567678,94.91476883654157,170.4503822046543
153.9761029884134,111.52326719840394,95.03118737867872,169.87465183310468
153.8504808430489,111.55999438238457,94.87385181325041,168.91486441679976
153.68458564165903,110.55466537632961,94.40637575847252,167.49256191865578
152.69379963378844,111.08748207451325,94.35004231957808,166.86694240778655
152.90559133152053,110.67628353279204,94.2138893893353,166.54185804973116
152.44540843176247,111.64946603505146,94.23243888035302,166.67279478585868
152.5523992456205,112.34032499052321,94.340809036151,166.96243391055208
153.43988843498434,112.3167391811849,94.65703601592857,167.20714952282097
152.7411433603806,112.87453210285823,94.81633014977807,167.3530956285176
153.4161997510943,112.52381301979722,94.86837062190597,167.6352229268532
152.93876165656627,113.33739036719649,95.05776963048105,167.8734743876409
153.37245965907937,114.22451174103341,95.13112154215334,168.06666401968965
152.99021181248142,114.76777578239219,95.33786993090966,168.68879689716954
152.97961625084764,114.97974200550517,95.32406806129924,168.94551718856107
153.26072297808798,115.40039101761457,95.34314377899115,168.98432620951593
153.4623301367754,115.08530553328968,95.3868095339716,169.04187368687846
152.98567840896806,114.34371320559903,95.37645179573857,168.68471951608026
153.3506651591942,113.0580799064337,95.10789927836244,168.31889285650686
154.80094383438222,111.55159618139108,95.08371331165338,168.3024976280643
154.6657929220412,111.89952543142071,95.15134103057197,168.30570153502177
156.19380394487388,109.91305778657477,95.06209845535034,167.849727999793
163.76016812931962,108.88795549479579,93.81101528909555,165.5044095120619
163.0692581825142,108.30811935582,93.14031443075326,164.1707703848316
164.48050540745191,104.77783931457232,92.46824398447893,164.35726411448272
166.9025513612712,102.39608837229619,94.01127804577344,162.32002003498468
170.78425363844514,100.87412356347679,95.01417369284162,162.14217912764485
169.3357356391628,98.35208564383898,94.4013568052063,164.22430228061066
168.34509966310281,97.59939038385734,93.57352216896264,165.51784954839192
172.4579922307538,92.59254336938749,92.57533713131696,166.6394804364625
175.46693276211417,89.06325805280834,92.4637880845874,167.26312408292645
177.14622985512528,86.58552452485394,93.18010644663039,168.35645525168925
178.25185346959552,84.51547198341842,93.40663935952036,168.94502186715306
180.37256709774437,83.49312617893256,93.00766462931517,169.1914830665026
184.81591738891748,82.49262862634656,92.12847709323358,168.48758052953897
189.93259847069527,81.17417256621113,90.74254706621365,166.0771331832571
190.71877240728782,81.3729573500891,90.10786042359268,163.31453809517646
195.72444491783935,82.72466264019016,88.30931352108094,160.27147685422108
198.49377882713662,84.47555618363259,87.27166136563336,157.90033075091776
202.89926950826523,83.87471234347785,85.33714007875454,154.38608415464643
205.3489632296862,84.17967125216042,83.45750489993546,150.29241456344707
211.1232831791853,73.38318211868258,84.90176775667453,146.03194968465078
208.96249019005367,76.68476012995995,85.33967911335577,141.33901237776377
210.4715320317023,81.0594470930404,85.62179779974844,136.58293006804269
213.4106385324676,85.71390595275663,86.06754557931524,131.97510649915344
215.90566080840296,89.19259896378614,85.62025233970041,128.46911646555878
219.02715058280975,91.47132638272753,84.60705680272764,125.93448162355614
223.36499545637548,93.77463645968865,83.91809333962325,122.89860371912272
227.7993361293199,94.45381905651135,83.13372634004794,121.10170447429742
223.39642033313132,101.91928503582027,89.17774834494644,115.3771352399838
222.33631377965634,107.26950086859938,93.29635880220768,110.69934618688286
220.04715169409133,109.67617789404747,97.03112972827009,107.6028308534473
218.54620451135435,111.634077849254,99.80174428844145,106.03659621059711
219.42903360876335,112.13823985959066,101.53290463610394,104.77336273414758
218.6648441134343,112.56225815456037,103.04515734052362,104.22049841832086
217.52949842333425,113.14934012774654,104.32740540569455,103.48447557950772
217.21121813948272,113.61366030286275,105.16636607660898,103.268486124394
215.85720896763394,114.26080578654096,106.03935481825579,103.07686177347742
217.95914564591396,115.28273193908764,106.08382588308245,102.45475512630489
218.58504772973237,114.79943115767736,105.49391484479443,102.4185257069172
219.9564881681652,114.6715571311548,104.92465371509059,102.07292988979934
220.69310624793397,114.71925151063363,104.03692131255303,102.16295753127429
220.24130612141818,115.017684774187,103.86997243514483,101.87299892619703
219.83721986888207,114.77901613804858,104.05244255908303,101.58090061392876
217.6736659944574,114.49700865876673,104.79647168511437,101.256909242956
216.14279549060012,114.99028947572478,105.78558014163572,100.35368420821105
215.29828053532293,115.42302574436407,106.5287546730855,99.67211473923655
214.84858102654593,115.33905861190453,107.1365640729103,99.30350688655996
214.3698358793248,115.95649604998752,107.33131643753154,98.68169266360366
213.45212964621618,115.81362455870499,107.84215693662387,98.3700562597437
212.19918087563684,116.34507116924769,109.00911075791859,97.6518601862661
212.04228346185502,116.2493249686097,109.35304850371138,97.2633108213754
212.71331174392424,115.89365897206311,109.15505565073929,97.09245324261113
214.04917403465078,115.73077931962439,108.81453739100253,97.05103526968514
215.04233055106255,115.33939830437949,108.38924163303557,97.03318538697076
213.1701988053705,115.4507808466345,108.86445071157792,96.966228915165
212.88667685368023,115.53737836584693,108.95130573856795,96.87628673883597
214.24263809522114,115.50622586278347,108.46344998980008,96.85267869776843
211.94987382957993,115.61685712555922,109.24790091678872,97.02104681773045
212.84246905286295,115.59691883194084,109.36703810121938,96.69257134941759
212.55458321904297,115.69274585907326,109.5638740443625,96.69387368314943
212.8514682720417,115.43231344710941,109.71861233212948,96.6241707990617
211.6441835595025,115.6705600746408,110.39331395077329,96.47100928747768
211.51148446243667,115.89973373338087,110.69441757347545,96.17406868074144
211.20059619450035,116.21595673103882,111.03705178919196,95.98870341681746
211.0094596264958,116.47776434115804,111.2845331784655,95.90544668633082
211.90321379886348,116.59284882943375,111.37052184300751,95.72999643888798
211.67936104792122,116.69808679562645,111.4251469315505,95.84691335284847
211.62636654128625,116.73099752900306,111.38323582539661,95.99432991676733
211.92733097051467,116.77627902719637,111.19850756208015,96.09312053542627
211.77668475683524,116.90573263845391,111.46263989088634,95.90261723493258
211.6094180360652,116.83087250747526,111.72870871052493,95.80100282968405
211.8100512666428,116.79687387019496,111.7525778618575,95.8274822803101
212.2553502106694,116.72606589523875,111.65418536711864,95.98076200145698
212.7900296311194,116.65210941054558,111.3390470119059,96.31369157312108
213.14699913288987,116.73289473299171,111.19600248811656,96.47468958324285
212.58407956430813,116.63353146520537,111.02337315470663,96.75202834953367
213.22564765366656,116.85767881573761,110.57689169868033,96.95014876287193
216.04140489306124,116.82975588967577,109.21851049778407,97.21293425265662
217.17704936592793,116.39042012196481,108.4556397544509,97.6339160855677
216.97423379680407,113.75178926794158,107.74624215372307,98.76199785815886
217.4689134033635,112.78495459673384,106.58235668130109,99.29812830019895
215.40610371768486,112.73432533268362,106.79991311778292,98.93238834058845
214.64089754201723,113.04860779439456,106.78188167486769,97.43113220308194
212.61467023758763,112.61616669202203,106.3274750738575,96.74726353044662
210.99925582720968,110.36094856628281,104.54713303050816,97.62581163075623
208.85291023885054,107.22384468639945,102.28117800513908,99.95543621295644
208.87549200017963,106.2295200266906,101.21761607835944,99.9206451713512
206.72618190743992,104.5073703265073,99.52880855235209,101.37857889579159
205.9301119223442,99.94083367271008,97.48015662953814,105.22098562318583
201.48954366218337,97.5272492963729,95.56078941908588,110.6916867116184
200.71608313097792,99.26579514497277,92.4970895060024,117.66763799842744
200.8241619269354,94.86250152091719,91.5064193251096,122.69526931010671
195.36552056924808,92.13330432467995,91.71049002723964,128.62143430886056
193.30659743503276,92.08536194039465,92.44175559002755,134.04033429044387
193.44882074895798,91.14649042071947,92.68638017399203,136.9275910655654
190.93091858198989,94.1707108665797,93.1389964509824,142.25849988240208
191.20969637014196,93.394545391821,93.6313569036547,146.20727229157524
194.02273735954373,93.14800987887207,93.41010776481698,147.2903638548495
191.89327541120377,98.6547232731401,93.00480560635164,146.92087036251704
187.29770833091393,98.91561209192054,93.87473558144545,146.41084125492682
184.44785282842295,101.28078104795878,94.68614187603926,145.18617842028868
183.2523755939207,104.0910836584261,94.95458066663801,145.24888847645366
182.57750306535274,106.04109889063115,95.49150648129651,146.254407061421
181.428479533225,106.0454378248657,96.32907678945611,146.9464590995109
180.4536533670637,106.55614299996337,96.73027376422709,146.86639992462378
178.2041126983594,106.53638426727365,97.24242115502618,146.71195572496893
176.52763694320157,106.3790658652654,97.98778604310368,147.21845666186658
175.614857774553,107.22929139040039,98.7361854524834,147.6818685552459
174.73010355209098,106.84525652311568,99.06205342690266,147.5305814668478
173.74514340303645,106.29637500904134,99.7052555138377,147.78106709211866
172.83588244705666,106.96072699112193,100.1762101059273,148.29573237348666
172.23376707560152,106.77377755679657,100.8308350620372,148.61343821076673
171.37025707362346,106.59900276338317,100.87617045276548,148.71323146138138
171.14649053256966,106.79893682803001,101.09447812286189,149.18966468029708
170.5075025230544,106.70732932477685,101.55753264359379,149.87630307957608
169.77376557823376,106.75445907040434,101.72649180945729,150.53943724648227
168.5677795091343,106.73676691191986,102.17046854245905,151.20132854768508
167.6080442601695,106.99369023848026,102.73215083524192,152.1398251200434
166.65459823361496,106.88105358974448,103.04758719033765,152.75847041677872
166.68347047386612,107.23910746321617,103.50267678194837,153.836452344785
166.60731159313013,106.00425874355626,103.5793641840687,153.56207353212116
165.53253955169896,107.14668243510543,103.72115727892444,154.34570020335937
165.4834941711845,105.70310457739632,103.90440784090009,154.1013702181703
164.9172771174603,106.61096214374399,104.19575883896971,155.0333557766981
164.53512726099538,105.59547880129409,104.4544595299879,154.68276046704528
164.35776467045224,106.57759838102545,105.29364882001815,155.61454934942216
163.84056180526122,107.00573545714064,105.86867064546624,156.13588146988923
163.4088938689024,106.31755597708192,105.90561255627745,155.60332336057155
162.8643855633068,107.1511526149058,106.36829217568169,156.2266333483973
162.6626193149949,106.72843325950124,106.48584173568472,156.21363589196628
162.17533558576162,106.50525101130873,106.40111175171509,156.09140515777193
161.72061076448233,106.22090237110214,106.85976341921035,155.87241233513106
160.93991937130252,106.94474050067319,107.02311425557302,156.1591094070589
160.78950494072632,105.96289018445161,106.98806766516068,155.56644335744946
160.42123029572042,106.39645229443823,107.35577164138496,155.77885831727815
160.09794585900903,106.16491462815927,107.389090438037,155.57105458384564
160.52611845567742,106.89823918130911,107.87033009787251,155.879570916198
160.55890422889297,106.34940513586169,107.80898291003356,155.49438571367395
160.40237495977954,107.33432202557223,107.7617207013618,155.93197805310356
160.6952093239841,107.37594097131675,107.6891201721104,155.7747622963358
160.1416278997691,107.75007850918513,107.44659985499014,155.85713433153808
160.4696551111718,107.58973677632324,108.02773925504547,155.86456484158674
160.7013707562794,108.03545554773876,108.04295975664127,155.9089358977509
160.7281566208539,108.56185659254248,108.44686264664247,156.24230491066726
160.93410090165486,109.00522551325912,108.90679489249746,156.91969677943143
160.3732887925905,110.32054906928602,109.36841956123733,157.51525811578767
160.70091752191234,110.56904862022901,109.69930110205573,157.85812159896943
159.38340454980704,110.75306425695756,110.11654287993034,157.85881926123088
159.5555792768499,110.51203368449727,110.66987549657671,157.74992020155017
159.34065861409778,110.72940794624509,110.6764101483158,157.7795497369649
159.6735645527989,109.57051014271728,110.72039970638411,157.64246606011548
159.63841527335114,109.96580630830329,110.66321763917335,157.78136429519714
159.72701564649387,109.17654450669839,110.9389000172394,158.14379268928522
159.99312863286607,108.81201986598369,111.262196319466,158.52512131789595
160.2956449390831,108.7257069632655,111.27124902368999,158.48471624860318
160.18605959633447,106.72955146956417,112.73911997030325,158.82126432516293
160.82763787605498,108.78289908150224,111.88968435717419,159.41043187136736
161.92382899597962,108.06384000161505,112.0944311761628,159.4398898577256
163.8658837677308,106.53558107619966,112.01625916127065,159.1317696184227
164.86727757355428,105.63150754582591,111.85103911744903,159.85327167203673
166.04741878685738,104.52719276328733,111.14747446809503,159.96070280228417
168.33273549460208,104.47207836932775,110.36421244962406,160.2672518110314
168.74317447664185,103.8583230480513,109.24763590241841,159.9095378251358
170.04582127068375,107.38597433989177,108.4038138242681,159.91744811300637
169.3427347370473,106.07710228613008,107.53505665281727,159.58410784514828
169.72618820099623,108.43681210438601,107.27091538043697,159.26891165071407
172.8899371737706,108.90260014856928,106.71179998417418,159.80021891558087
172.58949194246458,111.86972851755596,106.97770876686977,159.22773042330454
174.88232800877313,116.57499740626275,106.15190430240457,159.22188338838362
182.91376659923355,117.24350618125098,103.58575983327567,159.75052114140857
184.3526736068833,119.95828445079906,101.35359322455429,158.81241586574015
186.62528262202517,124.65311969294541,99.63380534907094,157.70891252622283
187.61930813236503,126.86962320784843,98.31458561720575,158.05999458485672
188.48075077819402,126.61624818892169,97.16180653387221,159.4592949123411
188.89056882084463,128.38830022643933,96.53178624954774,159.82668628446464
188.63708867763523,126.9510863407848,95.92623990793007,160.48456418242165
188.338985101447,127.11454111944201,95.55022270556256,161.23863504521984
188.5601140147615,127.53813625366429,96.01718879308,161.73191068005744
190.0587700243588,129.34342575818243,95.99644261174545,162.25650308444278
191.0856657674435,129.02782363132383,96.22298130669795,163.14956708294724
191.70874827211358,130.9942051715283,96.49095058519191,163.03531095863872
192.62674703323734,132.63969864534204,97.14598280232426,162.92087273041741
192.09661138042802,133.82140566389702,97.52049468277966,161.1143120472846
195.7401452045649,137.52494342077267,97.30558918584256,160.8551595262396
195.74323807303742,140.21446859079225,98.07860740025633,159.8362929020208
195.4652179676574,139.45317892301426,98.64506731969301,159.56625777758532
195.42518635745532,141.98633060911402,99.2460213720445,159.11546439226322
195.33950885816952,141.48507617793126,99.40447006233019,158.81624846310197
200.55977227539287,140.0194726042025,98.98137353336443,159.85528136663248
196.1502938251458,139.62519453541915,98.164336476339,161.4273241088897
208.30189690100158,127.52448736321247,97.2779203331724,165.37284283867905
201.9870541674233,132.907084168885,96.58417764633722,167.01681365604492
198.0327965719609,150.47013571237363,95.53371704533097,166.70902416770048
198.93710871023472,151.3915828302009,94.72922527801487,166.2161850305796
209.7717754761871,134.27474574709422,93.56642441517752,168.49007755006443
202.22128993634428,155.43510493862402,92.60064020006332,165.80484958448528
199.64370142451077,159.18429979593583,92.73518066519762,162.84484383058557
200.7435765124071,162.44745039937223,92.62488561712104,160.47319283504697
200.9938130942344,163.54576693694713,92.51462537675472,158.71922515801808
202.6782312968268,163.90509538562281,92.71181828179643,157.40635334443743
203.29097384795654,162.0570292179761,92.49025254255878,157.8947890034766
211.75145399714233,157.16839251551147,92.18464678215108,155.5646023864332
206.52887664605134,161.20142247261245,92.4589955532417,153.46442620407328
201.67270779630798,152.51898157002253,94.6575135582094,151.86919257651385
199.49064163299354,140.66885960311643,95.94458280118958,151.93382211518446
195.58050452512106,136.2810931262848,98.82267638338968,151.37262792651376
186.2706778893885,128.70784342343043,98.58499361054324,151.7957176795125
179.34678418921956,125.77498899375851,97.49710157515115,152.24070453110488
186.75240592436631,120.68415109718954,95.86995158019946,152.67001521193814
192.72957379818627,119.13888891735182,95.39355925296968,151.96539572891643
195.0546717085918,117.71329548465721,97.57141642974776,153.27080205479302
197.71341680882566,119.52733891099729,99.95180840472555,153.5515429837901
199.02388828531187,117.42718386384564,101.20476920312643,155.25780877419936
200.64149543361822,115.90662211644039,101.6153948360944,156.34507270136766
206.18445176098868,110.1429584839776,100.58634787349214,157.66143767076102
206.4083004341486,112.99352611169601,100.02340963291431,158.64263207001778
205.57230413966414,115.57080268655898,99.6767645647177,159.3783281726112
208.71752231747152,110.751338257449,98.4976520425685,160.19862681232527
208.65775772485324,115.23570869036024,98.42485210418889,159.8902977812196
207.06597210554563,117.06073372249256,98.07627164373791,160.05612443929078
205.55461705734515,118.89956267563625,97.73744976725375,159.64166061717088
206.42735505258156,113.62938271895452,96.00960824865935,161.1795877073532
205.3130239522191,118.04632224553202,95.1050364253364,161.4901597955556
202.32785541187206,121.2051719607459,93.97849354692404,162.7033126829379
214.52393348526644,110.57280687573932,93.6130536324351,164.101873877121
209.66122617446592,112.71916502879023,94.02176255030074,164.94064112585926
205.00543625928742,116.23997465244645,93.29040128721292,166.04303146869574
217.41884509356987,99.52930712502902,92.70910897875545,171.53607901742708
213.31943170964783,101.34572634771953,92.14876902907025,175.03794897658707
209.32887204908658,103.232691341344,92.6801283900182,176.88227412773537
206.16986988587286,110.5294297046949,93.09942961814852,177.59090425833335
204.78743458880524,103.82545448015622,92.39754625262798,180.04285819404402
213.37131762544547,101.38289774486059,93.44321058401061,181.42399055120146
206.77195886609292,100.85978906183799,93.4149879476864,184.45397113517268
203.89214949509932,107.7956132651426,93.79441584036942,184.74123443358053
214.80601098448957,88.42339124739148,94.21952145961137,188.84827307357497
210.45676091491407,91.12907970479093,94.60315839380632,192.3146637216423
205.07022629183305,95.2133136979566,94.73576953297373,194.83915552077238
216.22144986087233,90.809360803005,96.2366118083473,196.77216096964162
208.98797286928388,90.32392820658549,97.35634441701252,198.51664962897235
