325.5,106.5,147,164
329.990467805581,98.73656309832295,145.7782473188307,164.1267740490206
338.3000638620442,95.82556717119806,144.95185992392186,164.96984925822034
340.8353045171062,93.40666096452397,145.3547548879068,165.04062666409172
343.4210161107341,92.98695569427483,145.44079181799097,164.18321503814713
347.8414222192031,90.41684450743945,145.9488575078524,165.32005186799464
351.18780393794816,89.68644595735074,146.40694865791718,166.43037115349767
356.65029418996244,87.42195059044677,147.51314376729187,167.206297731727
358.2037177561509,86.09322882030844,149.60766878152145,167.85115205577137
358.66135500942784,85.72622521683465,151.60034777571525,168.26078813344458
360.83018961317424,84.21448628055468,153.18922609553567,169.139345895302
360.90626802416404,82.36975834461737,153.8606209879764,170.52518667394543
361.10621377641775,81.66167910378573,153.69596322248745,171.4597793821216
361.27362201211804,81.2994223750359,153.39609665725715,172.50278400049086
359.90869030862274,78.6372102575387,152.95529265435096,174.0000719573328
359.45849488486,78.02505753090078,153.10286432138787,175.114387424785
357.3066624082633,76.54783669787687,152.57467540800405,176.09513965392028
355.7698468282775,76.70417899185075,151.74931093008206,176.39729265285226
356.41399666552337,77.7206480508503,152.04526194414314,176.57816807817287
356.3231745426868,76.52766291251122,152.21949325560615,177.21654280622127
355.4391780738242,77.60494513278216,151.85220796838627,176.88827409913122
355.2237903231652,77.98023036408537,151.9043036577498,177.37532410943282
357.95757184804455,80.05083684418037,152.88272544838415,177.8044946979794
360.1849820999392,83.23586550513983,152.89981351393075,178.2417384205246
360.4977615891782,83.8193266915119,154.33359024407093,179.1561246510672
360.8079720377027,87.87351341198223,155.5845203506687,180.1257522324654
361.9083168204792,91.93653457838529,157.08208823140484,181.18299561285508
362.2126819638707,98.4820076957239,158.62355258954983,181.87260987164711
359.3014545361263,103.76893442890803,159.03000040310746,182.2377117122857
360.1157276585848,111.63733769294825,160.8128196672237,182.46753421252555
358.63450059382865,117.9895704122651,162.94383304995182,182.36058292641872
354.6785206000168,125.41160178923553,163.32608226792223,182.05846086156475
355.04198043812505,146.29080213485412,167.58459092498805,180.7505225116362
355.8485620983292,152.71778671552048,170.56859986486424,178.9255669840315
353.21129820758944,160.12133765562777,172.08330241669898,177.82018915624613
352.29489981215556,169.4169385732361,174.05417399303764,175.6625696269376
350.22233437984937,172.92909576019565,174.3415134338525,174.98092283266942
347.3617816685639,179.28225118242742,171.437099103921,175.71743539824007
344.14182211645993,181.71965663003627,169.48050903759665,174.6873131569683
340.2826617174351,178.9069031420786,167.61535376905698,174.64728468290195
335.54661105741087,175.11690700463154,165.76870947600733,174.93234220819278
330.0495158043396,171.5945564343806,164.5672746769741,175.71469612732017
324.2568168575043,159.74976861284833,160.40255908340094,177.60963599767962
322.6547238960498,151.1736726841379,156.46336817907,178.50983086108192
320.48756763130575,137.15445535506691,151.56907448449806,179.8166981364114
305.77568077147566,116.21154872620133,148.84534530498834,176.8516775013203
300.6048607102441,92.81277962233705,141.32336466939475,181.60396195538675
366.0644589195558,81.8721275285514,132.35719406864249,185.84495394813382
367.70359218409214,87.89435011816252,124.79136135457227,187.729233057852
362.14580698047297,98.00680464548626,121.6186245718692,187.28302960012837
262.584611575192,-6.05368123798155,132.65115637364204,177.49553884264992
274.4397227128008,-5.471590893285878,136.6785706645866,171.7033860272515
291.82911843884654,3.153092453763648,135.50222672226073,173.56789376857725
307.4107234098052,0.45683059337007137,136.2448719591764,172.61177180226113
316.3140253652043,5.876489438735376,136.78020034513105,173.88296016926978
328.80361682643866,11.189284341556132,138.78469242571424,180.16074598923862
350.63245366951355,15.088679172993949,142.3596923845839,182.64130183875312
357.4863594536446,47.26776667370916,138.65915925870468,182.49484253556489
367.98246714784926,80.3555120109533,134.14723714422112,179.75446004589105
374.03358394701127,109.97872687246314,131.20132125677355,176.40534248717802
375.9070220527893,132.3200880597807,128.87983803056147,172.26360521996483
372.408098651921,155.34145560920675,128.46287512847113,170.85800085841737
355.3586669951976,180.16955559522916,132.37299294326064,170.61938053725146
344.457903214172,180.71957301367257,135.3578624852923,172.06985896788171
335.13482778025076,175.3844132314969,138.71724920823738,174.33484596692546
331.23465716995037,165.79591234000753,139.03761377478546,176.5635197317157
322.3132051720302,153.08592890947457,140.20983677086988,179.69189113379724
331.2462023384702,117.56291664247075,132.93377392602696,179.87426057747285
338.40313412721844,82.22543968868325,126.78302108156275,181.2978793410049
332.0800605172249,69.76640357547664,124.96634157272901,182.0102230365343
292.2215995854254,72.26870831706437,134.3811241541015,173.02157210095103
305.63132637967874,-9.057355790427124,134.08454349039943,168.88015173194964
296.96505273071875,15.065789483012026,130.72484530492105,166.62313807105767
300.52853452219915,25.46248840408144,128.6014785046445,167.5213658240116
308.9951708758326,30.291239585420996,130.05977874964816,172.63998746188182
310.2593767956304,22.835527603938033,134.16900977046524,177.75201204893222
315.27390179835663,13.58234139082299,140.11988778167535,182.8827674478796
331.9598075060924,17.086096949710324,144.50804417015888,188.3622691932641
343.61199609867924,29.55553226653157,146.58440238232396,191.97242886357668
353.7056491775818,44.80166614631352,145.50084263870352,192.06277028064852
361.9966467726979,65.46438701516806,145.16221941197233,188.9119386808789
362.57911684045814,82.16131563778177,144.4957246085021,184.5968587488839
356.7655004438813,120.9836456194883,142.403026752852,182.06995849006069
350.5905561775752,136.15840827147952,142.4106549247465,180.2223348126652
345.3050800928212,150.24758126867192,143.60264076277255,178.4214283171817
340.49511694151397,155.1073193991339,143.06228397670287,179.15686614927534
336.11602714496547,153.78852338793595,142.0802177507081,177.51218726331552
314.83688688280927,141.16219608702258,140.8924655601768,176.1819751964411
311.24414520555166,125.37408281980115,138.8246167766305,171.2501527196535
312.9293226142296,104.67949379724875,136.64119130440554,168.10796632384032
330.3827257999899,82.38644813292535,128.01922456301196,174.3283578844207
343.7168389902236,69.8000925086759,123.22175051713921,177.08858591758758
313.21307096959765,-6.064365935425101,126.82050359940675,167.8614786358677
298.5398336347014,13.978244092534268,131.59703007278807,158.03774272606714
300.8162975791969,23.945336357695624,135.69671296260577,155.58453811517802
305.5587855162979,22.533853614526777,137.07244437142367,161.8324201073293
305.4385092853456,18.491893720285432,139.52744433164983,171.85112681159112
316.96869544720744,15.076115265753074,146.5224957444984,178.7101559261159
324.57068791741176,20.007783735370026,149.55470159998816,185.16023451422575
332.39406347988023,25.895846156129863,150.65323741657957,186.78055590073342
338.84268058793157,35.18827575209714,148.68103104776702,187.06295859539554
347.9729729642302,46.47742524830649,147.30117406311402,187.482960155345
350.76398714803156,84.45205957191105,147.54305116349838,185.09035502131948
350.99566092238484,101.68479356627992,146.95291420884985,182.81169657237666
346.943902885189,113.27937986254241,147.70460599964173,180.83430071325012
341.0693158401468,127.16111026001606,148.551683341374,179.3318605787032
336.84038227458245,138.5500772249439,149.40034761071678,178.65489596342277
330.6393511288712,141.31263936276238,146.89025951914368,176.35350725869336
329.2374048650969,141.2738589860169,144.71840589190717,172.97755319780748
319.6466704210751,137.1159174177758,141.6419688198678,171.23240403906263
314.1267463129152,132.37440173298947,140.45122240117777,168.41737689880864
318.6769607151637,116.92252117865205,138.58590244906725,170.59136353238583
325.9657077651138,74.23916228427157,136.70310286821007,169.19669063511162
316.1389676119509,74.12811501907454,137.19492011911592,165.97658784266022
329.9009243921546,92.76136016959906,138.02795541124755,162.2975418470311
370.9754363065243,113.5018328863916,128.73607879930512,167.37552967150268
395.68187638956823,22.940300037352614,120.4010947513813,172.11106790376033
307.8131945216714,14.219901842833607,119.4715883699874,172.8365589644292
307.7005371301929,12.415643815341497,123.06836096811466,174.5157880626263
310.2203040720684,6.760049600675913,128.0568088424813,178.05872364237862
309.74931811731943,6.047862104283354,132.87777092531914,181.97703922697588
320.41413110054776,5.0978656966150595,138.32682003820824,185.62725210266098
331.081996250075,11.812754540440153,140.1363438742855,190.18332570285258
340.65016726428786,21.311934578355107,144.1113089900249,194.55358173114865
365.24264758676907,51.9658442007493,142.0959421560976,194.14899887552042
368.6365010599625,80.03726691989621,141.9524169380738,187.10828432711918
367.7174873767001,103.60202382618809,140.60609381402855,180.77960517029715
354.704334049406,143.19987653567034,141.64776988389997,178.2444451004537
342.77593705755373,154.71437344803053,142.59489208415715,177.16364959421483
336.9307711847376,160.02726785429422,142.02989088301217,177.86865225507609
320.63796060922164,158.494908042208,145.9145308939074,178.49460563817487
306.33830889250146,148.43528730955907,147.02523455012596,180.5384725002013
280.68900676199473,143.93024264639058,143.32985458872733,182.8149330766909
281.3890219664529,134.4716992235687,139.00131518284758,182.02887966354558
297.50109792612653,103.1483038538877,131.16153597468187,187.48986794319077
313.4985092882664,75.6716236453053,125.82316352200856,189.54478323096103
330.30587807457033,73.19887255106684,122.36128659088021,188.48724748990304
304.3676279076893,10.973486670006025,127.61158910970084,177.26379439850905
306.9298183172391,7.344807584443473,129.48616640141057,169.6775742310111
303.88870328780354,18.16633138941245,133.3945533149112,173.90949228879776
309.64216547906756,15.30887707498492,137.73754252949018,179.2013205031192
310.2879767479598,11.043415718921949,139.95197463152195,183.7053071610154
323.1476508371222,11.522115493406488,143.74895717219127,187.9078178140727
333.8199316988606,18.277125690813733,149.76594101145855,193.20274431867227
340.2772415984641,26.319407767623815,151.55700396676824,194.19549454188316
350.46989546870975,35.779009694336565,149.0537572309156,195.65676477903384
359.6791147314701,53.80736938261856,147.4290599315911,190.90505333704016
365.1018271960908,77.45260499683877,145.50392881033318,185.16941456709583
366.33777113120937,92.0302662290586,145.21900092201437,178.61300148070794
362.56235267604245,102.71740558612431,144.72107646455032,173.55191704147884
357.16057938070526,114.10708352227286,145.05577864146738,170.5623351102218
347.75269692640995,120.00414637426637,147.0619045730073,169.00492376933292
340.7795788854603,126.77229777457231,145.20885476623465,168.4846150406815
330.19913222014145,126.60398593930228,145.15034578363998,169.3319865611628
328.1140130033027,123.7511324473214,144.48773328424244,167.45445637395147
324.15316403283487,115.6174583996522,142.66207481038325,166.33383831328402
314.67984119991416,112.62144565860983,142.09013908584382,162.6873931456495
319.04701766270796,70.07299665349437,131.10627777936637,171.94035042101714
322.7345456345327,62.74225089031134,123.50740940461978,176.0914602487748
382.295868835302,74.76585187747806,114.92642712661646,182.76366440237106
378.47034735976086,88.57048488227412,110.64807249469087,182.1069855204645
400.86563885438693,11.004034482816309,107.42152301373955,180.33337691996604
311.1494021366902,9.854006629364278,109.68378465714082,180.88095402732176
314.8150486156013,6.127222597665835,110.34017642603362,185.51628597812405
318.36835002662497,-1.4741481616134138,111.85986869370801,189.14853665958537
323.55734155679477,-2.398365151865164,113.1761548136663,193.95488880720313
329.3570400920399,-1.9322131495375459,114.44340450983864,199.34563720885893
334.33914345490996,9.234182175964634,117.53505925718196,201.50031336998836
338.9457475383164,14.788269078695151,120.20130951779825,203.3978234634531
345.0228490483137,25.75550582313275,122.31627535156348,206.12721601766873
369.0493132066151,62.218326033587815,118.08916032841768,203.67485745711016
368.6859968108862,85.03169543045571,123.94239052435543,191.41823966557163
360.9307460128437,118.16640125842736,128.7202890473203,182.06721637632756
355.23208511723885,131.80918228557002,133.43604698431244,177.10964008559205
348.77008859152033,140.89713743544846,137.04472097447024,173.48656048194113
342.73215601267896,146.88136746866778,138.551720356091,172.03912893417925
331.87921805843456,147.6723079826165,141.55427099297336,171.49623804624304
312.96783983275463,136.45120620668695,142.7774218840305,175.15442403523593
301.4533383226985,130.37292362994475,144.68105869320522,175.75236968951378
299.1683746343318,127.8786744483193,141.49794146468338,173.9821986763914
305.1075283667413,101.33656135554517,130.87824448684876,180.77014876941035
300.11708612581464,80.28491794408511,126.4820261168344,183.28134117094376
383.1140712993601,60.437237101002836,117.0821262043138,191.87326734075089
399.14816335341555,5.809699036697538,114.03876242396167,191.00827205822867
401.87560546250313,11.424962718223227,110.33270840502814,189.54705087803862
310.63447145887983,8.500938089628391,112.63292379997011,186.08938552798952
315.168181163814,2.8185482108619198,113.41785557876142,190.116610830719
321.08004816934346,-1.0165893904197532,113.79538118073955,194.81836300776965
326.7216193217378,0.5353259355752158,113.72131671103384,199.796510200018
332.9259597577832,7.574835254384581,113.06922382112086,206.06135218861996
341.44851746472807,11.784831182069254,112.09188222620085,210.9216442611681
350.36574533594074,21.215934268227826,114.66670535340438,209.10918937058923
374.50802316362035,56.6894843867607,112.78157138993964,204.61170461203912
374.5255887208051,71.3209667124912,109.72413001861216,201.60281596460644
370.3185288804439,95.13416257158354,118.05008691952655,188.91761687337487
365.0278014310825,113.29987997247761,122.9888215957763,179.16124005498517
357.2009900442038,129.75557016622594,125.60893320772934,172.65688595838208
352.75595308055887,148.90373011915563,131.03955307541847,170.77522745999337
342.7235909791767,154.88833290337243,138.0439583313443,168.86196442696018
336.13697820450835,153.32866207845993,139.11808281409174,168.09559631421195
324.52519471670695,148.1940046813039,139.35120560634496,167.4041490845982
307.85186883911416,141.4353911140456,139.72621963570043,166.2471504119249
305.84776012517233,121.13476883086804,129.5758572372291,171.0714174392175
306.93126447499515,108.80102079147454,121.57505442060966,175.56538675408848
326.7549454229046,76.5321580758183,112.22761356055734,182.2118959073248
325.545781610686,72.88178096243925,108.24398271941838,181.1292797346078
383.2489365192436,78.58228151755371,104.42021532173669,181.51406048473044
405.9247446558794,24.199776125849965,99.10747844299634,183.51082175641918
307.70814327179335,18.245391932500723,104.38839849632475,177.75528922453856
307.62523796404713,20.582740534393892,109.84115683902056,181.99425397753933
312.89781299226723,14.232352105019274,110.79497299962138,188.1484829465791
315.99772983759624,4.6686123997533,112.91715125659513,192.816360001154
324.6251833833262,1.2086698107512177,115.15649923105323,197.22209575174423
330.21395158717445,7.789177025555006,115.3554457869187,205.16255608409955
334.0630666644205,6.6622962787146776,116.35379461191883,211.0039311603913
340.7050896577391,9.007716736285687,117.34243844461747,213.9220804376626
347.1468879072316,14.173653212092972,117.53323998640403,214.47180119027166
355.4554159551359,24.786936564090553,116.27556365896699,212.19989680927455
361.7055914240318,35.39157070194936,114.57297654563808,208.2183869411497
365.8775770310577,34.16827180198986,113.2460713334784,204.12350753769957
366.5913296836164,36.617387613053126,112.5320773761317,200.97668091625968
367.1911343574717,35.767174897917215,111.71803330933541,198.27955147211134
365.4852334478417,34.91990810659672,112.36506605129435,197.2347340205879
364.5548469994846,34.1504517667926,112.73188846182536,197.00777207594382
363.0177965362852,31.48090609541616,113.23577368616735,196.54375520336467
359.7347439295395,28.98849535683381,113.82857510479788,197.08964998375203
356.95659219210086,28.467413501168608,114.37576049953603,197.8411208292339
355.5678509962084,24.144079502182493,114.88143617440198,200.03791251876495
354.7610456247353,23.920552183472992,115.46066242828876,201.59186415268206
356.5537816330899,23.460183142080382,116.46957031346557,203.8567478910993
359.7080207413343,24.477787637351582,116.39577036540942,204.42300412577663
363.2842412630056,23.48948308413614,116.82060507508803,205.6346816130402
369.5852437686487,27.720897951704387,116.47216680574513,205.37542319748377
372.86740958632674,27.750413622387043,116.71205155527673,205.93851891224028
373.58190386896223,28.61157036233476,116.68017285614806,207.44257052176135
373.4412339296523,26.687257985141656,117.37244694459149,209.2576609877412
373.3052521553651,29.653161115888636,117.8491592727012,210.42834562819425
369.4647242291353,25.804055463504625,119.50396285541598,212.55535560849938
365.06845898275617,21.146145679192017,120.75699978738311,213.60692919018612
362.1089515805218,22.003281491012473,122.35329930941172,214.35835199403544
357.97511028347003,20.163649544215104,123.39864036603973,214.6129969282033
353.8152871032906,19.0458866860875,124.1495401596261,215.05832682174275
347.6590517946703,17.620910372120704,124.64814988361718,216.03841212484724
344.4618575912293,17.35914180529329,125.1037732415184,216.51860190352375
341.35057585877826,18.09103812665778,125.18060907199065,216.21449916405405
338.99451967469525,16.473272242885344,125.46946313556064,217.15420258916117
337.7562687688601,16.633880091220306,125.80025519419455,217.92834514501658
333.68562480783265,17.445999060832747,125.86934138742856,218.5906746553614
331.48752247640266,16.254924017414567,125.9965221550249,219.19569783389545
330.2063750421654,19.309577397252696,125.63196336673053,218.4892560072331
328.42157947038686,22.756598883088287,125.37746903627334,217.6577487983488
324.96430600615633,22.80788502508507,125.74814694617974,218.50287719365744
321.03519422528564,23.125874608979558,126.01611047908203,221.23234673917108
318.88625146870004,20.65008165538623,126.37242904813094,223.48699460848542
315.81966626413487,24.051227998116445,127.00592847490043,224.10637426723275
317.3103106333783,18.866301396664568,127.70577872872306,227.3819677312144
319.69495132665253,23.693319689388247,127.7535911913568,226.7102814951933
