441.5,252.5,181,184
440.20758381193855,252.24199979233788,176.70815200197745,184.18178763532546
442.0947197108703,249.71072290544487,174.97229372874153,184.95651582469986
441.32706121597,251.78711243082725,173.05923549347503,184.0156794466646
442.9895750870242,246.11988678530767,170.90552079877568,184.87780064431996
441.41639923340443,244.7818970169663,170.43956448065512,185.44018135745537
443.196327075401,244.42095178909514,170.94455865017767,184.24197112426333
442.31515189317093,240.3654957721604,171.08391101544646,184.27739411394342
437.05685736930116,238.66739755376489,171.55788417268306,182.2302287915486
439.2476776925194,235.66785597643937,173.32329152276756,180.06954670266936
433.4898871820705,235.23484470311087,175.55674993166588,181.01574093126692
429.6517432908852,235.72969500499892,178.55545640376434,182.31960536235715
427.59926808484136,232.23930348365238,182.52381523236156,185.5950344297542
430.5416416860008,232.49875163974673,184.27802171580322,187.34296260143694
431.7206011337656,234.02552345539937,185.49365781294927,187.22160295107346
445.65316051761954,234.33329647491183,183.7592629984885,185.80319492350404
446.48540426844045,226.93411928873923,181.95705653620394,185.63350978321503
453.68819440729385,223.50447746169584,178.60755612299903,186.50089823847972
462.76774974479326,226.0879203508518,175.68216241272194,187.52875609343815
463.93579045241125,212.90735331514287,175.20475921918853,187.2814993567505
469.3187856021607,217.6840135029077,173.33427482484097,186.3921699556471
474.43467008100373,222.64835865935993,171.67138594833173,185.7336775110898
480.82869990487166,223.92200348629035,170.4516217794166,185.0799377763574
467.2821379142217,222.73292697596276,169.72601445273307,183.8379242568667
640.788548946312,232.14938361433343,176.63012354089636,185.06682051992024
643.2276954013074,234.76093502558888,181.37504058421354,182.60520303562046
644.677477597288,236.85366107865826,184.93309728981725,183.22840285361494
647.0511606148922,234.36150107402995,186.84617503741524,183.47759827485893
647.4296813095984,233.19021339148304,188.52162614258572,185.53047134369572
647.7899627233239,233.18283188671512,190.01953770325724,187.78652635304843
649.0840820644287,232.78206704870902,190.89336257199696,191.02274721978023
650.5969549473241,231.30905099253442,192.50847593325074,193.36062211462684
657.167595500624,228.96206729135608,193.88907211546928,192.0423600743871
658.5934870921869,236.0344673206359,194.64948728515722,192.5985917007029
663.5041169645032,238.40551397113546,195.53221180108383,193.66156927677903
666.4545736239606,236.0932176555712,195.75419896816123,195.90152693628886
665.4006922545409,233.3252868001194,197.07945214164727,197.90160344898084
661.4856230048023,231.84647710713404,197.5256408845024,198.43906659448825
664.8606227673295,227.21713196937463,198.16699878132283,199.27590761921363
655.0412896401413,233.05338935115287,197.82439138457622,196.34507586194374
657.6630710167764,232.5464425276929,198.81277891435658,196.2198061339629
657.52842778201,231.09988772375038,198.6496282024166,196.67602800075903
658.781621059533,231.143557472642,198.57426977504096,196.73135210103644
657.2456784243334,231.36590072847844,199.04018060963375,197.81607130244493
658.267006745051,226.07291124297905,198.88427871940385,197.60674120667124
658.9013673448578,231.0336195261441,200.06681117236292,197.4797248554901
660.4990071236213,229.49222681569512,200.39399469810328,197.0740227943171
659.3357125263542,229.46239464066682,201.60299727993595,196.53785241231805
657.0464876959184,228.58474541545223,203.09456530323445,196.09464569955446
653.7384637949513,230.24363959271022,204.17406592117828,196.75374409430606
654.4691921251708,227.7903254972432,203.71116420573128,195.5278153699569
652.3094449995466,229.56360224318155,203.23130533426848,196.00378003603916
649.2770903517048,230.15588238989739,202.9468038908162,195.9239663227314
640.5434170473419,231.29983873314936,200.7014143697814,194.01952247277342
646.9391044561632,232.93274302589677,198.6229301771387,193.4928288870497
647.4749326836475,233.6729752441264,198.17393948507163,194.40998822797994
648.5065352529859,231.50796705114098,198.2492698459673,193.83767993743714
647.9621483662582,230.4016152289911,198.29309182289103,193.45063020191517
647.9466611707039,234.0719450298962,197.41529189768875,194.13858273694575
640.7571540542473,238.20557773958623,194.7817367031119,191.10130303152442
647.3129718806998,230.94164053415892,193.97775924570234,191.71983944494252
648.0845721102064,234.34526077088788,193.8814309018243,193.00823820030544
650.8251633796893,233.31927020617957,193.9053595803573,193.24922673118843
644.7154494172559,239.01174057357568,189.82504766757776,190.29933600707733
640.7673629367863,232.44809323743675,186.84350742508673,186.8985907471042
650.2146749910812,236.10762283763313,185.17082240341102,187.77394663917968
654.61726505293,233.77712442738127,185.21118709477702,188.12374808614828
653.699677018629,236.41637261241675,185.52493815460497,191.82933012336494
655.4164413348259,235.72215892009348,186.14008601299489,194.40932457134306
654.5297311220827,235.18834123698028,186.650584985959,195.09598889326747
656.4622421864623,235.7556611810786,186.36570940833218,196.76434444841496
654.473036213759,234.42744945009545,186.59171189557838,197.37234032859413
655.4114758329916,236.82601662196097,187.48112308336718,198.95843953207378
654.1620245847888,229.07308951788679,187.93832402452077,198.00085761351315
656.7095670723381,236.13994134144764,186.78799889515577,200.08725818392077
656.5021015824892,234.74301331655607,187.68276958723507,200.07571290847807
656.2514933275047,232.37074824957404,188.91837689243488,200.25219504210645
653.8009683417495,233.45249681351004,190.50506266907553,200.80841875468852
653.1668916394532,232.2162680810272,190.4158162523865,201.16640096941006
651.9697078890509,234.6313295690922,190.49174856108294,202.3265009241883
647.6180100980148,228.92678114809462,186.7898907328159,197.3638917572723
652.9815732057414,232.95690206601964,185.235544554289,197.08234598160294
654.9294264260334,235.45785492080566,185.6586161517299,200.0317318331576
655.7113532773948,234.27839760735776,187.09470952008246,201.45601773500152
656.2330222161281,231.4269894411824,188.65532643463843,201.51608428097526
653.7275992400251,232.9486794648397,189.678439737995,202.37828666163918
648.9947153705205,237.9334047413636,186.19326448384032,197.40945981159433
653.8452457666335,234.79978939184213,185.49661920369903,197.5575866020985
654.7197585392723,232.76671997068223,186.16368128583233,197.95699217949516
657.402801117171,227.60165902130652,186.7583700748898,197.04597752734327
649.0293909732445,234.11482104782522,184.11921357136083,194.5703488936174
644.330856690287,229.45737400359104,181.95035844648007,190.8945126964412
649.2541097365618,232.07999042121375,182.1909352167844,190.06124952290844
652.6387894580728,232.41116476875027,182.95183013777626,190.2152533144458
650.1007404653284,231.285045007051,184.83637858369886,190.47996856683298
649.2731161398555,234.00138268503048,186.60727793318733,191.4670577296118
648.3998901408792,231.44508814683684,188.8665923154593,190.0550014774774
647.3365720103639,235.99301787526386,190.17953707964068,190.91919451085772
647.5300765071836,230.10879207189254,191.578941159541,189.66879006901635
646.7299223987455,235.02241138396664,192.57857450878709,189.96037640366941
645.5412358415659,230.8752953464679,194.7322453265318,189.44759210598625
646.5664899767057,233.71546943581774,193.80245517778073,191.9865794833169
645.5417066035212,229.884549215052,194.54219924558384,190.6633706771066
645.5005498026098,233.4279862803497,192.67651944969387,192.71814483905274
646.8493931506084,228.80769659501667,192.08349231103915,191.88750762646686
646.7377811985316,230.4615558097586,190.99909259039111,192.99356702519952
647.6513124885121,232.27772916176994,189.2596600439232,194.88890214872202
649.2777394093048,229.83916276423605,188.83318192522313,194.78932033273637
651.4400537800933,234.3478403919343,187.296611941428,196.44016652387305
650.9083120465964,232.5456776156721,188.3559902670353,197.93855411863376
652.0521639096071,232.86154667966304,190.08991873553302,198.68053306027775
652.3464924147844,232.87421859607338,191.9303381583602,199.93109674393656
651.0907302852352,233.98708756763907,193.0266203415385,201.56873136512098
651.4020230747476,228.5759769844028,194.61583009256125,200.66615623642744
650.761183246538,230.0944485358092,194.2234334302396,200.93085507468527
650.5857354976908,223.53338100964186,194.33640254908784,199.78017442267426
643.4559194338253,231.494467512811,191.83465924957264,195.83650750459276
648.8603801379709,228.7941304357274,191.29406746164287,194.85195827008812
651.5504944017476,228.46976175450067,190.91948087134534,195.88206960424228
652.5181874545088,228.334563483723,189.84697541300534,197.61744674806198
654.2379709072661,229.15503884348686,188.49916842761104,200.16909007989534
654.7553970978113,227.84578099483588,187.719537323996,202.26516135018394
655.4476894949954,228.65968991659412,187.4885163867064,203.06278572544795
655.9353455515918,226.89062661094255,187.7134839861906,202.50507283632388
654.7065302176137,230.04165387640978,188.39120301684062,203.43055259951782
653.4969255029584,229.95017819436288,189.74225286592042,202.91517642226026
653.8829167625812,230.41159316657365,190.36319453624247,203.17277081045745
650.8587003015207,228.76054516737656,190.40418498399828,203.1388337030014
653.6925082425737,226.55242950669552,190.50556104906627,203.1251777295942
653.335494154492,225.01654982122818,190.41640847104478,203.0553717776529
646.1485590851064,230.9232988499458,188.045188125197,199.99240396313755
652.4178205777591,233.63320296167507,187.00005617687881,200.9408818724916
652.0316038783443,235.19880128093172,188.59122660573772,203.76382446661376
642.3532012403955,230.25705979913937,186.5360884459665,201.66568091957834
646.5744915796017,232.39268032953504,187.83242225729998,201.26428381859535
647.9791537351679,234.82701037145532,188.93513388824545,201.9834080250685
648.0273133366844,237.49752776000724,190.1800065730679,204.82070080838943
635.5376838850711,234.26600766518055,188.87229343039598,202.35366439892178
641.4002100769703,238.8216665726719,191.17835657851904,201.91650372657824
630.4373122782708,234.3790957096669,189.84478900147963,199.5079280682498
641.2234977351754,236.51650174076698,190.6058149992915,196.39181015411333
639.3920570117446,233.16307206455602,193.4914791176047,196.17522857330772
638.0181020788955,231.7577618993585,194.67227749114588,195.80387067799472
637.4941125058112,232.89405152337912,196.14205814478726,196.41086525197497
636.6078382368056,231.76561350854018,197.913883832766,196.59520195212403
636.1474657876561,229.36215696812354,198.41923114662688,196.17655627517533
636.6965989639997,233.66074416881645,198.2826617763232,197.0893325116069
635.5671721166558,229.60649574490884,199.419283749133,196.28712093199292
637.3378942298098,232.3673933954305,200.1435055308206,196.29056223754756
635.2517216852185,230.75624921997684,200.93769348117866,196.5850918947598
633.3794713008506,229.6448201948199,201.02986695079642,196.31404559288552
634.6969622248016,231.5167256084367,200.72485856213817,197.10963963473154
634.142586301557,231.40760665199588,200.6447143486375,197.0588131211911
632.8183047127922,232.44115260919486,200.72056629684297,197.23724752057484
634.5433099937403,230.14728695860038,200.67312216789946,196.75357531834584
635.017639140226,231.47425375444215,200.3008319684186,196.63775222127597
624.3509396042114,235.46849423473583,197.83439392802126,193.20990253586555
636.4945292068805,234.9072493454412,197.0648329020041,191.90750894882373
638.2909636418722,233.70862960092734,196.51786342319508,191.74949111744738
637.9565510070611,235.5285589989174,195.3798647239301,193.3765023432874
637.5948272828991,235.96683399944675,195.6013735311826,194.11725154133296
637.8001716117561,234.0962479230368,195.2542172855207,196.0524473033142
628.246728075063,238.66301168344592,193.39369522499592,194.1250145243173
636.1460583052625,236.6725022331924,193.96429173786353,193.21351347395765
634.4076356031874,239.06789273001044,195.27071411116057,197.04818929031907
632.8537868892428,235.7919862270663,196.8676207141595,199.03079796576304
634.9709805585808,238.23014280731206,196.74722034447763,200.9724588958477
636.1231941519736,231.96844068702012,197.2534714013291,201.07156675734223
627.423422248819,236.54063608472742,195.994850229611,197.644504510359
634.4752071367258,236.17298869607302,196.26611260711775,197.73804865395124
637.4394715895983,235.48212783006232,195.35146300053663,199.39068103646434
637.0885117302955,237.05792629702773,195.3978203183243,201.9136441725714
639.3188017736961,233.71901889107784,194.999302971849,202.30367869958957
637.0460672960957,231.87424264842872,195.70320178811852,203.81203640263072
628.8023061465525,234.83445235063365,193.6997859005594,199.49338346531528
636.1783347750055,234.54910319087628,193.31350089096784,198.2366086212253
636.9651613589045,232.92823169779578,194.50805980317153,198.57851149088543
639.3777805900457,231.74959095004266,194.7934671119158,198.4532566704737
637.1784852605507,228.20406804165364,196.12986080091991,197.20395424353836
638.575557003991,234.65021305790268,195.46037828281996,198.84323178458766
639.4659615675994,233.49838788274417,196.8494183129365,199.2915614428423
630.9709955266508,236.03124437021597,195.10518901788066,196.10493651206525
640.1069462124706,233.00980564774605,194.34810011572335,196.46105114725168
628.1172934564511,232.1328068836167,193.52352493623405,194.13083589551164
632.3807783753346,234.74621321688574,194.13756442921652,195.2274437535707
634.7741462604388,234.72388922891258,195.2506156081658,196.51220236527445
634.3240713802782,233.82373033462503,196.31071760668917,197.02257514747902
633.1750520390851,232.86408233808783,196.7171860786183,197.14848754222578
632.0638224614772,233.0723674055754,197.7232226760035,198.1675263902905
631.1346404884314,233.93000502136007,198.6758303273678,198.50131984806745
632.1571124186588,230.92226416283782,200.015107067041,198.75389453691372
633.5746323889131,226.43158738018974,200.37726718642335,198.6433777942875
632.3998396278243,224.36131866353873,200.15191941811918,198.61383027428147
437.9234197191204,227.2761181730878,197.0034408761521,197.65203578246602
430.293331860997,229.94672019476758,196.04990580748677,195.6569914356854
428.0186618216653,234.06384878690926,193.8155668776663,196.42477797546215
425.71684348522484,234.68269773222585,193.68931606504307,198.79570525839765
422.23552105176543,230.65903393689024,193.53329714412013,200.49431992792628
422.07523043348544,227.84251021186265,192.67495799245836,202.73784101079397
423.4661703325497,226.99376808321813,190.76323567456964,205.36549651938003
423.5485619993864,225.67708196695594,191.12971640759244,207.74019264020626
419.3515727021262,225.5748953080828,192.71635819486187,209.36949021236995
421.80441821799496,226.91496139495985,192.59110129474666,208.7624412009236
420.81792770920185,228.1731624463363,191.14510076020878,209.3062743600878
420.14306634546995,228.5497742619397,190.3495295366381,206.8023210488197
418.7347429971069,227.44837109704696,189.53795400626765,206.25195951094463
417.35495959295173,221.76193834062948,189.23458045546235,205.0839324227664
418.88591022724506,220.46806559362628,187.74010813337082,203.68142256093785
421.13756192688356,220.76910552555057,183.9850263699123,201.43189236921606
420.1840042304123,225.60868353798665,182.418565455558,199.54527164936707
425.8738329515313,231.00129337462096,177.79934788606175,195.2201092347044
420.99823942587693,231.89010894348746,177.46250984429184,192.52620521832452
425.9207830263042,234.45621521950483,174.95132261826024,191.72935223965405
426.3468944714501,235.50359318965758,172.7375637019675,190.41711122911997
430.12997578768085,236.33201932203983,170.57231573854287,190.15422599678806
430.28235161898647,236.1414752784626,169.66136183117302,189.93883109177028
429.8689878720492,236.28578764981881,168.54697644910914,189.94821938054056
428.31659931881006,233.5955847073331,167.91623676901213,190.91058832779834
430.9280469008596,230.11092070617548,166.12064634963352,192.05746998383063
430.4208828633293,226.63040359793507,165.9365850137214,194.2513986209352
431.18922842975974,224.57456600318397,165.35973137714137,194.49329732308698
430.9901616184201,227.1375243133577,166.5234229445953,198.30246886039333
429.09475607693105,226.79490936696905,168.3386563155143,200.10240658073866
430.2650173005563,228.25108731174038,169.10380598931178,202.11889275891454
429.3182500029713,228.98331710265234,170.82541024156913,204.5060173731813
428.0811788150224,229.10525664145632,173.429761482275,205.69656603376302
425.6008983830567,227.14029106506692,175.65028800439433,207.77076140773323
423.8960202457146,226.19993956215723,176.19773839948553,208.65150685205973
424.82433630674495,221.68401952594664,176.82046232791618,209.79167574375577
423.67329116786664,223.72010676157151,176.4461986742458,210.6050760901635
422.829670667398,223.71060923927757,176.29641129097448,210.01027400655087
421.41258728585865,225.94470685073367,176.87591124878577,208.92906813872594
422.32383891036307,225.39149656975306,176.6042209594479,208.72881064397023
420.78113055045355,223.37505096748527,176.36703326146605,208.70204713582885
421.7350174677637,227.02524037320188,175.6709593894617,207.69786335460802
421.7091341457146,225.84244935824367,175.5288814916527,206.16378408195789
421.1142193545319,229.2590976383138,175.02793734850843,205.7278044544959
421.9681889607457,226.5392293147936,174.26059078267963,205.0758748799176
422.64616593136276,228.5756398634055,173.53821949306064,204.1401413662356
421.8161699209279,227.4684759378727,173.60997863906,203.20576111221396
422.9929255599329,227.46399400211132,173.24455406148945,203.8759290833919
420.4473533579247,227.11715313760504,173.9545672933257,204.38858086679247
420.3037201248764,228.45765313371336,174.2147713787359,204.36451680482793
420.36952834922874,227.81276879197614,174.9752445949673,203.7914112188169
421.6949143378627,227.72292408565767,174.1586975570457,204.7371915609621
423.309817348632,225.91791092861533,174.62071287225336,204.3708861642313
421.01791438253895,225.5282300567867,175.30130411136997,204.79519871498312
421.6059073471274,226.31165671064315,175.3484813100922,204.69638193967228
422.5265959002113,227.05718778065096,174.87412969849993,204.8544456140945
423.52816284434516,226.0777158285821,175.6135540511227,204.49939487215988
420.42321336477335,227.1065618566933,175.61963707322417,204.27456793491785
420.7266351846006,227.19957876888475,175.70117164840576,204.0417325583585
420.9525647435267,226.65908923154774,175.65488214353343,204.07073316413758
420.8969474189999,226.43251407052685,175.03183245125174,204.5192033425101
420.8792909420695,226.03869757658757,175.343341706096,204.59077652642594
420.92318396072875,226.5499601305783,176.10744510025404,204.55612240967446
420.9229634277579,227.95952634733857,176.06744142703278,204.53850150226177
421.89813221037423,226.57842654330497,176.8441489210042,202.02467343088557
421.19838548960075,227.58196773235267,176.42914513011408,201.25736182286315
420.779445985272,228.88918289460435,176.36577949842126,200.18787638075267
421.4442833204488,229.8956965188678,176.071638733097,199.96337924353858
421.80608144219406,229.3272218547317,175.516895131785,200.40173877002246
421.87688721637244,227.95809560624588,175.39739108773637,199.80057714727369
424.0386504960705,227.54157351129635,175.343141624135,198.96228373264998
420.6951330534524,236.24771484615096,174.6824105868248,197.44897834260388
424.9264458836792,232.47368490420024,173.653179358439,195.2040027193032
422.62823376733274,229.76954576182987,174.72950466649513,196.00319115266453
424.3154952004435,231.9164475887044,173.8750678503073,195.344849544585
424.14935812145256,230.38729322967615,173.78112710469594,195.7776587757183
424.66425935919614,230.46992420738658,173.86552665176134,196.9184889633562
423.4064479286396,239.42564849350487,173.69143412743742,194.3961967326724
424.83055893077017,232.536345740399,173.15672802474185,193.72632067913065
425.54887165447985,230.76510590406133,173.00314131271216,195.34750101346526
425.6970341712231,230.76530989382815,172.70729501526327,194.65527712120812
425.92253957332633,230.15552984304534,172.552793059724,194.4070453078338
425.3480213346872,229.39255466325014,172.4579853855054,194.91432391640188
424.5798297076002,228.72755108655917,172.46264025280036,196.2572625889718
422.4764701865779,235.18461296030057,172.66540059275755,194.05779471764865
425.5201914857882,231.3187932511771,171.76040352046007,194.92831677291952
422.75934394736066,239.92421362477492,171.9536636531622,192.6573649798865
427.78476616203125,235.73948088716355,170.76549679797878,192.44409157876646
426.2644693714151,229.18879740968117,171.0102424864499,193.36164829966137
424.3202390994011,235.38633046121774,172.28886335266722,189.67612923943494
422.6208111422968,243.4435879372079,171.6612099819027,187.6859924918003
423.8562844866848,237.052795028918,170.63328077588432,188.54529990414423
423.33920450903815,234.15718876680842,169.86294766152884,190.59700904472695
425.0341036774111,231.32270576185044,169.5708265556178,191.0592227543805
425.70271537744213,229.95879262323268,170.1618056654359,191.44719550645425
425.3917317767251,229.9876837393865,170.00332979455084,191.88440567932273
425.03597255693694,229.98974565094264,170.02095861620728,192.21540551439074
425.56850827728863,227.82239335149887,170.35819230169403,192.8535926457795
424.226737920179,235.9590086223096,170.8441374195999,190.25335767147982
424.23098785509313,232.47952471200787,170.46586481751373,192.22240010756178
423.5444362351381,232.33665198499642,170.27354647615553,192.9879310635416
423.1803949816604,232.77213536911677,170.6979143799252,192.86062897721243
424.74890176591714,233.85046648481858,170.44347060129826,193.89893949933355
423.4816041737349,233.79210473212686,171.15607410361002,193.72321856697474
422.8994142474129,235.2842297293135,171.04736216319378,193.71239014624044
424.5965296761715,238.42872041937875,171.33864265630842,192.3963296607327
427.70029553237015,238.4982962277413,170.556265153048,192.185140049146
429.7736750017348,238.52047642014873,170.11614550417468,192.05702061724014
431.8810820952626,239.07257292795424,170.85920370786613,190.9351235990699
434.8408800717273,240.98692745154835,171.23468221782727,190.30585526957887
437.73666379563497,241.76460124895885,171.2505431299974,189.81609257275286
439.1200647616904,243.67526292847586,172.19356170684338,189.8560918550915
441.43830471959814,244.18237169822757,172.6401306115235,190.05064578279695
442.4111212465806,245.0181294578745,174.3447580060145,190.81464018362334
444.5354784914978,235.99293430147503,175.0677356014461,190.45164129048962
445.53760010797635,242.3484540335182,176.49856955888828,188.82606153557077
449.86691920165305,218.9820592904614,176.66815078529214,188.8514993371141
448.8845984569922,212.62992794578977,177.07681242670577,188.75984260812237
449.0775854468594,206.38255368411112,177.47756575619837,188.5842105391335
451.8359608797729,219.0418775292877,178.51113694618797,188.32054789516707
459.88440568196836,212.28636803238766,179.18838865344267,188.55599220482407
483.79235808203384,227.86006416670256,179.38907778641712,186.33797653836712
491.2943650787307,225.6643335751673,176.9016806143125,185.15545643634246
500.60489245444126,225.24424953008037,175.9048266838142,184.7848750195659
507.05052516573267,223.18083838033016,174.8508968477792,184.24478762439466
510.01114244064433,218.18806314517133,174.45073468565127,183.88891696739304
511.8542728735087,235.4761171548055,174.24944462795165,183.6553229862106
513.5961031877143,230.81264552884062,174.23536798773023,183.61235122959548
514.9445738346409,226.47071439065488,174.2348604764546,183.59982526133803
512.6274668137157,226.8853418794508,174.23816030703168,183.5964378770346
506.44431720943254,228.43838007479806,174.2416961107518,183.5941255434995
479.2679052781634,228.97049589162282,174.31262910414944,183.59194711343275
475.7922331240386,230.38766334569763,174.37846916664097,183.59592316223808
473.7223370984096,231.33382348142314,174.43517568094228,183.58285127144808
471.7850136021431,234.37557712028456,174.48042618719282,183.57724678760948
468.6547420815816,235.0899809747963,174.53534369425827,183.5641799261736
465.73503985870525,236.0272277197297,174.57543364110967,183.55511571849524
463.0981113417643,236.1182112748896,174.61724311716068,183.54474018808952
458.147856441506,235.66464283298876,174.6520932039322,183.5369324827532
453.7224899340215,237.19825380985367,174.6932263424974,183.5241457821667
449.2571049293087,240.75074410027835,174.72036037322422,183.5147577000966
443.8261851578494,241.66345385470044,174.7990959732717,183.46785054991787
441.011437394699,241.09348349443468,174.8750164606626,183.45177456302906
438.89801929227826,241.53573995315764,174.92830968912477,183.43735153415582
437.68958028240166,243.4406720866215,174.93504647924837,183.43153294441316
435.80757238802295,242.31592632683123,174.9440738360753,183.41888395152728
435.46185837844166,242.60959656146395,174.95411377511778,183.41194961162205
436.3011690284767,243.0437148681194,174.9656519150883,183.40546699849807
433.68179214491454,242.12183972790513,175.003753559715,183.38401067969107
431.17691397212326,241.47018807386752,175.01450744863257,183.37661988929372
426.9612243413001,240.60367216589898,175.04517660438287,183.36052884718328
448.4275126632066,221.34803392657523,175.1736541903063,183.4248792088874
447.8068031200116,224.66251311931637,175.21225869768628,183.44204995472225
446.0201140069185,228.52433756067057,175.24373295124667,183.4512187218552
449.60420525995227,212.80227241866913,175.2634757839243,183.53217266003284
457.0252349507498,212.98628343392812,175.27996552037123,183.54994726585787
463.21959220404835,212.1464259026539,175.33443300535117,183.56429889742944
493.6608641461392,209.66651467525904,175.46070488655042,183.52020508863887
501.9746432020527,208.6037048048227,175.53470011945004,183.5126749672221
509.20360671372,208.6889232699093,175.5577501545261,183.4788419437996
512.9234213227094,210.68810918442514,175.58621814647776,183.45541995149887
515.0804313508877,213.57380713304204,175.60442865805322,183.43443365738398
512.7560940684779,215.14526375439777,175.62206408026427,183.3832989314419
496.5302183476102,218.05599160967898,175.92517202834722,183.27301961629578
499.0281814038493,218.68635251822758,176.00763365314307,183.24202125272032
499.8287523705341,216.83951014751793,176.2000636687786,183.0637212739095
481.03545021332707,216.06262127439845,176.52682987894462,183.10521342997666
484.76380180291426,213.60822480807082,178.210615324343,181.70603250093757
463.2783765301357,287.65969149065376,178.91872859573024,180.2660630029592
464.97683381335366,290.8955694496613,179.5463830638708,178.59152063932638
464.8312639186425,298.73771978857224,179.55125742045848,178.51852233729807
463.7147848744329,302.2002985585169,179.54764586585696,178.49141844349626
459.42264118991045,278.2967219655786,179.58732893344924,178.39073471531037
457.3582299944459,274.4012136301876,179.685771075355,178.2372056402428
454.3462790959096,275.4365553919541,180.14897388637402,177.62641438965906
453.27095551767616,270.6856982594169,180.24142616712376,177.4389177630098
451.92381012233614,293.45749255197154,182.95376201068984,174.03839558415046
453.74629531242147,291.0672201861807,183.1590328147538,173.76623121310158
440.24062399744105,289.81329684137415,183.4733444235965,173.15007067767803
447.34632444620513,287.5259534159636,183.60865563849507,172.93358359356256
448.8035823485494,287.3314212722886,183.8407622531638,172.0395944827804
439.873019346208,286.8843073426869,184.8572589701268,170.48991269690313
429.6600033255809,287.93025242554074,185.319206386137,169.63502776496017
443.27291322145226,288.04766144158475,185.6400422493015,168.93382100067723
446.97790982914205,291.418276828118,186.37007512645124,166.32850503016192
447.954996979091,293.36007434594774,186.38512110720052,164.73982137908507
448.80093196423496,292.34087527446286,187.75150227941444,162.86418324809847
451.4323670969543,294.9286032732977,187.74032717007316,161.01298724684295
453.9779496588499,301.189839855631,186.7935502451345,160.18220452712256
442.5801468979094,300.46706240386976,186.95179424052628,159.02778479838196
445.9605309685916,298.2834891237414,186.7956537084148,158.9248934214744
446.7117219954686,298.2356500660896,186.64385234695203,158.79663821256023
447.1665693519276,299.30046646527836,186.40197576309674,158.6335385982342
446.50714155596654,300.23290087701844,186.08718677417784,158.4503056313825
445.8982082183474,300.7301688185029,185.94952664449204,158.37218466492888
446.2623276609026,299.17121960396344,185.91309479101315,158.3467491821121
446.7135028167901,301.72816103917603,185.74578651481784,158.25647547306383
446.8860548235589,303.58892635068764,185.67434661813968,158.20690925700777
447.9681414007605,304.289870081553,185.59588565817918,158.15256515407987
449.17233818796035,307.00999245790774,185.45433611797446,158.06459529608472
447.3604352923859,294.6018866176871,185.31647298860636,158.0274496614624
448.8406585150806,296.7275175095298,185.18077124460257,157.90681837094115
445.97109142549175,300.83634530538035,185.06264090504237,157.8800416473431
444.59298117947515,302.61677774387516,184.94395533399577,157.84160266032237
443.44995112741753,303.5407446038752,184.88708440593018,157.81886127259
444.3290174140358,302.27773823466475,184.82583694164143,157.81023942086196
443.3163744223348,300.4338831895552,184.77217824196845,157.79700341847544
444.1634707561875,299.8773126080516,184.73151199962473,157.79327489344854
443.8024851548297,300.02314648261074,184.67961529720031,157.78680142209376
443.35055683951794,301.2223190551816,184.59498367089265,157.77023046404008
442.32086201560287,301.90849018606286,184.51879850106525,157.75339533766876
443.3622264951563,302.7820805627888,184.46467142680032,157.74269446264242
442.20951985446413,303.5313240924523,184.39179477021167,157.72013153756998
443.4862848655879,303.8760710521501,184.28547720562096,157.70922088252513
444.448908579879,287.14282776888643,184.08602778786488,157.70194493684554
445.0560132358667,293.0015878785981,184.00642245309282,157.72212231874056
444.9712154213344,293.97307158437303,183.9724280169165,157.69718063923108
445.7815066781905,294.02392442186584,183.9219990972214,157.64530563192002
445.8978129081878,291.6106012213491,183.78272347273042,157.44081742754577
445.15804482787286,288.70637043058446,183.68722942572631,157.30506323453892
444.7840187448022,290.1406210529203,183.23369772956286,157.20174591549588
448.37612664713873,296.37814035208453,181.25076967131926,156.93371281796084
448.8001603062728,294.8569918161986,179.45411463742545,154.63319544423706
448.92732588810577,297.6866672108348,178.63275310352407,153.80762351314957
449.5521941187467,302.44973432984096,177.76476737490242,153.22484483544
449.78443452730517,299.31987373574606,175.53115263234753,151.81222038535464
447.76668146759874,298.387930992921,175.01319004753677,151.113669767184
448.6177488566656,297.8210062153214,174.25304337994532,150.75409860228268
447.5981412991287,300.16403692513813,172.97175645224874,150.1674853866898
446.5442452698095,300.02412652859414,171.24071994719696,148.6796351907412
446.4809591384885,298.43756016877916,170.01796369192522,147.66008945883308
448.1211374690144,298.775445032176,169.06536462784297,147.53688161119743
447.91332257016273,292.7597160087007,168.80603530241171,147.4395154241392
449.7561102941761,285.4945423356141,168.20896226145896,146.91535074638668
451.0962211146323,282.1052870607459,167.58623883717553,146.62480907673222
450.72093677752684,280.07696474373404,166.8508922081562,146.59791708584746
451.4525102745897,281.99098539304316,166.22629989437792,146.711713813276
451.298197115126,280.259571486259,165.73262546209605,146.79774132815353
451.1333933256342,277.47435683268316,165.21500582531274,146.98611916740964
450.0441708014951,278.8474053428354,164.42716206858302,147.21445866863544
448.8868379771716,279.75510430504505,162.4137680439207,148.52890040295327
445.8606126438003,279.8005858247528,161.52128529620398,147.704309686574
443.2803903180818,278.17468872454646,161.38232008130808,147.63515623989193
441.417679593061,290.99471295314567,160.93027084729817,146.45297063669736
441.0008333636732,287.9268870405357,160.79208769810634,145.60261095679033
441.4253210919842,283.60800243715676,160.7581606976765,145.2644337371566
443.5512060284234,278.71430801515083,160.6983230261835,144.93108932006007
441.91781804575646,274.2968791579633,160.3910776521009,145.1210123801993
441.8715922484408,272.30521414514595,160.27298753647472,145.24891776327112
437.9451361042246,282.9889759341501,160.1828389499681,145.13691214485755
439.38654864589546,277.0139781124111,160.15192278882182,145.07791845422912
439.2754969388394,271.8830262976988,159.9714718995263,145.19861820334367
438.6033139488677,268.9107854357255,159.84528865366244,145.3697725766739
439.2674133000728,264.531047970627,159.64407812378334,145.80957110763978
438.74911328015105,263.32521649346313,159.5457233534844,146.07423923278975
437.7543133076699,260.80064300843463,159.28341428088382,146.66312485793708
435.9499455015832,258.8351173653769,158.98531433702692,147.3671608871708
436.0703616172106,260.55644765428167,158.7851049510642,148.06579955710296
434.3562501180797,261.12952381782577,158.5706318071294,148.78463436494826
433.01313396172003,259.76980006257986,158.41623692639777,149.23881426489015
433.7765084108107,259.0781001430331,158.279801176715,149.68253609065897
433.8508596133557,256.3054386524984,157.87120752983614,150.76879697227145
431.7868546317443,267.7392237515949,157.7215409107225,150.83816410623186
431.5604791169965,262.80996004369854,157.66831705141655,150.96338082256176
431.99787685441186,258.9281289979626,157.56017755812655,151.405872583986
431.3917135136815,256.8669635947068,157.45927348664222,151.82162322844925
432.6538490305037,254.00267815425903,157.25565922942607,152.54835780944853
433.2020805553638,251.66622339878518,157.07111249526145,153.76596579718762
433.3236041964272,246.94208404860342,156.6491087641028,155.2959338553087
431.224181395879,256.72705245297885,156.39212188381492,155.4811316290774
430.03241909798606,252.47845447188226,156.2158849554004,156.0507434199754
429.9568514452337,246.68922316655386,155.96038810572512,157.43844160344713
430.47916415211233,244.1211873457819,155.80987152385035,158.24830656087855
429.5711366892051,252.61227218815895,155.71351964748737,158.54754900075815
429.1351339011039,249.21184901237004,155.5503571719701,159.14041710373982
429.05522978223365,245.92325175481335,155.42428883757847,159.83239442906438
428.90681555062747,241.74358155587095,155.2290345261517,160.7724824313193
428.19912088757246,250.98708784041634,155.06048704176823,161.19619450212113
427.3269219036797,246.88109986122998,154.9821375406055,161.73961329344056
427.5203133212818,248.16517704660447,154.88634306127634,162.30735965854674
428.57733250798844,247.8599374344828,154.8302921394163,162.796072561429
427.3393083972751,245.87890434957353,154.90753855725413,163.59077985597287
425.1828395203381,242.1241737728754,154.8707153019118,163.95088512100241
422.61666122526833,251.71756521662516,154.9075971720501,163.8301422725654
423.7064261566389,246.9577309205436,154.83199253742796,164.65503051499704
423.4216969734106,244.72662811640924,155.32950397001898,167.29081259745553
421.58595753342456,240.7133490738675,155.9758149079439,170.9304306800976
423.1213299482181,241.1387257229017,157.35759569404897,174.43053797773234
422.56103962018346,241.08962431648882,157.77926313352742,175.86023488349943
424.3719088812404,241.24917430769273,158.38674547857045,176.73868734364225
423.4734121652956,241.80885649773725,161.11700495412305,176.7441142280872
421.7407475172329,243.62263795273498,165.09685245159977,178.3389386319345
423.19508288396014,244.0855456211124,168.47152169540962,182.05894057499535
417.89762766360735,244.62825638211274,171.40160860401065,184.21891566706938
424.52831471048404,237.1570386729372,173.79600862677344,183.1628893620928
418.834789052399,240.2100806652201,175.57105375550455,185.04823279909687
416.448978160412,239.19393809582434,176.8033450569955,185.21198575710224
416.7795444730596,236.2229057079708,177.7524329831912,186.6335408129607
415.2373797933956,235.229786935347,178.40156928069064,188.3187654845587
414.4331754728082,234.3208440748445,178.57403932513984,191.0090571518184
414.600453659249,230.04231341089883,179.19375099053116,193.13662886713038
415.71000550817695,226.16164515349837,178.7164733501094,195.08420128662493
416.8494303887526,224.6355266858959,179.14669427148377,196.33137199391692
417.348623373833,224.6310288451581,180.34890964066315,197.9947153335499
416.4131438274464,224.952459710634,180.79768891528292,199.98245238609113
417.82518782440496,224.28220605095592,181.14199286434368,201.24786882028496
418.4725774941928,221.94855456719924,180.73661907334056,202.88330976730578
