544.5,73.5,341,334
522.50132555991,56.252356863167364,344.13530740679124,337.40570764512523
535.7016603075868,56.330070059297555,340.97428100836146,338.38908068180467
511.32162846693615,49.394472427013795,342.0233919308738,339.71264182161633
505.30608700921493,46.342958059172474,341.3586454548368,336.9699750616935
504.47639807287305,49.11058563216011,340.1879106318265,335.3273471549455
502.61083745186033,52.30189397545314,341.53459359756107,332.9295548873811
505.66783514822316,44.40677294999949,344.30868261645645,322.98154429851786
512.6507102478104,60.10833443214983,343.93742342222606,319.4879748620492
520.5813743123437,73.80610123704196,341.1252438527297,316.4007241044378
537.7829174127287,51.96587307846045,338.9602557964909,304.78595718551685
551.2559294904086,48.087980160539445,339.4982404301935,294.3776881507534
556.5048687820391,46.84630664963558,340.8863996734705,282.9314268275294
588.2716260456292,52.23737284573204,343.9898251487318,280.9073434465669
621.2386648366312,18.013524554151388,347.1535945515911,286.6042427579997
659.2982755061058,77.290601211471,343.29994480688015,303.9335885888683
671.6857648217625,132.92536329825492,336.83052533389196,310.9298038562184
701.8738649172691,209.53709011310409,333.54131549932407,305.3210047675357
721.6674183253294,229.2941582691233,328.24055893344763,308.6173581100383
719.5185674827229,290.9559983770807,333.82987598559635,308.440757361897
707.0923869301562,336.6211945292773,334.9248651882639,300.6395932679529
692.3662496358611,332.959611422488,330.80717822900255,302.5943226681771
660.9369994059284,327.8507549424929,327.9878985375009,305.3897858341609
652.5004596613838,330.88757337174076,325.5047882988067,307.889348247821
626.4171509220165,325.0752092732512,328.35470198115473,307.15279218881875
616.8937175398403,327.084733292669,330.4591153611076,305.1158755119444
599.8133774422543,330.08349151950756,334.4710261776176,301.91727587497866
592.1255414093671,341.7654414674014,331.3135313580161,299.934916277653
587.7109878637109,345.5699702992256,329.45820737327864,296.173450014151
555.8943142785995,353.911845906502,324.7457369775835,290.9748443684459
556.0131252777612,357.2237099668258,315.8418609356808,286.9020307737839
529.3625860318111,353.7585555702861,304.0217388660576,284.11232880941714
532.1938838059225,357.50060123909486,290.5467863689823,282.4296753265664
522.0836214289861,361.4100477625895,278.657043483695,282.25044359168044
523.1261202053198,352.0722261484971,271.0250836698276,284.16512147257515
513.0210374197279,360.46144797471186,264.4885031777789,282.6374388522502
530.7637035668702,379.49908015873615,261.9111947177229,274.9544684142553
517.0374119760604,393.8083208029805,261.029370092946,266.1870689739111
521.0417306849009,409.756047137334,261.6326625687586,260.99426065334865
497.0711626124459,425.3526711180242,263.1821933364714,254.71741169404345
502.19827650157765,430.75076148644223,264.5173410541186,249.9743553850028
505.92581316270093,431.30385403775847,273.21652645989934,246.5147299976413
486.51568317368043,434.9425754426771,274.3601659545419,244.57533278488052
486.9316062460505,430.88104242022297,278.62698170936847,247.42373252043203
492.4070600500756,427.04632753128004,279.491554333557,247.41556859027955
471.5211645225677,422.23875347382125,281.74211659828967,247.46542243945004
483.73076606907176,394.70121275531835,282.9383195416584,246.94363726878993
470.9515320441498,393.18770074543943,286.6289763884994,251.14762187604924
428.3905294136042,392.0345242343454,289.0839360563288,251.13844555177127
447.3208655081782,394.9856107868314,293.55194962767894,252.3109995052099
438.9224751195634,394.0054335125459,293.9022982912611,252.60136446790443
467.0602792967846,392.43519181175844,293.6057281753441,253.3847023216125
457.19569984353393,392.9613060684126,294.00447135613746,253.54124956704743
445.24372524573874,397.17072279977515,285.6053047070012,254.44705351734729
462.51613956846944,392.8944127133031,284.8943078486492,257.2510140795431
450.29822860169463,394.60009377259576,279.1244699158658,257.6961034723408
465.9638310866467,392.2199420310514,280.9728952255028,258.4340719029393
485.3561869364201,367.3432754838459,277.83084175959846,259.60077703714524
502.55598180721887,341.4345639385969,274.1690430794023,263.9632440729557
486.7823296951522,353.93458217584606,270.434341993477,267.95230519367226
471.3587432947751,373.49436380948924,272.15744367301545,267.66092796154214
490.31071290197,349.1426940326404,271.22172421570565,271.7932950726129
521.7324498104251,320.4878533937067,263.49425915734025,281.44079449623223
512.0455285322417,322.3532988995709,258.53953993087026,285.61219859711366
501.36738376503047,325.1653341719611,256.6629307531345,290.06218086300225
486.6432214517446,332.65047634934723,258.522260399848,292.1945595483911
471.4456926972456,348.14664827764256,261.28481821402175,290.4985871517614
480.86043067325136,355.9144303538425,264.21989723942716,286.19653397043095
497.17360548459493,330.6459740529897,263.31318453385427,288.87957999498803
490.99289779413607,344.61411069590866,265.7505047609634,288.2191818007028
504.12419418748163,328.6270993571469,267.82127836831523,287.45101697822633
490.61253546111226,344.40876986216074,267.6676816059661,287.54049464800823
506.9672486654658,328.1113199293457,267.59013691112625,289.6746153235748
495.1778272076509,342.08544693168517,265.5369398029522,286.03790764457943
498.2229341412828,337.68081097371055,263.73820075487185,288.5079456852541
517.9303606807302,331.1134538107387,266.78650914448275,295.3816484107034
545.0510140705398,331.4782609765719,268.4663029813187,292.60584405561474
579.1920701187905,337.1854094419031,269.3213597690948,290.1364056759777
609.3299007886654,335.55016247091623,269.74325397133697,285.4952785242014
630.8206355421888,329.1956655237809,273.7071045936848,284.96979346797167
649.6863721534086,321.9695152780549,274.2335926444387,290.1662107425657
662.1721881705355,313.83319836102885,277.75908051374915,296.5863913448064
698.6051050524453,318.9901886731668,292.93838224797645,289.9304524361523
710.3975485530411,323.1196321397341,303.7846742934158,284.7752093972133
738.719256435722,326.8377371064255,311.72498350364003,277.2589794533592
767.6341316690384,346.22578106964454,314.6816405077103,273.49385878155977
777.7938755326775,361.6255430072299,317.06598159207755,270.67610256080803
819.0998012395273,381.28708722027045,319.3165569361905,267.65106406148465
823.3785847465812,384.6419671917688,321.03875600484633,273.0225838731266
846.8770372765972,397.6386469978575,319.752826591787,278.5787275873653
833.6700971954501,406.2372927493999,318.9069106115031,286.82220337248856
840.2167740559479,395.9292412097496,319.78600905420376,296.9192501315987
840.3997458198512,390.5773335801064,319.916603271396,306.5216139939429
883.2765798570052,387.9838991088078,333.1562594768732,313.42881186358017
885.4975615694772,373.3920043385638,347.0219170541266,318.24032509791584
908.614777350823,359.49393212794376,355.93484343210855,325.90690714122627
917.6764477722338,354.3443005180627,360.9803182020802,333.64211396450406
918.4561149566712,368.32905824679494,361.178997916114,336.0019232293295
915.6101804794475,384.1659337481628,365.13507602182926,330.91371299807827
915.2686569462423,380.3892467327497,368.1000840524424,328.06485295145086
896.9956099524825,352.6973032093262,371.03722265666136,330.5182781147529
874.4237128483066,362.552911646485,378.99622530007167,328.57090477681237
865.7059868099625,376.3657739511921,385.61424497319547,324.98900531693414
854.4855853199217,398.24928977491663,391.4651965738826,318.7836229919949
845.4836239318411,403.1489275496052,393.5994761386791,314.55154381178886
831.3704324859505,406.8275729637014,387.6692046725502,310.5020771184232
825.7487804046332,409.49798961587516,382.3314503329875,304.26905389412707
838.5232626883111,417.27856028719395,381.54971484583194,300.69696723136
841.1042645992156,422.7063249131053,378.3241863009697,297.7302099903407
836.72774383201,428.3853344914122,374.5218699023367,293.2055047756823
848.2276336193864,436.87763346548365,376.29412592633867,289.68252715834996
853.4714057746611,440.7458555808123,376.8595830195979,283.9577382583506
867.5743764087647,443.0856998051361,378.86630730925214,281.06412933565076
872.197780996496,440.6475794964351,377.8771399260869,279.6573685301705
872.7368658565715,445.4209890586427,376.2785206867785,280.15103288048675
874.9775084542412,440.7314900978233,373.8732650305473,280.8810373099991
873.2131662328641,443.35574324878286,372.3471265515486,281.37569268639425
870.8017440524825,444.11660783900163,370.34828893599337,279.3575363275739
864.1126911434776,444.00186202923555,366.3365346008049,277.7123948732992
861.6152388552249,446.2752190121846,364.8614298503756,277.06783010784056
861.7127555081304,444.406267392833,360.41437809287396,275.69890990217726
863.1484558159702,446.7815556326599,357.9548102568401,274.35728446660625
871.8447417222785,447.0168270087699,359.4544331921485,273.3945495652239
880.1300993502159,449.80017139136,359.269774836298,272.04604002596534
884.8133564337443,449.86500078426366,356.2348775477507,271.62936267283425
881.6769147555311,449.64898685779724,354.33536710534895,271.3125763005703
880.0634816514987,452.0481378169167,353.26492486843705,270.0278632876658
878.3775438257823,455.1373495842838,349.5965449733001,268.3676101096821
877.9433621699659,451.25703327310094,351.00455389717274,268.67255187129956
876.1277095953075,449.8495435808273,349.78077891877336,268.0643020383176
868.5466962668773,456.93651379243636,346.8495038025624,267.2009018143792
875.4417350307328,456.0580338012259,345.80527779157495,264.7445253290572
884.5117447975844,457.1391285833281,348.56731590557706,262.7617357618487
888.8784303852408,449.8990059648461,346.637504510385,264.4928469350921
877.0759305833159,458.6277325649402,352.3340663853531,261.3498754701334
818.5654024049915,458.85812229747285,347.5147296755956,259.45303688775084
796.9131052353189,458.1181814355682,339.88283109501896,258.56153565982373
779.8419626714999,456.52392383536323,327.546631115235,258.54270537454636
787.0880365984062,462.3172332239309,321.9824789431849,256.9920382117909
787.2989332141173,462.1598113135261,313.5554519471146,256.6991825787697
793.4793071091574,460.95333337316447,306.36163864723824,256.35158343057765
797.0970865146141,460.26798836897774,300.1672127632654,255.83031699039606
798.1927023004974,459.66906103270384,291.47357030282706,255.18059587921434
801.7751444293822,459.89289565868853,286.65460040891867,253.49204768761632
805.5335815762937,460.4294828041766,285.7234008778213,249.47920569491907
809.9056441919479,460.77484381540756,286.6665515330486,245.10978537114184
808.5942208869078,462.06232594353105,287.61495060666044,241.17097672021106
810.2759489083762,454.9410683563287,287.9659673344146,240.54731528939112
808.2117179425247,453.2295797088411,286.1034906026349,240.2647445363469
813.8641917076011,446.876847351523,281.4648514754971,242.5293170314397
814.2525533035623,441.1489310992778,275.5490267782951,246.08657661417715
831.4054623440368,441.6711906417236,274.8729427366529,245.10841263850025
823.0707538361121,438.860474691441,274.4577936361692,242.39990278949261
831.9731672242058,440.0684114638932,275.35353029076816,238.94986362378444
833.0237360346298,447.27601185288677,277.12134446740527,235.295780780978
830.6923512447253,458.2349972945584,275.93065850369635,231.35582198259567
831.7410985111957,468.7259712058444,277.0423414648046,227.40296313402274
824.8665056973819,481.5124276884853,279.5212262272588,223.44525974820874
835.4610249413673,486.1045212216834,281.7806301983944,221.82806258049413
825.1817476943435,493.29875237928553,282.87467282110424,218.95994404580748
819.1496432742038,494.47341901051027,284.7386796731636,217.23529046799695
812.889751671406,497.0307460553257,283.649500819738,215.33252087696226
801.0806194737659,494.9478895145816,279.8382417470006,217.6158407175218
793.3518468866671,492.4139473391124,278.3106527964424,220.1891436075075
784.9876263746978,487.5673136144011,276.5196064393996,224.93962436335707
776.3096916240174,487.5729546534226,274.42306428914884,227.92713159576945
766.588891252599,489.22938953907476,270.8623209005162,228.53827877697967
762.7611481424381,491.47183752657895,263.7847357936285,225.15223329063403
762.0007473131867,492.4957053537593,256.0197136301097,222.26179602237028
760.4033736108065,490.3671447943724,247.65031690034868,220.67946153659096
771.1446036131042,482.1643647467457,240.1593892214977,222.25689758551852
768.7060507381433,483.52620356023465,234.79436755290158,220.9330961954563
780.5763924259717,480.7196139462561,232.232519092406,218.0558665260134
780.1716638584293,488.88723791425014,233.2660479983972,213.14621005883652
798.2376078096537,481.060171091571,233.9304781501475,212.9760343551346
781.7958689598761,476.2249231546764,236.32995087533763,213.6104155362359
769.9843420480574,475.1613343336013,239.71907601855497,216.20058393918936
759.5248536044974,475.75170449686516,242.45472427713514,218.72856119727155
753.4867126760928,477.80506942045434,244.7128632430141,215.98393552756815
750.2209849617885,472.7117905466158,239.7283055261757,215.98515906961785
746.1099165688167,474.5052795022464,234.73452663218762,214.45037408476347
744.4941070219004,464.1618401870486,229.10613462525137,218.4040698080546
742.0093002275714,471.7384183268118,225.16611171641168,217.3902462998294
741.4137326290462,474.965502393161,220.08343604996725,216.82469949739232
734.796858490954,479.31396768076934,218.97120272825134,217.51037161382598
729.8417225301024,483.7905929290495,216.33069721465174,216.9910724951343
728.2309322476513,479.7008346619442,213.66234323975902,216.17558819011157
734.8708120017297,480.3032082530452,210.82789241690477,216.1265053326699
737.5866774496399,486.77181153301086,208.764772380002,215.13770403854676
738.2390572235361,487.4041973749871,206.0692031770199,213.53712312378974
738.6966131925532,487.05159125630416,203.1853055954082,213.92579774251857
738.137568814162,490.581161287755,201.70963863014467,212.4389590674038
737.3383877783908,496.29965169860475,202.59609051348895,211.08388170334595
736.1649862439274,499.7649327370883,202.73539741618646,212.18062713675477
734.2523328815256,503.2712528438858,203.40148749861027,211.68029265970156
734.249616503672,505.3831630312832,202.9580909312643,210.67593372594686
735.637876781853,504.1724120649951,201.74073942893355,210.26583880717413
733.3907684322435,509.1383653036825,199.99333129599938,208.49194853463325
732.493898923181,513.2459213722524,198.7349439065011,206.88039255365203
734.7157537122145,515.1973655207751,198.48603232114027,206.13897443139592
739.423219843715,520.9566576074309,198.40134793716766,203.4318564751254
741.7544531429367,525.7590291315157,200.66814826835076,199.60486868742322
745.9853300354218,533.1315825189288,201.64499883823882,195.65304060674993
748.7962653338122,539.1840134672392,203.2023827733184,189.87551978984106
752.2037201832989,545.1557624033464,203.73256918564263,183.79914122991286
752.2550666784197,546.3001829072284,202.26033598086252,180.58546269248973
757.1637435511044,543.861456399362,200.7305264859812,178.70511751333729
759.5197255873326,545.5346932114584,199.71737442142907,177.70408785314913
760.7486542393484,548.65154328894,197.92674295510488,176.9947373876695
761.0165101953106,550.3312774985231,197.45810898537295,175.60697225944247
745.7690414772306,543.5939588031529,197.80024490786104,177.57055847220448
743.869468112771,541.8747367566042,201.4747734641349,180.68186095253378
726.2483352596586,535.9350102276717,195.62690550336742,184.5123161313705
708.1344266079101,528.0532299426773,190.6383264750773,187.11449688721137
696.1600387984349,520.5704101981436,186.00046650442803,190.78381450738212
699.7802779762666,531.2927966779033,183.23437579448614,190.17385752686658
699.5133739360878,522.4978303387327,181.63456456637203,190.7884674818191
702.9836089883993,517.7602373823399,179.06937817985806,191.2236419886598
707.0434683989181,530.4947935353046,177.24222756560778,190.04005786571412
709.452038482233,525.0428239376956,176.03472132155477,189.79845300880777
710.7776758985522,521.9054199456593,174.5001024346944,190.7759930790622
709.3748861662249,534.4472598597876,173.38025708512464,188.9845381348388
709.479251249164,528.0253226412988,171.8005069597966,189.3657412919093
694.4788386896035,525.282709648723,172.03578909490878,188.29920278884066
716.0578891301359,536.4929213536607,169.99384956027967,186.9655790005471
700.4409390224254,531.1550435961996,168.92624754791746,186.2514877137116
703.4925485512742,540.8970303197747,169.1809810849768,183.9111814876308
705.3629208516783,534.1449426556744,168.42356363451353,184.1758748898669
704.7777590907863,526.5505891798578,167.84969407921028,186.69474293616565
706.1622537964508,539.0552758857737,168.24966929228597,186.0266132682305
703.6497985718802,532.2255876260458,168.57264254278832,186.00436918984687
707.0871159824904,538.3009569897664,168.96108211960853,185.39949742865323
708.8255311645702,542.6512275261429,169.2912285506456,183.85141263946957
708.6173113807796,535.6266230253943,168.36953752492695,184.09668563632806
709.416173517192,542.2324412824781,168.36677763713482,182.89494826156468
713.7469861248641,543.0611815405422,167.597077756721,182.39551256050007
716.4330634313111,544.5071313909475,167.14103795095596,181.54743610187688
719.2993176155701,546.2914963826606,167.01276856940706,180.21826767622048
721.4496196162827,548.1815911219718,167.6843740215644,178.83095076954334
704.0207824876629,546.3868384020222,166.08503610229042,178.5080109026643
732.9914764073932,548.5364108287624,167.9310208519412,177.66883342398566
744.0312085398041,553.1528441529634,171.73964672078634,175.17864827887954
749.0166123781014,556.1701116800522,176.71967236480953,173.52413479681505
749.1701651105657,557.3438458080377,182.11765217743834,171.48562858794418
767.1927368694292,560.7657493480542,185.27916606937927,167.50727904270104
745.4887352599154,561.115481988247,189.5235264051059,166.1464715586984
703.318022689044,543.2120002105694,182.5358957607158,172.79760663810154
711.6399271323431,547.9909371591408,178.04603947268942,175.45715331896176
717.2433287244653,549.0602011488435,172.97555068053504,176.43900764851625
