440.5,21.5,296,312
434.70418714115283,18.551359913181813,286.7414403234073,309.8694729379186
435.7079496697669,16.66161024010131,283.12499564566514,311.45488430190187
436.4531976068609,13.466715086189623,277.07754252660413,312.07062675816275
445.7204655523135,12.412078459920508,271.05043957332106,314.730510612603
439.49617316677586,9.885285712873554,268.1774043569085,314.66215501706677
438.71832542688543,7.27720289877351,264.8987440055431,314.7159871568025
441.89873569912936,5.313522593142892,261.4918416796679,315.1502847950413
440.6501368091439,2.800470557694922,257.8583107380203,313.089796668519
438.7415525926429,1.910370824455299,255.64263462756514,310.6367102310676
441.17410157612625,2.3773330884572204,254.55451467649812,310.76157662522866
437.61184915357404,2.1818780487477625,255.52752787960426,310.31078323012594
437.11697596591364,1.9525557274713776,254.90409743226263,308.08546171285815
436.8113706409535,-0.18215763379481587,253.677248656829,306.40714120486075
437.88163392396945,-0.756159824281184,253.34178235824547,299.4001124742612
432.3810313537198,1.2134830557668295,255.5253786654319,297.7851272417378
428.1094041343059,2.3699508865664995,255.88754942506034,296.08384180863885
432.43153254327876,3.5291362410469844,253.4792364013652,295.4999459970625
430.58127593913747,6.557384628376013,251.39364779156304,292.0624916189499
429.9167662897004,11.697645381628831,251.39616584017017,286.13996133101114
429.3005227864286,16.015470162739064,249.6250167249639,282.86224958159585
432.82937325018366,22.87940770404498,245.67588041270335,277.6100577112643
441.07730787676235,33.52232244040974,239.5734142128297,274.74241061158165
434.6845451032722,38.12894635555,238.81564866789097,272.89275540596543
430.5027108029238,44.73960353616445,238.26123693869283,270.95966907970967
431.0378367963517,52.408715035593474,238.9537622803282,266.6604608971358
429.8450245060686,55.819381869645355,236.7202767534725,261.4601483805747
426.7768159748418,60.75779167394239,235.3409834620749,255.86265187302433
425.27243434872094,61.460043391188904,235.24783207007522,252.5050577708067
423.26221141202905,60.242034398605455,233.89500600132038,248.43588013829782
422.0247392097633,62.51905423054819,231.91157399822845,245.82927120427837
423.33736799643805,62.47519825228069,229.32687120539205,241.71141055568032
422.19068919893647,64.56645013489887,227.36260846577,240.38495942754417
423.12993681631957,67.07443117727392,224.8042034056788,238.08953381320728
419.51043484028287,80.54925204642063,224.72726268612126,239.48281428560722
418.0928453042835,75.22378844056831,222.69006483932736,235.7728043787816
423.2762920158043,74.94283350785159,220.20035676098183,232.9994879468365
426.0829087709734,75.67024644687798,219.18436703650178,230.324696014821
427.82256943631137,75.69148535331937,218.2283885536499,227.2985942204624
427.20005062842273,76.78443885616892,217.29164630797698,224.81864257112278
425.8405090961087,75.68790060732975,216.67742544422978,222.67599805287094
433.88488647834436,64.74594901995793,218.9844436137185,218.97902392353743
433.23997331156545,72.78613747629709,216.65336430953522,216.34967392736303
433.5662552847748,74.91065895434517,214.4691171565583,213.95593068249428
426.49401523257853,87.72887938905549,214.3341973891246,216.92868552230215
437.262787818839,72.80762058231485,214.21409644572958,215.40854558878635
437.12280316766123,77.51161973925767,213.0797420605318,214.02668748791342
435.1070020293455,81.8488757986153,212.03801107376606,212.6873823546718
434.84465701077164,88.3286174461995,211.1494809437537,211.71333740636618
379.6219943507726,126.58496049879253,203.67752415925966,222.8054028880942
436.507782642437,76.74042411432427,202.53331268823547,220.79260950712836
435.1759595765743,79.95418263665725,201.43342999610826,219.49830121414087
435.2349389566607,79.65401463261384,201.05636421245802,219.10042005675757
432.9538290145954,79.0694069856854,200.14492934957934,217.96271839848126
445.58511107341195,68.51786675422638,200.4375772528202,216.02436171235146
435.79590827059735,71.2199824639965,199.86385654619357,215.74273847762566
436.47877016250897,74.06473081914262,198.73233395522615,215.37121967260686
434.01069180256036,80.71383035262053,197.09393241706672,214.93863931140055
428.4931184399878,67.83788926819265,196.1693346887817,213.25237107437252
427.24851258036415,77.3745916319676,192.90703531107462,210.4570825730189
427.2480073883565,82.5152422773561,189.79197637822597,209.0560980165559
425.6765752784983,67.74182648027923,187.70250789149085,205.06480552623697
428.159844795386,74.36012390315699,186.56565955252444,201.22610649346973
439.9313866403333,74.36120597068631,185.55195856831835,201.9486205767758
429.65128277167685,63.524380600840814,184.67276277169566,198.34196163934277
424.3549030767008,71.34384288175205,184.15465752236562,193.67849713001053
430.59972324422034,77.78488272354132,183.7711420652562,193.84624216109265
427.24124295372326,77.12876188788185,183.01991436042266,192.00229200654488
435.6322310193591,77.96927998283111,182.64643127114323,193.9045506851156
441.6546582768667,68.9419664519956,185.29722781051032,190.68814159871533
437.6887556134209,71.43871488555168,185.56132235630454,188.04249624641946
442.65909561771184,61.51216063798488,187.63784853973922,184.64995921848177
438.09921540547373,66.01516923953783,188.28754193998458,182.8497420718334
441.88325700321343,65.55695776721343,190.70225445983712,181.65552258331567
448.2560165870916,66.89681718140496,191.96321741640946,181.2368325215647
454.53189578896627,67.96159948782989,191.74564175191796,181.00091951336725
439.97050646944456,54.58112813736717,193.33198431002864,177.79540103265205
445.45195185955777,62.47633201314801,193.58029233656492,174.90577872725737
437.28871435527753,61.52295368603234,192.17358634536959,172.39039096849433
444.2182005343629,62.62477729173439,192.32218234657384,171.3350743263575
441.0357308354752,64.0617767899059,191.3469508840588,170.49922325634503
440.6973580852196,65.09172553131782,189.7911607839077,169.81013401727273
438.93918675244953,69.06975268256237,188.71750615788292,169.53800200558564
434.2149631438349,73.90488070937111,187.17378685594707,169.28149373944373
435.5338069259491,78.82902471461028,184.68627909509016,169.09755147023736
438.38405805439845,83.15327924501153,181.80249517811143,168.86378487922246
433.92208341858685,84.77121830360383,180.96570607693195,168.65397544947683
430.9637166140013,85.30140107429729,180.2464400065375,168.60024795816926
430.42890453007635,86.41638680211521,179.1648870064951,168.7989452399449
428.6688225551778,86.41557584085506,178.84975647119992,168.89062640560783
411.27674855365547,85.31690119771633,178.6030359439712,168.9000305643981
413.2075483236226,83.53012312224804,178.4650663555141,168.944863475436
412.9505360471568,80.94056377007355,178.39364937869476,168.95695136847516
412.5133156702378,80.66554214982294,178.30786759024696,168.95212763939097
411.3446963560772,80.38440254956969,178.22462811302313,168.94056532769426
410.8071339351356,77.42365022679509,178.12455451912285,168.91274488855717
411.7609326788913,75.13122501231426,178.05697971475496,168.88605738416922
411.3875007073602,72.26123937217324,177.99844263061468,168.85719693456235
410.303348128171,70.07555789935797,177.93161724051586,168.8248914765674
408.8776831776023,70.15589360146888,177.87603457642197,168.79439487309918
408.2005704580387,86.38224934506322,177.67960012060584,168.83275699430894
410.1563783478241,81.30511900860395,177.46932549322634,168.8037109731967
415.9577547271667,80.59976130494462,176.981644031233,168.82702003133323
423.7269452621121,81.38736791204714,176.76038828177676,168.80418547160818
435.16736899807904,81.95735416671994,176.33492411062406,168.58676566707368
388.15010408662334,109.22670251970692,171.17565205365273,172.9248809423009
373.5911595578584,119.90081571291995,161.96673981113375,185.47650730856037
393.0115050493109,115.2740366111996,156.37511041270133,192.73124556475832
440.7029530835515,72.70660998313116,157.28617491550926,189.48704761239912
447.9490703687616,75.70375730279332,158.1791847145959,186.69611448430527
430.42118114948613,80.74000045548186,159.5550811035863,184.03415779242306
434.0079312282448,82.26051078096802,159.9022532673886,182.24220695136438
437.21028749121774,83.78161737992882,159.9977724843016,180.97270300389292
442.7401943563015,85.08048130985301,159.65647510392645,179.53227227844394
424.2903249880838,85.17769809845987,158.016678317901,178.2114744701206
426.0440313877226,82.8592700436213,157.26950011296844,177.4577952251835
430.62123218300695,82.62848825906829,156.94089751074208,176.69558066566555
406.61173386220304,106.34978165538344,153.4375972468323,179.69749765721494
400.6953802724127,135.8136879265394,148.72743485854184,187.0480435743757
416.9386745096858,75.64377923749639,150.06411908907376,182.59085625275466
434.68087606691154,60.977917632318736,160.7585337236457,168.5558420973873
437.1600221621594,66.01237884046269,169.56140047632627,159.32004908707475
438.03847229206383,68.96479298985051,173.38349210647107,154.7089584382167
438.4252021021274,72.76935025679946,175.5060214275365,151.93611662084103
418.83700820086364,75.30233233943719,176.42658418733947,148.80510984062875
425.58516942260127,77.62781833518463,177.2721263297407,146.08815181187953
430.01534193691543,79.36624734825233,177.7559785743668,144.17707084911387
434.1528275992894,84.04027014440878,176.72785869386314,144.1916398884538
420.62834944430523,71.8281565261289,177.23941571183937,142.99279926917862
424.5541129520044,88.77263932800021,176.12728908325124,143.458512773102
424.8956334348455,86.41815889941594,173.4132393971712,144.0527714055391
429.30665118760226,72.2225099368506,174.3085872763622,140.3978924202694
431.05143691282274,75.10567716470834,175.50099977367512,137.00088384078987
423.3713868917665,75.6567220008845,175.82089386028224,134.5773483457218
425.4972766386451,67.84773151154391,176.65795866584153,130.80813945929066
426.49929265007836,71.50193278000937,174.68059746026077,129.6378866606715
414.2316973457865,76.87623346808358,169.90327853210135,130.42394943857582
411.04014477330065,78.0980197323847,165.353932428904,130.9338588225865
428.81702366631566,66.8959318375537,165.47533409721973,127.94096468121822
415.4801865868011,71.52490603494627,161.1195149243397,127.69011925274168
419.1401462461632,74.09950249995421,155.79486991095905,127.06924186685421
433.8893828574653,65.32645989227882,156.79920239819378,123.41660615019818
433.95427801004223,69.60232622752011,156.33474423157827,120.54390532862304
432.2572985978664,71.81441119208347,155.48500302846412,118.02864245535113
431.70594361589644,72.83942596998813,154.14515231964396,115.9121644122004
433.56336135799353,73.5951515881004,153.82973232846135,114.681771278822
437.4938748111648,75.38816722227438,153.3917033736263,113.14415900919231
438.82944004925673,77.32178508678199,153.59703869486674,112.86595902961253
440.4993828103434,80.99593341241027,154.56874765893014,113.21351370434473
431.03841461408376,82.8583181210222,154.6454882811856,112.04451826058585
431.5384136566596,85.38345412051616,155.0383590724912,111.3016569786084
415.0699451647233,84.93342372124393,152.67351154098287,112.03333551992975
433.8470234822484,87.28290846940226,153.32771748527838,111.19355458028424
433.5497535060275,89.29152116164667,154.0136686855696,110.38530164986645
439.6782542009829,91.57727501660162,155.3468705808761,109.36018685758961
432.6648352835797,89.56345861236335,156.58986060684464,107.924129861989
471.22450729451685,93.07899263629261,160.22005119190393,108.16635435563438
462.00605506168796,93.10456487538369,163.34165376242015,110.77785974737105
450.35006251482827,90.68591652985444,164.68849183770692,112.4374294544055
455.40686764865876,90.77809771189072,160.17853786200757,117.96402938586516
458.56501084618634,89.7482037605539,156.45519895001522,122.99955056872068
463.8500332816632,88.91694524802463,155.19854099617578,125.83258074685541
467.80164834848887,89.74574272525894,154.00605619714963,127.04294028495578
440.3733948148092,69.35375740257048,157.51630319370815,125.179224925694
462.84631875087166,103.45334970412114,155.27856994560673,128.00945926790519
465.6309830470931,106.65794049083631,155.09320207704084,128.22560814262548
470.0069595487624,108.12207325380005,154.74895533438337,128.39235265888854
466.10995554463335,103.94631095130828,154.79535849568705,129.05481037697024
478.0398729112991,73.16724685463011,152.62190414870818,131.91326587135197
487.82227110618936,62.82090734392109,150.56527121107607,134.15003325641746
481.3516984673828,66.41628757832287,148.93725793461198,136.1205496049357
475.8959652650572,58.502048543943914,148.19687554623337,136.82464565465062
483.742996396044,54.35725552849266,147.36651033626174,137.22893534079606
476.6414735377873,62.106838301938694,146.8874042583416,137.6661950029494
472.23867596379694,71.22401014153806,145.8230672316397,138.7056168877155
470.4338258413973,75.85162887542417,144.52105053842013,140.044746447226
469.6133310430572,83.88798891185498,143.5629831759482,141.1524062419181
468.04488827916964,94.7579519323698,142.4786696680788,142.34999355232887
469.50327896406304,88.31786200144037,142.00180681635837,142.75136310382396
468.88702481031874,83.11634466846196,141.45437642603198,143.15741424164358
468.5288767392502,77.41426876498457,140.96653047451062,143.42202060792454
469.53184334142827,91.92882800538526,140.33591412844606,143.97168325505285
469.80919880463273,88.97436893690883,138.59108071687643,145.19682835123422
470.5919714481403,101.72834308990801,137.13571804299553,146.58699520331692
470.6851777068498,99.76797940674246,135.0655003698225,148.06633873099446
472.7747676742493,95.22179553310411,134.8945597042801,147.01222401061978
472.69059862456766,95.54698106238013,135.1032722577542,146.27575459403266
475.74820465224013,104.99940529960628,135.02264424781941,146.29778028034696
475.2129254542631,112.43840480830218,133.91138392009495,147.07491069563338
472.77259562093013,105.27190367302097,133.57047118762148,147.17508101123974
475.1979393816382,102.65602705752244,133.79283654935355,146.07694399107714
471.70334410673684,104.06831791690418,133.77409634354098,144.56116261201245
474.26831740642496,102.0981993646052,134.21339126790747,143.23951216625642
474.552080639,113.24758803148939,134.22993554488764,143.36909863253686
470.34326586164957,110.93913646448908,134.17875120340935,142.900316036557
472.50957161066776,108.902684051763,134.2675979496966,141.41108707294666
473.35286745196356,109.03428210873008,134.36752901319124,140.5449422933936
475.4410448000495,117.14348072598115,134.34856109680447,140.99918109099596
475.44555899457475,112.01671610138371,134.20781013828838,140.7045717217216
474.62316632550517,122.06498526500724,135.65188261679685,141.39006159271673
476.42741384097684,119.41879546349061,138.23115556833645,140.49629207541918
475.0259071975925,119.30235003074378,140.9306263111574,138.54361866135656
473.7904238311108,118.97238542947802,141.84582681925974,137.95798376076155
474.1028544568162,109.04372982028939,141.93315041425006,141.34043764881656
475.44120503855567,128.76704439157515,141.6848252101676,141.98997320961413
466.2848469559094,109.00790900401704,142.86060328036723,143.8003696866347
465.14603423300025,91.29039951379377,146.81071670035246,142.7283886975988
463.7428235427875,92.07564315004687,151.62556784647933,142.38095404598036
457.8472867436346,92.64958191486468,155.5214926906652,142.31893271560926
455.55896962740144,93.72774799533548,158.47416225581125,143.60554484292146
454.5748254720173,95.01449819010546,161.3814002707497,144.1666937301149
450.0423341812178,97.59373111781166,164.12139925554692,145.10043292230992
450.65606304797643,100.85470036764832,168.01347506084812,145.64182507296618
446.19453400346265,88.46888351379106,174.62699883858116,140.5842351478682
441.27438026024515,94.83027524274293,179.17979354578029,137.2272926018297
429.10327684508695,97.5253523837656,183.08445650707807,135.23922100144026
414.0906366039361,84.60135127054218,186.92862851464838,131.74774378147595
417.7180232018578,90.52805534248914,188.04307128407592,130.94389046241113
416.5539095296833,94.53169695035668,189.32477279243398,129.82627428082523
415.4554110292926,136.10536923353663,186.19630697506977,133.23583736827388
386.49039608648,185.57603502524069,181.42769794467927,138.63380021845956
383.88909962188455,178.91395452007254,176.10734737716612,143.75958266586858
389.0830112805305,175.9490710258259,174.0071083646837,146.4483709365579
392.3480772377093,210.3817814576187,169.2872542699597,154.8535723263903
393.66383553034075,202.60480090116172,166.96822442266327,158.01872137417973
413.2477006089096,198.66936718397267,165.83285052773257,159.1839570756172
403.08779804965314,194.71402475503564,160.2552671879936,167.31372118954897
408.80563532674796,196.67143967857652,156.31419912870754,171.99963940460103
414.8470714729084,199.13490294236615,150.4719827354345,178.07366082929224
416.74966479078824,196.33187084362874,144.92559660626657,185.48356137243968
416.99598923731713,200.39386909873008,141.4723881066567,189.55159576891427
415.4428094860306,197.44136508512844,139.2263310938794,195.67765459501052
415.61855138133456,196.69815671249557,137.83366681182412,199.94364978761814
413.89067457091244,191.5948276412762,136.40438873253396,204.4408252602266
412.35281311725987,189.40544348003044,135.75033931050874,209.13748658117507
423.02246225832954,188.7558843837233,135.0731351445803,209.38902655819027
419.3461203753319,185.63286743092314,135.59169005391664,212.16283098304717
412.2405304396441,181.73467554993547,136.8317881915887,213.4884000401275
421.21366892635564,174.63368065170022,137.6244752989761,214.60375615434705
413.7082687875454,171.89692612663683,139.51287243176014,215.9386596098388
408.94021382300843,169.40206201323667,141.38868830489534,216.8487870256345
428.58190588177695,148.08573866048192,146.38728279453602,211.99752793890767
427.54939756776366,147.4314224579059,149.7969951098567,208.94005574124597
400.2818963644772,167.1629356585179,149.3079229619863,212.61774970745358
412.12490171359445,160.80636937004783,149.81272151362958,213.88654443954508
405.1291523928807,158.58174537702416,149.88064856844824,215.72525918813517
399.69577534942067,155.09375100345272,149.25894497561976,218.06625104425632
415.3501714088947,146.38038106515359,153.79721782859554,214.48350949080088
405.9361703072882,160.74217264788015,154.04191848761909,217.8700070443419
400.5203294261681,157.7368593260129,152.79430699882175,220.69214496622888
415.5727003642157,147.50021240547412,158.7776808148652,216.52722851067557
408.6212624055417,157.96842571334065,157.73707528690068,220.89808911112902
401.6004278335263,163.36488567909169,157.05220958748663,225.32989490289356
398.08859635244755,153.8856110612565,155.83802998982966,229.42791042426953
411.63094069106194,155.37307187225258,157.15832864780594,231.90477675088573
403.43989578209903,144.27119491092188,157.34242232620545,234.5220915408567
401.4288788652128,143.08491169643617,157.14091871490947,236.6024699512677
400.2328302752622,140.6793638464007,156.38429110042298,239.20411063806355
398.17774774554164,140.99828011378042,156.24826179722373,241.65613544316304
395.3843203336683,140.6149357900998,155.72998356432967,243.61435872892918
420.6350414972824,138.58642134658277,157.5790737688398,243.7967461975062
421.20246023157557,139.97443804042237,159.43028881337602,243.8187353184482
389.30271353011506,112.73019105007418,157.00467693065258,248.35622908552153
412.69539172792213,132.46400687886822,159.44895005163994,249.13632386836315
410.6899278703048,133.61158822917938,161.15772465637042,250.55012289297582
407.05491279986285,130.37915089260588,162.57338897160128,252.34115132131083
404.37783316958735,131.88173492870013,163.9130623961232,253.55240962165038
398.61797269113345,128.18495454624417,163.61570857733525,255.98674759298316
397.5308872058374,126.86345413556103,163.87584851917967,258.980510871005
395.77396099910857,125.91033998435228,164.422384305135,261.3935643820864
394.3165502239848,124.4964436767782,164.10910960866323,264.6091464254687
395.6574155885126,124.18953675087948,163.90975617033325,268.5369923550554
393.4054391697484,121.05521937734764,165.09463533079875,271.10496901915707
393.12145179487914,119.8825269237264,164.6643146541685,274.8706616818698
391.4121682174448,115.97861568903994,164.52698218898104,278.02153224694587
421.80123506634794,121.35107257904514,169.32910209224897,276.60668896254094
391.22480005721906,96.49734998440809,168.8158382298915,282.1478896449791
389.5247372208195,95.38758834596263,167.96311098597306,289.1170309753063
397.4054488897261,95.93463030442194,168.93662150130936,293.6633183810195
406.27205987974787,98.4793993230249,173.9298285068615,293.1057169893214
403.86170913286617,93.00618292429243,180.93786620706106,291.58448697550705
401.0622669129108,87.77358309574754,187.32786521568204,290.3393985848063
400.88191447168913,80.17068031191513,192.8091946403617,289.0484580892387
408.40605522832607,78.84854278906874,200.54842113795206,288.0333236119212
382.1682322497431,85.72668320814316,197.25866716225678,287.2194713626396
386.86827598679247,89.53241658080611,196.22679715641976,287.61135296783857
385.8039493283504,89.3197394552428,197.337338886733,285.80570989497534
383.60784785230726,93.02120662366593,198.13245397871202,286.00712326397013
374.075718494124,95.64310724619386,198.3475572690531,288.58505835466866
371.13978345463096,88.5594614803581,199.07450461473232,294.1826076835814
370.1421126990118,89.10163375622665,198.38612935198378,297.9041279427879
370.4278594998854,87.17321888030284,198.11351748961454,299.4992997413732
372.951252094592,97.8751163628302,197.07595337716668,306.56766511567395
372.65198579777467,88.85923282439859,197.64965691655004,310.36841698715386
374.4044303537296,82.03858919414571,198.2227669196305,312.62467350119965
370.79086769442995,99.7908768803077,198.00121708259013,315.91294862326043
391.94929736961205,86.1656085816062,197.8010035452142,318.2073694980072
363.17696923812525,104.50827965473823,197.57274492171314,321.05340705145016
387.61145446692984,88.71063717477145,197.03596211669188,322.58514678433295
383.5162715729129,81.67371428531675,196.72428322699133,322.9871423587746
382.7132141214256,96.5069873491093,194.88171725228037,325.8974318635137
375.9243679469262,85.72828561312954,194.0637101002416,327.9961980979244
369.4859370544715,84.46971315123838,193.80100641731661,329.5592394326488
393.6666639003379,97.18902854935877,188.88088268163847,336.75199443963066
386.7738896992888,105.6313093013145,185.0934730911829,343.8894113140151
381.7266727427606,95.15202620912993,183.4345491169712,347.1069439443071
399.83555206526546,84.12391412900979,181.13311508744002,350.2346059402407
390.1076431686843,95.72617493592296,180.11127365513843,353.31124468102865
381.887862558577,86.48956339572644,179.70318053270165,354.52468306293537
383.5663033616565,81.2983817566178,179.14774035758828,354.94523241445586
381.26777228190224,74.55474359728132,179.31695179383019,355.1003239415639
378.8554263006318,74.96242099680865,179.5752999720388,355.19739787919593
383.7928717815595,75.57070062678636,178.81711681200224,355.55402644730447
382.2895221112536,69.81909540858399,179.08900341610286,355.3296053148005
385.3660315117446,85.76866711091427,178.23046636942374,356.58610155857747
367.4805885574835,79.86143601511341,178.77015110607104,356.175155196102
391.89137783568384,69.38418614460144,178.38121644005116,356.7870455316084
387.80201191573286,70.11910906820063,178.68336947212228,356.7450800907897
384.69351099204675,69.42350701438471,179.27681852026964,356.3715475460473
268.64973129636456,41.23028216655533,183.6599711733528,349.46833583423535
240.3332076819056,49.39120050403389,187.6418266908449,344.29692602390224
226.82164014167768,63.460187112687265,196.86152739935255,332.60627374470585
242.65938021517601,40.4882419540738,200.9469420277465,326.2233589471867
227.33791015698188,48.71460432050873,204.47078920285063,320.89129785720013
242.5099426435572,45.66082937786564,207.42688749874293,314.0037172035459
228.31067165239,47.812042474803405,211.35874132494942,307.18604008842095
237.79157960285934,42.41348959958435,214.4741787656855,299.31612885582683
226.9537769056167,44.71458706243391,217.21742637208484,294.7462203170646
238.27934547926034,40.55101409593664,219.23991135614523,290.06171616460995
224.58282464086136,46.386282279758575,221.72191558787486,284.9097454517207
217.05629150380315,48.4642503714208,223.66189992992338,281.20383500568187
223.62764237305993,48.77281965513444,225.84745384479115,274.5886519474404
216.9880956297191,55.43000016737852,227.6117787310089,269.7378968036895
228.70808544737875,56.53133672570749,229.20689431053341,264.6121976021317
214.9952170401961,64.51438423884503,230.25293332521608,260.05180898149627
223.7577461046589,67.03627131227856,230.42200895483543,255.7576108667909
215.9016927390278,75.04893073534843,230.01062058416895,254.36606487068778
226.4561167888237,77.55426973447186,229.31386850813666,252.57956804767286
217.91897392978234,81.80873099954773,228.1851608332751,251.17082852762243
226.56762516558587,80.84340146270661,226.63927838272514,249.5740775709397
241.40085358912305,80.21990190398796,225.84792643982559,247.1416903110424
226.97538564781783,87.32610241933797,224.5001070581538,244.9050917019122
239.72646815897684,87.24304646498817,223.66472441498615,242.3455513927468
254.17610039345098,85.19604687733144,222.94482510411893,240.81867187161862
249.95728299642502,90.06015125232484,222.7681524946064,238.98349853346653
278.3210315245143,90.0755224234438,222.14106589985366,238.13395681474088
274.7368297706009,93.34789018132938,221.74934119570534,237.44944363859986
426.22428700426974,17.020665129465115,217.723492890477,236.42060516810963
429.7359217656642,20.11406006820185,216.5007580928773,235.8682256719533
431.7263856638974,20.605598725828386,215.6545854309934,235.59453536107569
420.2168255302251,15.76198847374178,215.37788355478338,234.84697765174792
429.86997070430346,17.108756495424842,214.62965671370674,234.3389438991075
419.8080130069194,15.871920506238325,214.2707325241243,233.5492069781733
427.1862799556451,18.491191922877107,213.91412481228073,233.21253391876047
418.6668826750355,19.859041613451836,213.11652410982813,231.79752385817528
427.703212351741,23.158819783462462,212.65582802851176,231.24799679595554
417.3192435752165,22.892298977440873,212.4369205650813,230.57524824591223
425.4670491619455,23.25071675657705,212.16053546584206,230.10096979604214
414.5371554290956,24.642214533655604,211.8479234106678,229.47978082528957
421.9417006125876,40.26109166321163,211.5491003013742,228.8903706060945
427.6300455205078,34.20190848701692,211.1121869061272,228.3823121690552
416.5962561237261,33.29150669374657,210.70036887962215,227.67232709554648
425.2047158474238,29.940844550717628,210.11433741745628,226.9361499510929
416.0613356958623,31.271599627734005,209.57506508202948,226.00001795276845
427.93689240080676,30.331713849068805,209.22534365517282,225.65040604147092
418.4512096582363,30.686394279135286,208.4536328158508,224.32641692597068
424.5421339388017,27.518321240078848,207.64882702510562,223.37581888634674
406.2808322384067,44.554624822333,206.072786169304,221.84355214542242
416.675681357588,39.106325471541766,205.24142762210343,221.03001347975635
424.41276800604334,35.57912610704905,204.27267787103014,220.11155425662386
413.5926355680109,33.04353951059905,203.7392138042239,219.59476625262445
423.79155596424664,30.42017302555915,202.3823161575044,218.17653883833535
423.1635163241121,28.181896101750795,201.43181026893504,217.09498292566764
421.78975627769864,23.55000091263416,200.26245595304005,215.29512508002395
420.1630272161648,22.054778902318375,198.6740223105132,212.92311373261353
419.4480540946987,19.20632875688274,197.15003531446223,211.44061262577972
420.7366907627323,19.493573746901845,194.845983620174,209.84709529340844
415.5607919214891,21.20992430380049,191.29135773393472,207.7837269699859
419.27247603580497,26.96395133044706,188.53653379775307,208.07040119580654
425.5733610659994,23.38333075298644,186.02512723986663,206.95974980312036
419.49490261380004,25.45510914746592,181.41495430051535,206.66055980302554
427.7742682284878,20.679380624696677,179.79218288711874,205.35440519237505
423.41695781155676,20.43522215610946,177.3591119942963,203.1418990609307
426.0374937232857,18.872694363362015,175.42790445344642,201.66485761197126
429.1741593124617,21.479769499719993,174.31037600184007,200.76456298729607
423.5304446929318,21.76226511395886,172.486151912958,198.99321559102506
417.90996816843125,23.748235326926462,171.3837879300987,197.31595862151076
425.0758545417506,23.98852187435277,170.38516223241027,195.88226416254147
425.5540907413621,26.567185635548725,169.68730377724088,194.21808043707034
423.97082893152356,28.74592950056183,169.0699831643587,192.4849201282325
421.5985656373255,30.56201892045067,168.49430597162686,191.23025517395286
424.593547767379,31.584146845427355,168.01776086282607,189.6226236721631
418.49368009870875,34.808639493000115,166.55255059774953,186.52164534074743
426.7952993578309,37.00590767014437,165.72275339420247,184.51540749796405
430.49528762238094,35.54808593399524,164.17801768694085,182.53391571254136
436.19410082966544,37.24202759443554,162.9999442661462,181.28767472373778
418.1657752396046,35.44579400211852,161.77989638010575,174.70315712138452
408.30558732275085,42.399688060929606,159.83621925055647,169.07109818314467
424.6899753459743,48.474474111270226,159.2581055881428,162.87839091629522
427.0406093341465,55.81386411834889,160.55231957972444,156.6510278714372
424.25607929278874,63.67286223659133,161.80772476284272,152.70721490826776
417.3429147929677,69.99007123797546,162.7171693401826,151.56963070676903
408.5501438531621,71.5580753088578,162.28235218048707,151.372758116457
404.5644785193964,71.66199389368728,161.9553630314292,151.36571536048382
396.83779030996664,71.59007511550297,161.77260148794738,151.36742663976332
406.0658583870646,70.05894562129548,161.6020545518911,151.38281944966573
401.6181650314438,71.24848675095797,161.4701270770365,151.40091989335895
403.1847908455516,73.77728752009165,161.42748857557567,151.4156578898511
406.7073658550465,74.88499563526452,161.38625577384062,151.43214926563024
408.38668478161685,75.14872755962809,161.35140608674595,151.44484076806506
409.4398044289147,75.09414104109396,161.29750133919316,151.46317862127444
410.90278188170583,76.40448284847433,161.2151545745563,151.50021962542544
414.2860804403921,75.37707724689135,161.11959894583129,151.5327820836268
417.2821761309758,75.23402678717638,161.06098653271187,151.55124870067905
419.1022463518226,75.3897372871607,160.99469553063935,151.57063559517871
419.1816199375883,76.12001599406602,160.8848715870439,151.60690125380154
420.96760743780936,75.21653185267185,160.768526889031,151.64043167896202
415.47391084974265,75.6862669742781,160.48402370285976,151.7440398582959
419.39510039568756,75.20972696525531,160.3246799846577,151.79877327342476
418.7766001786804,75.78120847524781,160.0779145781417,151.86443878871046
412.57747637352486,73.2434861667443,159.83669781009576,151.91029661372528
417.38634940507154,71.70279549304476,159.67796950060352,151.94404002167124
410.14340911037334,70.77991236799065,159.4377749175755,151.95928790687316
411.45080842417246,79.64349952518434,158.7585499870674,152.3781001494926
412.41782583012895,73.79702882424634,158.07038123541145,152.73389193131246
407.7470378217462,68.07924069962736,157.70400093809002,152.69454790772326
405.4733225985404,68.08897274499515,157.38068620246426,152.6676593981732
419.80179199190684,67.08230651434522,157.0405999853115,152.64989587787517
427.5610030937794,65.10734459010655,156.77268990467428,152.61547595918637
423.64697895719235,76.01686398826781,156.1745716434246,152.97267808388435
426.7665494558474,69.55520669714632,156.19542229192749,153.28923931682314
420.47686056572024,68.90058847149723,155.88110996292883,153.32230229571684
425.66404720861556,67.77137356595792,155.77601615711862,153.24402809106365
418.649989189323,62.105337094964796,156.57005283474192,152.0051152389825
418.91793073048893,73.91881820878704,156.07706216376113,151.73612420274426
416.48186448851754,70.35206395655692,155.67405436221205,150.33837126311272
424.10712959276145,76.68777428266064,162.0244953756481,144.33831348779736
417.7259317089247,79.81548680222042,166.49219528913454,138.785822296582
421.5796642900684,101.78538486557986,163.12529008625876,140.4794528361229
420.06999080003783,105.45717597929686,161.11516423840854,142.90134111344963
430.91444772953326,125.69317303152336,159.4160441568835,144.99908348970953
428.01344215542696,139.3990209123292,156.7386403652157,148.3830820792941
413.3139884188156,174.8161940321462,152.4470189688095,154.59719012432808
411.6296519220763,170.08932703515956,149.7112579489214,159.0122755129547
413.01794781037296,184.18907516765435,145.02999796039114,168.23019868155887
413.72485032092567,177.7838743355735,141.562228085999,174.68131117640903
427.5965932561479,171.00098584836735,139.24726814023705,178.65353174670756
426.09358534738703,164.51887011077199,137.82375333718394,181.7885729676869
424.54770231494706,162.46625387930158,136.84057109121184,184.41069965193353
421.9142708218397,172.70425378619385,136.04969720379984,187.96008664845175
421.84104553197085,166.90256507912358,135.08629594637938,191.96808232583692
423.2829850389154,163.0962759874559,135.0565712808637,193.93594901472648
425.3440990999261,157.8105350089685,135.6060331460248,195.95692819460166
423.368053475873,154.1865703239917,135.238113255215,196.4526073700057
419.11661259933953,161.9775624125037,134.89028223209795,198.05311449547196
417.05804773165187,154.21145112624782,134.4287090408375,198.7030366910916
412.9419254355671,165.95107490251218,134.6592236677971,200.4614104459359
412.3638023199228,159.98520317229153,134.34787587156643,201.58498168042507
413.62296747825064,157.398894725488,134.27961641291247,202.31722324596817
416.2822253561871,157.1920550939256,134.28647764449678,203.18310706436606
415.51434875288544,159.24716038521046,134.20630077068637,203.98982238893132
469.13557754454763,125.47260293467923,145.59227641490097,195.2632796361852
466.6361845158522,115.02170744225954,154.40033976835812,187.08034047270914
463.92068253624035,122.37079940069984,159.74582237231047,181.50595874088714
416.48062944506466,158.8465778107263,161.67626729977906,180.76592688421312
413.3966299876405,174.44277713227194,158.41216210390962,186.8720702638269
407.6465671164251,168.78646931334862,156.83667577816414,190.62216825869868
406.45720572362075,166.1414023797396,155.98491789284395,194.07303904436617
406.69120410492883,165.37504753906296,154.2659890327927,198.49345285970688
429.2368623422682,175.9652802757753,152.7797293208093,203.8259821525175
423.4608345170304,179.7166162409906,150.8144176083089,207.56529268210892
422.3798163104768,172.45574359641455,149.343275548897,212.02019779944706
419.4869671873047,169.46026809679555,148.12083275443933,214.27861295960423
418.5837070701498,167.51692214538951,146.67877205613198,216.04155918256097
417.22832347696476,165.54690021223416,145.82465410303672,217.8919385896431
416.0958827204948,166.61215432159477,144.6342691402991,219.67404447805387
413.51126783844353,166.79815388505364,143.08750216215307,221.94104242907804
478.89561059213565,131.77978888642693,148.16563367137036,217.25957937213224
412.6110948013234,154.05052662302418,145.35711703522145,220.86744548218968
478.3622584256095,113.79516025999803,152.73619847805548,212.62962779320293
477.367713625266,117.45637663263275,158.1409169888073,207.56682382066907
490.3333583942093,93.70053899180948,174.91969901464137,191.05596950026484
482.6596691787251,100.70173882637155,185.6252737041547,182.16843084264582
475.30253185701605,109.47275617820178,188.35881161508985,180.6416511133506
481.8230730786378,114.87377960955142,192.19190901193426,180.6426333110151
476.97866930223836,116.97187061997731,195.3258812452141,183.5588084297507
476.3047768227666,103.69734953628485,196.93715151661945,182.57609133505068
482.82731855958593,110.12213639127418,201.55418695472395,184.39611143610716
477.99774024633143,112.09175833690462,202.02046295073978,186.33451971312022
476.89470429983135,100.89090965377636,204.0538062158198,186.3665462114568
473.73935489064985,106.05402135850845,204.73235819885565,188.39343979112837
471.5238286478133,94.24825886018206,206.80016495889703,186.7677917073368
473.31800719277373,101.81855970555199,208.1281992416568,188.8445190418655
467.82214308825746,89.05950450343568,212.0855393853513,184.0566716519087
481.6899009559902,116.11291517877095,211.9898799883867,189.6080915732108
480.70700101893357,102.72519792887311,213.7986623781927,189.52864287903674
479.21730463446613,108.68625572736335,213.66419430156176,189.818570090589
493.7598051566197,110.3662837497733,213.64195647136597,190.5182688942493
509.53522023596474,123.45933314414141,213.33485876506842,192.91496810966348
508.05167147753014,128.29269002955328,212.98519335774336,196.22054533157655
