800.5,11.5,445,393
788.6571571870281,-8.065761429982985,442.20856618014284,389.86585589829605
778.0261582658757,-14.523303113426266,440.31078924217456,385.2629758557588
775.1085958625943,-15.507274026685025,436.7999906249701,375.53120206795745
756.4737489795384,-9.91807636542191,433.90633523947054,362.86958831395845
750.809820677501,-13.119981138836778,427.48878855375057,352.31606143500693
738.0090200097716,-4.178290233280478,418.9201094326663,341.3958663647696
739.262060840224,-3.376338773528289,410.29528721313716,332.67428909452667
748.0092356384808,-0.019584573314574527,402.47182651738035,327.3825777312239
757.0970358350503,1.8975188881412066,399.26792297787927,326.3325528799981
764.4054944296308,3.2807647014763575,393.4708071192845,324.2804172585196
750.8045378301351,0.8410423164276892,398.38245237393994,325.75668429042724
738.2699181704602,4.348522693545675,396.517001217826,326.2443685519078
732.1376100590677,3.4176634391644427,394.86810521069145,329.0207648594183
716.7793689845605,4.255647893105049,389.33472087411025,330.679084548644
719.0218321938829,2.50848343708563,389.74913413136875,329.49618787093067
721.892149953507,-8.146175998247855,390.7927002341297,324.77996543605565
717.7421876528277,-17.091360599920336,393.5977680010767,315.1379287861291
703.3933374746111,-23.038338781180585,397.6071710857813,302.63194847262423
692.5729647547757,-20.114831606696868,397.60931331500296,288.81407078137164
675.3253020295575,-16.86003578261625,390.9693772297949,279.2718381992199
659.7082433423436,-12.288121212355094,381.84975391208394,273.1328134314851
640.0408172034631,-7.759315341453799,377.2419449044446,269.9670655126195
631.1601151315208,-8.862690343377096,375.9057080571182,263.8611982145252
637.5731266551627,-12.13210658923478,370.21114758383976,259.63824710638704
640.2377524792289,-3.085854989580355,365.51807574050906,256.90534206686823
637.8894730011282,7.953853580099249,366.3451726834659,255.20840745619554
640.8377543873894,14.201046285030742,368.2721629962706,258.42753446698686
622.3387477348496,16.85877216170107,355.0899013379715,273.5227577624743
622.0839067331442,14.23806461344958,345.97293634583787,286.80515605905055
660.5905630272225,13.032417545835699,333.2846817410797,300.7228560246616
705.3662401078889,5.5939279530625186,336.8062188150984,307.3115308812895
723.5067104612087,1.4602816751042837,336.42405893121247,311.56708466004534
749.4746880456464,4.108371189093418,339.7198885828939,311.5123979034904
759.5787145973338,3.051498530987658,347.4743484494898,312.8368892695829
766.9326486252257,3.797023552760322,354.95874113589355,313.4287900564972
770.8145886032586,11.371291872614506,358.76147628450303,319.27020550419115
772.8150048504822,12.85600553884754,365.06487352638396,327.63406827182274
787.5014864049502,14.491797798953655,375.0298277453287,342.53951050026774
818.8695033588846,18.54052286744212,385.5567409199796,354.9137972712498
829.6860258137614,14.452742703148374,400.9169554401576,368.8469531389303
844.5910108863815,26.70162946962597,418.57620450268115,388.70074973536964
854.4202107163242,28.78324965998567,423.2732468899148,401.6412538614862
865.71819053703,40.4047401713288,424.0663463152757,413.17793211004016
876.5418796038566,41.59399110869845,417.05096433640756,420.55029617158016
880.7250418192,47.27796345215202,412.77048871400945,428.04786814727066
887.8078751578003,53.836825176772436,408.331233856267,433.0983919209302
882.6597195129682,59.20186337292739,406.670589236202,435.4727667081247
885.4614919191858,68.50197215387902,404.81331984872406,434.13136872629957
893.4683431147237,69.35476446691885,400.98288695838073,434.8877596747133
890.2061496379745,77.19734260205664,399.812202214644,436.1377764391057
899.344529944335,77.52002313901193,394.880466664484,434.3427259292363
896.4312824879628,88.06761932540485,395.5361809185065,430.11919188164575
902.8093225342045,89.8885567326476,392.32607460379404,427.78584906674826
899.5751029524341,100.59206226991444,390.51656634149253,421.809741426968
903.0262816656754,98.56147319207042,389.48781082846216,418.8462318156272
895.2088129704019,95.89994017971873,390.7720888485867,422.25471809122325
887.7846797838491,95.01817485591326,394.32001456922654,422.9694560189932
881.2157823776106,93.22122555756829,398.5287284185688,423.77673423718886
871.2289064459662,90.73049349749937,404.94443298724093,426.2599998481104
868.2930438655267,89.45500383935723,408.1755412543515,425.17282322719984
855.8575975908751,92.14714265902072,411.86626183710194,423.4022166522497
852.3593248221022,87.79017903849595,419.1482275540149,423.59366102128996
848.118307375212,98.88660473709498,423.51670415540633,424.8102696918409
849.2138156304675,92.8028361612798,425.583930252012,425.98091009969687
845.8982954126614,90.9139898871656,423.55730543493877,426.4009559442052
842.2385456449736,85.34292539726388,425.7910067067646,429.0691793606541
844.7006238785925,102.38578785894683,424.6715544288273,428.9026591492023
829.299393308463,105.26864452135038,426.80134139000916,428.9164806411371
833.1168346136349,116.09158618347641,427.7966210187401,429.5236433526517
823.9798867083056,121.3712860598007,429.76840806475025,430.134828278653
809.2546654168575,144.95449467878686,433.6900935523094,426.3510633233955
806.1823692076332,149.41228328411734,435.0409085049379,426.8518107282131
785.521100551426,166.39892947673383,435.1203351606139,422.7701504230582
774.889589714812,187.4677908192709,435.49992253818766,414.7633595922321
760.3465237067924,198.6686021063585,438.04857515359197,406.89269042534454
757.8671048298042,218.8621958359167,439.53163480469345,397.90725734550057
756.2772684066563,229.9194112865137,439.68467987198267,392.9954059425976
757.9247003447207,233.61550721011903,440.8255879379924,387.1407217486233
754.0743015997996,240.2019941099809,442.2205063117764,382.0819246990827
757.6871440423281,244.4994215121206,444.24000823244444,380.490411569608
763.267894381491,239.57196973998612,442.42930711466533,379.60206998906006
761.6535587944751,245.83484462529,443.09725784497164,374.9098253721083
773.1633026839384,236.80922486393231,438.8523214576468,372.5303512412592
784.3114929890992,237.0960844258094,432.0778562831159,372.72963396715636
791.5537941520067,240.8556119737853,430.2053173651988,371.27671618504735
786.2935111768554,239.13180008571692,425.40059263556986,375.30777156270847
781.1717479291624,236.9566881273447,424.991118299352,375.2564556769016
759.6317508822483,237.88949763036175,432.8809192169107,375.8021420984188
737.8982539826366,236.35544005279374,443.66914485817495,372.59200274458266
744.7057921461751,228.91109751472675,445.3576240196845,372.2964865801771
737.8833014874024,225.27122335497702,449.14951505097497,373.9581671582825
730.4212522617837,206.96990828147113,453.9563783184965,378.64198550719857
692.664027235153,195.58446824663474,464.14799054216815,384.4063348151526
688.8604314222487,176.57450182824357,463.9489978761371,392.375257520099
674.9310448561927,151.14921410771808,467.2638657500704,399.3420400839527
667.0478914184444,133.71039427755193,461.57337979414604,405.12269869570105
672.8810256529578,132.97371049914415,468.99150387272664,397.58488442115674
673.8760113215876,136.5952815288168,472.27900646201135,392.1002832305706
671.0442816946849,144.0902169165177,474.01069038431956,390.0661076074515
667.973545784801,139.7100088250957,476.55631793528846,388.0898027514771
669.9352339883608,133.40109285126937,476.252396388856,384.06247211673235
662.0270783723367,115.70086125878979,475.26264492253983,383.00108227434777
648.1280723078628,92.52970704445198,473.0561499866685,381.7527763841757
644.9270446018897,77.76083559832858,473.6752387848451,383.18222192840005
651.3020337429468,63.603692021538905,477.4936484879605,382.0389723845917
675.209508483674,53.43055682363038,477.6806788343871,381.3702777230357
685.6918705769152,47.890086679580264,475.78447042549243,381.5549997112702
684.3960713170065,38.753059198169154,473.28519284286233,380.8689049090778
696.4007080633662,28.776292117113258,471.49708596086055,379.92359721327944
692.8702337801299,33.892733990193676,465.6207471967059,377.14204698991523
695.2985106203787,33.85016819966472,462.4329354576603,375.15890478824304
688.416532570769,38.315660140459784,459.34150291552226,372.10152997266243
687.1572160221156,41.34967124092901,455.29056928614443,368.31884688877415
693.1856499503562,48.98333424573917,450.69763394385404,363.73441940057717
695.7484188071286,54.96394394282001,449.0553189533163,360.7834024142524
696.0301799398076,62.71648847213851,446.9762573994377,358.4124552776125
711.5030512634695,65.77172923205833,445.13207153006783,355.600523648291
703.4553969408095,79.78759596233994,443.08450259665256,352.97564100254715
723.2025261921636,81.45797479574506,440.0130269918934,350.7637987648522
723.9962807636005,92.0597125527766,438.91967009692564,350.55747176458306
735.7760970466077,99.32746587276063,436.82259436990046,350.95320616007643
745.5289937403644,116.3685885649594,437.8530043667863,354.56975227958515
744.4013280081313,139.0837078682151,441.8764267946162,359.0613123791284
721.1036530786158,152.2270149725599,447.3284813655612,363.4601649367962
711.2927853480062,158.09879749245596,455.0546479791241,368.1290087257395
702.8400571597492,151.42875397264356,458.1957744453598,370.17902618528615
692.7875986083131,133.75955724074012,463.4144410523212,373.9708173999475
698.8942800358066,119.35759942929752,465.9516532629473,375.32704968848213
705.465129060463,117.33846443063447,463.143866155712,374.06316133009534
710.4829417662112,120.92846051388437,459.44717945728934,372.7540764702667
710.2698158090531,131.83388788569795,454.75228946105267,369.8451115276649
708.735481898372,153.85575637279567,451.7983346971182,368.6652737844265
691.8791289252973,186.40630370621938,451.41053481441014,364.92876499404395
679.6841381781683,199.2125700218,451.56877917182726,366.27819601644717
678.8036900299915,198.40784503993024,456.4092748486742,371.1802895272448
681.6370597967632,188.8437406806547,459.26520415363166,372.3982332769238
681.8096891545456,162.64720276435364,468.1321236683524,378.6795918854048
693.7035512484488,133.33183743297042,470.68444159480407,377.5111434710228
694.5312261763659,110.56694908405854,469.4864779644317,375.3398589200673
694.3560455025874,100.26356878937665,466.49207984772477,373.4000725733959
695.0929947026319,96.52945501971135,463.2644475742684,372.1573874082587
693.1796665710302,96.43345773088967,462.18915967701037,372.26820520573784
685.2872940574686,91.7446505259179,460.81752691177536,371.1893434041335
680.6872527491435,74.61856887742599,462.73583310020297,370.98664219916424
676.8898248303356,62.4046666383602,463.37307928434575,369.96922382268156
675.3082315996493,48.075035024479604,461.8406123071502,368.1490330099154
683.7608914837467,43.41937132211865,457.21924906666516,364.3419474431407
686.5766327755574,46.320743625897165,454.4531501080744,362.4606980347872
684.3853170551528,49.65630300740614,450.52979323711617,356.74991750667067
684.0585063616045,53.32474497079386,450.1207602481828,352.70609316737387
683.1419380134689,59.19598524371074,450.3723018812444,351.1912279779854
677.6204715882932,76.00482405845685,447.3152333964516,351.6184607794014
677.8878995914649,93.76990121709446,448.00273335190775,356.08297351534884
670.0722369388873,112.07308707591554,447.52535885847925,357.08773537314613
666.1157474337439,133.3808003742549,447.24103028209606,357.27869763144787
660.4316522159654,179.40081487851774,438.91890547107096,372.03470438952377
661.6284961289424,203.12300763037766,434.88531636471384,384.46003553009103
655.8036380330678,204.31309977711044,433.1573212603814,393.581585970207
649.8637425993144,216.92801595985333,430.486748587239,396.9157737615816
649.5537600760049,220.29990386226171,427.9506648591386,401.3008164687277
628.57392065577,227.36505924644814,427.6497998763662,400.81890219235925
621.5635014485285,241.03077527393725,425.5658867039352,406.417157637381
621.9724867563746,241.03846763262786,422.86943768038316,406.49171395223067
631.7922909092241,231.3984989962466,421.9623981155289,403.42927642335746
641.5017073010436,218.69584980201486,422.6452346434135,402.9778624705123
661.5312590842625,201.1417314645292,421.4908132363993,404.0303549743411
667.1218904661187,176.56660961067732,426.6322071041568,411.93399376261124
671.3327782383919,139.31129500254696,432.90084408097266,417.15406511754384
673.3256169678045,110.59019173346803,432.9737904128883,409.53754820599465
679.7001659039848,84.22126510115046,432.81563492334027,402.7867616390868
686.5103349333017,69.62427438061854,429.3318944980683,394.136825233471
685.2965813028229,60.604672816789616,425.3234424198839,384.48744880180266
689.0605318582196,56.06647664674452,424.4925322758875,377.7828162090315
691.8072721063311,76.16230374121051,423.9266059102187,374.04923468245306
675.145565763898,78.90831798388837,424.9093203528972,367.22408096344714
671.3606409177039,77.87696667195544,427.22231598797373,362.55941809353857
667.0349213787986,81.56054683710826,428.83035525499326,361.45054900773977
663.3782722033067,87.82964804047529,427.83848450044724,357.6661126608812
660.4469994734577,75.57783111093897,431.42295426510725,359.30605900469504
659.2836069330624,80.9809067726836,433.98785091637546,355.79068774864965
660.4105574480096,64.16425932730624,435.00996373764684,352.9802837563477
653.4415202356971,42.12509585871328,439.03392511753304,355.27669312151215
643.7173377777654,33.503882692930176,438.5799882450664,358.1226093288718
625.3556090863781,32.16621344019029,439.7254236246672,356.78654999575906
617.4204576151055,29.61978876138278,436.7612672624027,357.41858535419806
599.6144924347172,31.313487967924743,438.6428166112165,357.6095355777413
587.0875829717129,35.01371479675015,444.89253168590665,363.1203472933205
583.0524463024124,33.29468796192339,456.5048632539541,368.431447837974
595.7391799682205,40.360266013728875,463.0366006952873,373.87033148350855
602.0906111877864,42.213177425234875,468.5671214348662,377.04301913565524
603.5137131192995,50.92010542969072,471.81114994412405,378.39740500906777
605.8138445822235,43.25063621825751,470.76144916160194,371.81252484367735
588.9381074975113,36.399082493669425,469.6893149325889,367.10956921301954
580.1640473403395,9.150771530815177,464.7215031638026,366.4341788096265
588.9115883961324,3.14533251962564,455.2660605251781,363.7190560461779
579.8303908335283,-3.6172852350354674,453.78530341344776,360.20091081819544
583.136241422146,-7.6696077725921725,451.8191243538272,359.0457530750105
584.4150161187256,-0.9517418315294037,450.34088656993606,354.1115642379289
585.5804623218061,5.894786605260379,449.87587060000874,351.7968070774841
593.7508787341264,10.509157964967415,445.2452705100482,349.9707852862622
602.0859775035392,14.392922879029072,447.77240344607617,348.2495000794157
602.8938444790115,30.822480029436946,445.8333246684333,351.6534015256703
606.7789270183532,48.86795206506167,445.89700329778805,351.44555605671576
598.3584798995994,59.43933631935596,448.1649328670219,349.2934300957346
597.2453058815137,65.60103379665185,443.90867687639883,350.66918045822047
604.1433958962768,43.36034101738997,443.40172814722655,353.4657782665001
607.8897703160332,15.11658245877669,445.3478373399405,361.1175371744981
616.083513375396,11.796292661725488,448.20217823232315,363.0453324782868
626.7661190985357,7.0368344908286815,453.01805046524294,365.99872757984605
640.825981376231,2.1844021758659267,447.9606370823378,364.3468522119078
659.9689639517732,5.6301351379761115,444.91503219126326,363.74885667037785
666.4171760741467,18.10336104505734,447.2197864972363,366.28785750819293
670.1619271845043,22.72852756565368,448.3901277213455,373.1322872691243
671.3272068033857,34.78041655913759,456.0250416586313,372.79308905510567
662.4870717328752,49.96447193831162,457.90349009097315,373.6488762307176
654.6555855395757,67.39143648138679,458.6740617359952,374.645357605993
641.0080807563438,83.52746658443274,459.4060467815849,375.6075159973132
643.9021540390212,79.28731440952882,465.9166320201241,379.40450411634714
633.71376723802,67.36261405766712,465.17514237749776,377.27418565808324
629.8541671373772,59.28736704094641,465.3061272276784,373.49356740209595
629.0588392081288,44.537539397444476,466.6182983244603,370.9714369530158
627.4166552496711,34.119506767859605,466.74023094817824,362.97802871670217
631.643037414291,27.42149143364844,470.0067764257619,361.96566743260985
627.2037877506742,54.31567108513525,470.02096834943103,366.00019173559326
631.4177539694776,77.37305501078413,476.64515325954153,371.2314474438658
627.6814956903602,112.21976061858902,485.56766664680947,378.1112402687834
628.6511898571185,168.50746407357994,488.9770169836417,386.65121269229763
633.9259717324383,181.32563840615677,485.2033025753484,386.42134481632854
647.0557487893996,181.39355391125426,484.7448825709231,384.94294481256514
656.0575881386442,177.71074257937065,484.02134951757523,384.6516694546344
659.9716901567838,162.52335349831804,484.8613755380587,384.0331214296058
662.3532222435846,144.86334149162343,483.94556802491866,383.34348662951845
661.5603215936301,134.02922170021117,481.3706217967516,380.009752106508
662.4486284028069,127.80209313972185,479.40077710239564,377.6734084508143
663.5565381044306,133.4001791733072,477.24369193729603,376.2196003133921
661.6006174005779,149.44305030598036,476.477894337433,372.45735963495986
665.687739107442,148.23656549697424,476.01474053475835,368.1015466373105
660.6508651449358,151.70725597473574,478.6254781486441,363.24292410845374
664.9724491824551,142.56866848572128,483.7569406201753,356.559461040218
677.127586393121,140.52307687650634,482.4675135194002,350.4218549291191
682.1400628319524,134.83229091724104,478.94140860316315,348.63815318126785
695.5284211307217,120.16481994417751,474.72314270447725,352.3398744547875
687.7429670936424,91.71327412616702,465.8608308689678,354.76945916331823
700.4371701886394,67.09323507672909,462.2753822137638,360.5169415895867
695.2694701168236,54.24573179763894,457.59661171072764,363.04712270831385
701.8986223579092,38.22168645633218,454.65879711197954,364.52546928081995
696.3253388748274,29.892469269232976,452.9985384403258,363.8888978566785
702.1243040952645,23.829364438238827,452.57560628283784,363.03289640569074
706.8176493834037,29.666908178524807,452.6175493964397,364.07707390924963
706.0031116679335,33.150478827614194,453.09576117991924,364.95402974852203
707.6651834452048,39.9064217803446,450.8601418477507,362.7211212371652
709.3583076961909,44.3998001314564,450.44350999731336,360.023160006133
701.8628290977897,47.46984079308493,449.8691328740475,355.21518789575134
703.1352281930001,48.29180582152571,443.8056522037683,354.28355527844496
703.955998642097,45.99636371259777,440.9729007972277,355.1974299137813
706.3747815044625,33.99323278942384,436.2912662919555,354.6663172636692
690.7590832343586,34.16712281060677,438.65859575452646,356.3764369348196
690.4802690903797,18.23260979914221,438.93112388045506,356.46013504637176
687.7409502690292,5.995779864276585,439.4736014355706,358.22274869723094
679.7162788369671,-3.1131220228459995,439.9053476734129,358.5465896113687
679.8322525323392,-15.650971006734835,434.85324609260545,353.50271589335534
677.8445166907084,-13.022857534020062,428.7071138101078,345.8789259386637
666.1205342201134,-13.742789921021966,424.5891932074744,339.2802164939175
678.727188113965,-9.535522781775484,416.36778872482495,333.9983535716257
662.816624967785,-9.741257229192684,414.84165931039786,329.0596056009206
652.8701050093603,-7.992196400804431,423.62774846735954,324.2149582750462
652.1918038886083,-6.668579475935701,433.6944327630016,320.09879012774707
663.7643743033968,0.8516503179857295,437.37191041792187,317.05738449498233
673.3227610629228,3.6321153463965743,436.1147560394947,315.49855252165673
681.8204644751615,6.832835536624316,430.5370089745387,314.56886478478646
676.0929609055383,10.444306599370378,429.9581826100622,312.25934381331655
669.1528387624253,11.459108692182213,428.8602555477165,311.531922778938
658.9391166353352,14.948734432687047,432.4181376528489,310.5004600132909
640.5193612185826,21.319616807280624,439.1761417572278,313.3279425098923
632.8336998328571,34.21194216745516,444.9784909874194,317.2724120440598
629.583036040429,39.10932248621879,448.5691685573982,321.6191509258807
635.1027692731634,38.73407011181803,452.02741899561573,327.54673153756676
643.4359767938431,30.45367619132915,458.98418434366056,327.8149340056197
654.7518669507526,25.452887135830792,461.8113597946122,332.5990791408474
663.0140160499722,23.310143561049813,467.01906766917114,338.365722043545
671.9572270196726,28.085083651256724,471.63170540689424,343.732188413119
686.3898836178626,29.288416022486103,470.8899311814615,344.5854676327574
698.7040497251025,36.09169923502438,466.8961376174942,346.9773762824489
707.9962373995369,42.37381444491356,463.5573648763527,347.04806312188686
710.5257769632607,37.29362451631579,458.01238886351007,344.4759285976737
703.8498895602429,34.37268770476152,452.35505035777805,341.1135413946714
693.5515276893416,41.24130286846949,445.9310869963093,335.05874848714683
692.1608313463997,37.637537909266825,441.1745911552764,331.19059385812784
684.0004935868321,34.331192109739476,436.11375498617906,328.3548086658007
697.3094878008826,34.681599448702855,432.0414132255586,323.34015216811076
700.3024164643808,40.470750443878046,427.55259462060053,319.02161294173743
701.2324019814934,38.46754378066214,426.32509073706365,315.7639819833487
701.8164038626754,41.296154929750344,425.55876428516626,312.8526593624489
702.2712497767682,42.325725841763614,423.26744799676055,311.06995768200755
699.5911379405562,35.69474730721504,421.4882158738963,309.41064628796994
705.6743903513507,28.602409248733522,420.15070008123814,308.61516646010875
703.0206081623735,24.951479116960343,419.7369395385382,307.4502412927469
695.7331582267318,20.17163069168518,418.1107838830882,308.2246169076405
705.9320906670439,23.433299696485733,413.54724860756636,305.84117529086166
710.3562651123287,26.319237239884075,411.115955800676,301.9310410316254
720.4596593467238,31.430880407315385,407.545220417213,298.0756083382728
723.2450127940647,42.56385449197771,404.10088872089534,294.5878679478788
729.907066923964,51.03232416329956,400.7074254501106,289.9143496638899
724.5184297173689,68.94821018574032,399.21764435182615,287.1587227911275
727.5641332243853,73.60904707462356,395.92136759063146,288.670771127924
735.0372554702337,84.23192116391505,393.8946310792811,288.65028845227073
740.9414061147651,92.72961133503031,391.35247835741825,287.6831921829162
746.9500172582127,98.46530681145848,386.34753748836965,285.07697647725223
749.8239209803857,97.67533553199445,383.88456085266336,282.47053626564195
753.4304360647768,98.2033350063146,381.4105324348271,281.4326204702942
756.7034522659446,100.1652445078281,379.09606455428093,279.347515828458
755.1239168849794,102.20567933322064,378.30818988736314,278.6313362430568
758.1311678412391,105.35619329766263,375.27105752173406,277.8638361652776
759.5277849870829,106.85802154468803,372.7678587162678,277.0529875840533
759.3082718212196,112.3981921674744,371.55693525894714,276.4409500189005
759.1781566505597,112.42887526004691,372.5278541316658,274.9955414515152
765.2460954933823,108.8154527291126,370.5753594339964,273.48243442598147
764.9013698569331,103.67698093478774,371.10032812825966,271.7751603708934
767.3374417652702,93.09760955089035,372.173507302003,272.24993745570475
763.9445658418206,93.82874500297015,371.2827454770271,271.3048063439875
763.2708707678736,95.71476572900693,371.0756153755545,270.16336963587145
764.9734523552211,102.37308180340452,370.5375574464498,270.9707447121129
769.8444001763456,114.09231322699162,368.44244420242444,271.5711021316623
770.8339426711646,136.28025514071575,366.2901355682916,269.27669642311054
769.2972328751339,154.6799829864578,365.6514129312726,267.47846143475147
775.9331187487129,167.95777535174162,363.8478847830527,271.6767810468352
777.9787676584472,182.03397991619104,367.10713666146,269.7572172243328
776.5178165751474,220.7472035587128,362.267975729152,274.3467458914377
772.3442987305783,223.58505698760425,367.8022019509747,276.62258951735845
769.103512789032,223.0987556571347,373.05266695674027,280.25003574709945
769.7002682338741,216.80830989069062,378.3183731385892,286.4052199397471
767.0810043304384,204.8233622914331,385.93791100100276,294.59502957460245
769.9410726650619,187.2426843554592,392.81149476785197,301.2320553073901
768.3527618856101,175.3788770316646,401.3484998373451,306.755757219994
765.2062385895472,169.45223122800775,407.90484282501114,310.7332534629278
752.385012341068,160.63885417503218,415.3224475283905,313.17250184683303
731.3738581371165,151.89169616636076,426.31157379212834,316.8449785315953
723.8067155101974,142.83863727563485,434.2680083227001,319.84525658373803
716.432266084036,138.85774953729293,439.0271992282456,323.11075110415356
713.281473770968,133.9469300614453,442.76972065819916,325.33259805221724
711.874566514454,129.14453081277247,444.03572032518844,327.6038823360009
712.0251489602772,126.43674091500486,445.6117506726092,330.1014433136345
715.2955292307092,127.28801062974833,447.98264365042183,332.7798724548568
715.2503349691294,131.32929195982118,447.7037161023095,333.00931865243814
718.0862669452088,136.02002453146213,447.96214571017885,333.28998100396825
721.6635666042187,137.3595433560713,445.8912589699788,333.3396847621443
714.6935881328309,137.4674605287425,448.1729078835798,332.4824206348882
731.4948755711499,140.51085369206692,445.0455832510822,334.41622604407917
740.1690328940742,144.46362033083466,441.8626700639738,336.06269948804027
745.7032413784545,148.07842068581115,438.68701814037934,337.96797884400524
745.5565413265542,151.58138026432152,437.7783210666745,340.09400911172816
750.877178442953,152.59181100335059,437.21414854133525,341.2357910662872
740.1653970113817,153.9611512832848,441.1596306549661,341.60447659147127
747.7063130834841,152.3951115409322,443.2899357330513,342.79471232808385
750.9674500558936,152.1874982196496,445.2829482338502,345.56420942887047
751.9615794793964,148.80431411530884,446.6503848729133,346.03052690207835
742.7513362563113,143.70538185582234,447.0208434717932,347.0663602473453
739.2330861008709,134.44791155710445,449.450167955648,345.30193721257893
730.672173765869,133.79697728918,450.2868897814132,341.84107562681527
731.0541462623892,130.72968826033426,451.1229456466798,339.1724510554174
723.4944020207813,123.7435985809393,448.28692875880193,337.79569814797196
715.2770002136923,118.56963726432991,443.5108234832093,335.72939043451106
700.1032967802839,124.66155054309809,444.90532088042164,327.57050246034873
695.5290715005453,118.71138629956405,437.4222864545472,327.2822428050218
698.484118733781,114.3002194404445,430.53406760796423,328.3579730343388
696.5246069144597,114.16242480967958,426.67621908855625,331.82843419833443
692.1711809703564,116.40418667109293,426.91442015889174,333.09575352360343
682.1632109362163,118.48942371385715,429.21467724377374,332.83140999036686
672.4860761136283,108.11999093934372,442.1558967142363,333.5811436119035
667.6595823220359,105.12850828367763,451.100301836541,334.8574448378475
660.0757051821884,107.27983815854861,456.1663391209968,334.7113502774671
663.10669842786,104.92928865737912,457.1185738210597,335.62040392496294
645.9963901004044,101.35118766032957,461.96982859852966,340.363194301783
634.876461002945,98.99172923472182,466.2629762069004,344.23881438671737
633.3661962332894,92.79549763917777,468.38747025379155,350.2909951376199
644.988449692785,114.03052002844163,468.6784877030864,348.5698173940043
645.4346818086932,102.78592678182824,465.9851399396996,347.6985836601803
647.1053754282643,83.99123799912311,451.209295875301,354.9069416333054
651.4097014593251,72.41754059527142,447.2871291037069,362.07029045864795
655.5865649708544,61.20223949678933,445.061544914358,367.67643167233575
671.4901549971792,55.57927243468373,443.5022515194232,368.61981738803865
701.148916615482,62.4217476087166,437.83862842930205,368.238912717158
722.9477089950481,70.26218090928322,434.44135342358766,369.2062776223724
751.4641073782203,85.07042712437828,421.5086161665206,369.81003436820765
762.2998124579512,97.62409165126849,414.58881199460757,367.48964684274756
775.1448962095936,113.14358686444433,406.28779511082956,368.2374815964496
781.5136820109357,123.18358973328662,400.39661852386206,365.2896017132572
782.98995873782,140.96045466757423,396.96290970438815,366.15694957295347
776.8844733018766,141.5717939546446,396.868461608074,367.83010949788195
774.6866591238355,141.5316270249965,393.7293457014609,366.39863746518745
765.6002123995271,135.36381797753813,393.87726814177705,371.75685621089156
755.369280119616,126.23945573735341,393.3013595692752,371.84068467990846
765.769648895767,111.09765482380627,396.1716406174368,367.87084565006916
773.1005882379992,94.33528676054584,395.6583691870007,368.67745738694157
767.692578140829,80.60168995947203,395.4647677611629,370.82190661958236
771.4419499615499,71.43137504625233,392.9730069230659,366.3278558887708
771.0251740239016,73.05224735053235,390.3295945630566,362.1060352056105
769.0782124647828,70.91814935455,387.3938901674088,357.7423714182173
770.5450389852767,70.28063599371129,386.30974469668774,352.3678429335959
770.6282453512986,73.45975473035747,383.89418407264566,344.55913477434467
764.5603374424422,71.83082757521589,384.8720790529561,338.03884329452774
765.5074552623516,70.03238995789707,386.2211264465082,335.12353820079625
765.2545591582474,68.29426316683072,383.23134847191636,330.13395525796557
755.0175718139633,89.06955116188396,383.6351975806505,330.7632498733278
749.7803205182663,90.991118117454,388.15596720466795,331.5011358405752
763.1862421644646,102.32733673403084,390.8130036119783,327.64882609460415
767.6492214267844,126.5004480398477,387.56466740560654,331.0136325357048
771.1651809156501,142.37693172207514,383.5244319109987,334.8481895853124
782.1226828466716,146.61712024195688,382.26347124658764,341.6903204038253
782.8884661380456,144.72156349588874,383.9980608604339,346.8220371283453
779.8352916268861,144.037369952171,383.59900827142485,351.22957540749223
782.4385057957196,144.412572019021,382.9290842024041,354.09229898222725
783.7175150108922,145.58784512499946,382.0936522846247,354.6469947365179
788.8775296402667,149.59943144585156,380.2731233005336,351.8651198166765
789.7986881272875,149.6509627269326,379.72886686287666,351.27110136528944
783.2524554891493,148.67980376612002,380.0848972026296,348.92324957103324
791.7753371960832,143.65887964265704,378.3461291806076,344.2280906768459
789.477474165257,144.59184267421932,381.18577461481846,341.3889792532897
803.3632073883566,134.6711061124016,379.69466934415647,337.4624546352259
812.8042275981745,142.58855426897105,380.937377154501,338.6869245482833
826.2706129717178,127.63096284541888,385.6134454424486,337.4556268350849
821.9142283354056,126.42915762579352,391.0244137488104,336.67813809792875
828.4065631762694,118.34526422418736,393.12559382904556,337.41021304048434
830.7031478461406,117.18218480107225,394.80428651933244,335.00211323498115
834.4840648076889,120.18117675552679,393.848901246596,332.06249634000335
849.0684919726377,118.91074447059805,389.5836952931631,330.95733525220703
863.2999412629952,123.50481356374866,385.2114472709199,332.74995191820074
876.9750316182074,127.89386094357158,379.03404182905035,333.8396225851906
891.7799838466883,140.92003875920076,371.92812754542814,336.76599047993324
894.1281646296899,140.28699445870004,365.3758082329194,342.4362205070211
903.3160752813642,143.42269924257337,360.24555043665083,346.1524732546431
924.8825300322425,154.32353756818807,347.98882349104656,345.77231302187073
937.4504083477184,167.53833103754212,336.8523992880733,343.9338115171226
952.8289909954392,179.0850795516841,327.3620396414352,346.49733124298905
960.5154156727335,188.36333117552854,317.40980977460913,346.30611577606186
965.777761936648,194.82153234017807,311.81260938850386,347.86159912791516
973.6006771881496,201.65523473518675,306.37595304168974,345.8418898792796
984.0046866162228,208.6197869772848,298.7187978330042,344.7709034523345
995.0833605658161,216.37107147574233,291.9572543390301,341.3918839167842
1002.2406940633628,225.54596550724145,285.6343728702122,339.9439608592791
1006.3011411439136,231.59268288440688,284.0388769635051,339.3935721025679
995.5197719518801,234.6085150408274,288.20785085172247,338.6979654526907
990.0378856293414,233.32538455193267,293.1628506467632,339.8730580745384
990.0188893261478,227.01776788820192,291.00663939954325,343.5575996829447
989.9725400187372,221.53289575020435,289.0830778672697,348.45192977818425
989.2478345509835,215.27828604293478,288.97891269098375,352.37820813742553
986.2587447477249,211.35314339088416,290.3290472154084,355.867651213591
988.0381107977196,208.05110040269844,290.90943140265057,358.3205769497891
985.1581590455799,212.66210742523458,291.959674853677,363.38853521001465
985.3051430276519,213.38535010642903,291.7850399332273,365.96945081808474
982.7323691086106,214.15407351912665,291.9854741124049,368.0591352163681
980.9843785894651,216.91720099433218,291.5431836281739,369.82810445571533
978.419479388543,219.13676141454835,291.1790726710398,371.4927777131834
976.1327526375778,221.08404255270293,291.4226874202235,376.31961855882247
969.8130151197928,217.15399199642027,294.8510857193435,382.93060956873427
985.0277853715816,194.1936628159764,292.1247713052435,376.84609138543254
966.0826844175696,174.69639131067044,296.7855496903183,367.6292048000972
951.418485090839,147.11072568288085,300.2110018716114,364.29378022681897
926.2475128555386,118.82415119480297,306.453550590259,364.41691318124623
903.3085439439858,97.99119496060226,314.3335407204935,364.67477892723554
876.568406813455,83.74769346177752,318.32494245347897,363.0372816502268
852.7767075713803,70.25314268961233,321.99381685925937,363.1375263067398
834.8776596995857,59.14374480433273,324.1064267630047,365.5519817147502
824.6186128517561,55.33696371824044,326.2403098721162,369.88549313238764
816.590530992527,55.515123978245185,326.85046300097474,374.93801136131003
800.5036735898308,62.54748734113434,331.2040407824413,382.51581126211863
781.099003338716,67.71388589539657,335.3458092631865,386.10399746810833
764.1005021253011,72.83864861645904,341.7982941729266,389.3974712935615
745.5024765046213,83.66041496473156,346.0529239054969,389.5681132491161
739.6181849117578,88.80090211452512,351.0364390560983,389.47209073175554
736.8714167298253,103.38164060617225,351.9952082690843,390.59368145170833
735.7202858705559,104.64501186351939,352.9921285054606,390.28058034211966
722.1166433614582,98.09362157510222,353.2029554700673,388.61003690619765
724.1922970257424,83.91331866470796,353.22845745241193,386.5200087243006
715.380799226476,72.1294414625632,356.15310691294405,387.22103339226203
707.4384420576787,60.286320777894446,355.62831731377116,386.96404508630656
701.2182704124509,48.992754218638595,355.5369785897615,385.46456550340224
696.0548852918179,39.49356908327084,355.86651639389373,383.9280732558272
693.6729067528263,37.297539878199586,356.92958889126487,385.7253354852446
694.1381063841741,34.364930087907936,357.71019352814346,387.23577391501004
701.8059127147023,35.19499240687321,357.3156972000948,388.6237540401105
689.0705270600794,32.4736264558951,358.1308212315087,389.4408212310682
696.2666482335089,34.486521551599424,359.31786164526966,390.6115198969288
684.5640307280946,32.75121395793769,358.81788616110305,388.66214835939877
696.2657609630928,32.8629520748741,356.19930919025217,388.6360349508004
680.7570509867221,36.89196669701363,356.5229100969732,387.3995246045316
678.5414558401793,32.64611868828021,354.5980532365859,385.4117188977553
686.3459137051963,28.847154754193696,352.4619043827727,383.4407848045636
669.889504233462,17.755989845764162,352.1819170823445,381.9379377720574
679.1441222745486,8.359654728915984,350.905224945484,382.9382934763348
652.0024165073235,-0.2138800156694174,349.7092701774442,381.15070682231715
633.9506545031454,-10.699080845310249,361.95284698121037,371.596496054841
643.9324282277173,-14.486496348545359,366.9117467366565,359.38960785354755
635.9343124277893,-12.864012519554223,370.0885279580944,350.6679155709315
634.8593847509683,-8.979188769361173,373.5126923508525,346.50420149835605
628.2184032798143,-6.536955446411383,375.1556639372644,340.56602522625866
618.9705179406593,-4.362198779148287,376.5286242518048,336.09830036903406
626.3090610950288,-7.292459565511393,372.6399567129022,331.2606751216919
620.3569885540769,-3.2076545863812385,370.17589481696166,329.0779092262368
