478.5,177.5,138,100
480.47932999421846,185.83967430087273,136.2806791247986,100.21240364129656
477.6998742982371,186.37201400596632,135.99747177667953,99.57276438675851
479.05172160359683,186.10227723033694,135.0390527826058,99.25117660340732
479.0991319211232,185.6894954964145,134.97970177642355,98.84929542250951
479.4173581923145,186.43113311168707,134.91271057971355,98.71773373013421
479.29043016683283,187.5430277929062,134.7629369104659,98.5957893937122
477.31555374791145,188.03635771149285,134.69883381416562,98.06430972469076
478.6758851104127,188.4399459974248,133.84748957442307,97.95086320911274
479.47306138561305,188.48162107688808,133.12314245281343,97.74244462405396
479.18156953663737,188.37883911328046,132.89625835148271,97.82641243097129
480.3625913730595,188.03805591763594,132.65534252249526,97.44301774647754
479.1061877792732,188.33901275674162,133.2230377200928,96.9224888611901
479.27930292620266,188.096593056225,133.1629397022922,96.78559835184966
480.21825335288713,188.23394007308255,133.19729103665213,96.61154370609978
480.16636650710905,189.09674785739412,133.37725731582242,96.53378151195784
479.994783676168,189.36666951189633,133.27232044388705,96.85935925970087
479.04275051672124,189.68312107464297,133.21713035218195,97.04695501793181
480.26319671531814,189.38489228646412,133.01308154095616,97.45773503610583
479.27522511861775,188.9907502215145,133.09795615659053,97.598561089528
479.64309156095584,188.78709140236452,132.79022536117637,97.24210564414115
479.37156566863456,188.77120825250364,132.85546399135993,97.50476566007899
480.3849039332788,188.9785698996095,132.71225895102407,97.6583178175274
479.7024802404312,188.78883217070018,132.72037015355266,97.63752463125161
480.8247856441599,189.04651217182374,132.50832207879193,97.71283646633434
479.76389050200135,189.42559715826752,132.4030785095781,97.5928952079129
481.0698005289911,188.89191610310723,131.77547395356916,97.38813648483652
480.7028625035136,188.9663922637251,131.8006604937019,97.26541353584882
480.26655601598094,189.24261207301856,131.67271115854842,97.14094364120186
480.88317296362413,190.51397707612998,131.54051738815514,97.82511421252417
481.70393021861906,190.83677236758746,133.79862412641054,97.25343523687471
485.8801993041976,188.1714889659084,134.43018057500439,96.86845686277306
486.7742999096019,186.30753884715122,136.2594336545859,97.48998784331418
486.9843561247293,188.11165031817967,136.09225520336554,97.08000637350153
476.870591317734,194.28111439802223,145.48908966507332,90.07636101639822
471.51332720086816,199.5344247691599,153.75022443948507,84.67825839774959
461.2205940640867,214.81779526092402,158.46312925827496,81.16265343106707
466.8889835850987,221.3730737410122,162.70122318683207,78.34900389581739
475.24332350355303,228.7934793132975,166.50415147370268,75.60434887154712
496.18685534430654,232.65159033192728,171.5075830924887,74.16152141894332
502.58356795102,235.61736719228293,170.5588958856535,74.01423369325765
519.4191526020381,234.5166000693014,169.81166914953513,74.01616676581985
524.1773601501741,233.8418994631729,169.11121398368326,73.43181973283761
540.3522448740263,230.06257681890085,170.17043730331275,74.00500474000961
540.8640544904368,233.67090613113675,170.98424568661102,73.99714023251167
543.5809296051691,235.79988791397244,171.43951542327193,73.97284022580027
546.2297983565353,238.49991923828165,171.45392839890263,73.37074644162276
544.2449569794712,240.97487773033166,170.7609872707372,72.6163217251314
542.6404798036325,244.74879525538307,171.1053712431573,71.21037577033495
541.3415623594601,247.0745217817058,170.9449008202991,70.59203285944363
537.8269598274005,244.26293621438703,170.16629605470646,71.29144262628334
531.7856941994571,240.84100247762132,169.99226126292467,72.39267246553746
528.5815539888673,244.13288961812097,173.65778031058454,71.3505050876143
527.1129813423903,246.11785406540736,177.10990991321182,71.1916871663997
513.5586168414966,244.88262563201613,177.72246887105388,72.97170939849663
510.815210526906,244.34624717794406,177.7029142936616,74.29846282787528
504.13102008636315,245.00084205905415,178.42356148639286,75.65722631844747
498.1705814989115,245.46274531256248,182.47451268549662,76.5583263990315
492.46849286933616,242.74526907406425,184.98217123737192,77.87922705718032
488.6948986030704,239.5282458083364,187.3592051983702,80.76517812392953
484.2090331541275,237.12608981981768,189.30329813772943,83.98623337947043
481.5230114361235,230.63911987027686,189.77554747202228,88.11440435002424
481.48318977966215,229.04984995733736,189.73464573295303,89.83503447264853
476.1291957065748,225.83842922531989,189.2886641144182,91.44816114252453
476.6005495928373,227.23697201432435,186.4676412507601,91.25598689187768
479.88978146190374,227.5869234118752,182.42821736286223,91.89954000745863
477.983809478366,224.6354956816562,177.36711064024038,93.92880356802482
479.8865151966719,223.0110281646535,173.51285434834992,95.97660463558431
479.25485242809475,222.1879464429383,169.6038871761536,96.63396093723385
484.0376254148642,218.9852332561449,169.00910250174806,97.88108595736604
485.98267774487533,217.08936673027551,169.9827120598655,99.10327064065086
488.2386113794683,218.03844959026867,173.50419096682694,100.51094326714586
487.7992487983461,218.54790171223226,176.77251807494838,101.18674963551577
495.6044533357559,219.207533530398,182.84184990589046,101.6378922453696
491.180412067803,221.24811996316774,190.0710589648143,102.32218797724221
476.80555272772494,219.2782794309998,189.68366979584926,103.1271961614054
468.25973052184077,219.25034580587106,186.71065318161658,102.66791274542598
469.26712387934856,222.3390158007644,182.8521751175715,101.89412147313807
471.736118285013,222.8104163090549,179.0915886833712,100.7027700862215
475.4954728695244,220.95376923521576,176.31651612247222,100.05635115635461
481.90525912050225,222.35781381349972,175.58565631277727,99.07195134133177
484.08661214335166,220.73589275349792,174.48397355008314,99.77819032145806
486.4139636234428,220.73663262631578,177.89234851653663,99.98548439741467
483.30826627646235,219.71226064053144,180.677395239535,100.36041884063252
481.56569135009033,217.31669458469273,181.7980045153442,100.60315484177528
475.28985879949437,222.92411576107008,180.9287568739215,98.10618701599813
474.44481466992863,227.08608312085403,180.94247463153462,94.7490048255745
472.30562740963575,227.2721992412729,182.7886449055994,93.12078780156419
465.45157931618934,228.37634188969184,184.76804617672076,90.79798218592012
463.9882218885979,232.49262982779845,185.3703327119727,88.8435087076256
470.0504006066126,232.49543025796402,183.07701565832846,89.05400395048581
472.9533750265077,233.2283379829038,182.9713322261006,87.25120732327622
477.8874009987193,224.74881260984105,181.61541006530777,87.2754245427904
480.2019465179864,224.98924660852413,182.58568902952004,86.39754952709656
478.7190928398976,225.74149268716866,185.07982955959255,84.61478718481374
483.8015835586597,228.29983890958346,184.7635715336284,81.59399456031188
489.2493745134625,229.0321790361299,186.50805672454777,78.37771726036695
493.13585238717246,231.18641026876716,188.5416176244667,74.85914037563208
505.1959018791743,229.20820161136186,189.6418860721036,75.04561636048666
515.1216416084787,217.1434667589331,191.30470409884623,73.78648857694083
538.128559224087,206.17334399695562,191.7999821793975,72.76742166193095
560.4666332156527,202.00844083648687,194.12382656687137,73.76698534904885
575.4439416320868,185.01719633186715,196.29990507702092,74.50062639686253
575.9546708559722,171.6608314214061,198.6729421164631,74.72343274061174
572.9682906567973,159.87276417511032,200.70299545304522,74.65460110771508
570.5578791846252,155.1172235874663,202.75043978677854,76.10117765959001
565.8699859852602,139.7671081343243,206.7592599379501,76.06692675435056
559.1933188347911,139.14429214055966,209.81713258422516,77.07464297266046
553.98418890834,125.72461800570444,216.42320619597734,76.62133339019803
547.108522136878,121.44687225979547,220.72042101026364,78.29772026775817
542.8536290147773,118.03160903481185,224.39932804303936,80.07819979694904
538.3264205489096,120.09273211123474,229.4015375048346,80.3709521754448
512.5935478407916,126.10222291858801,230.48367314934194,78.82248676557224
503.1757908620237,134.7556784082097,227.42592805841596,79.00424041340412
492.434825056771,141.07398863161228,227.38025651950727,76.93835017594951
484.0519929708989,147.07155549522957,224.08686727023098,76.13309205143706
487.1820817514808,151.37253705792435,225.03051518285258,74.04462437129898
486.28702196296234,157.41857008281215,226.65059528492534,71.61488322691889
489.418321657755,177.29550611591208,228.29292648692328,70.0254780186292
476.8085002920816,179.6693674443341,224.7354142957847,71.74141464828416
478.73647745103347,196.07559472792224,225.68859970642717,73.43803143120554
475.871811151695,196.44051540556495,221.50784471965483,79.98228370384984
355.59872595474246,186.99478468842176,216.08355612918496,85.38961141773828
340.3508116090784,184.46922677220243,207.95999242549348,90.16388897736694
347.06349850314604,186.9087029996959,204.084193489348,93.10827884568326
342.8379161884098,189.5795942614439,198.283207583237,96.3589960551584
335.1747954174549,191.83760067507615,191.45536778054225,99.07624099843224
330.5529786488501,194.66893551987198,186.64235115600866,100.03277439950831
335.65849515993295,192.76665369538014,182.66579326964626,100.4663499179225
336.1410459701769,189.68098851098785,178.846481749256,101.13670038634703
342.58903117186287,193.72848923544885,174.39754999639678,101.71742487431466
349.19020875270905,208.37950153487841,171.89157258891584,101.13382793353658
356.9645596344273,208.3875410680122,169.23991691465164,101.45452282905141
360.0436039922705,205.95348561649422,167.0536869388181,101.62665604425169
362.62735307944854,206.4981232889512,165.35821105946025,101.24850368899226
361.0383049604328,203.73029722530583,164.2993607146975,100.61915251656987
357.2234570760172,196.60699950575838,164.8283017456747,100.10499241672436
347.9616972607597,193.92865452934817,164.1646914018245,100.35857587082654
348.57907123095356,192.51700601195103,163.58662291290238,100.29819423092293
345.0297236598451,190.7276300768866,162.3923168801925,100.63874710546153
350.01558249803895,190.80583164313646,160.59316943238147,100.63245993975872
348.2528868722669,195.8856577310558,159.43110073824687,100.51693618188881
354.3740631071407,210.81338733238002,157.38447943152417,100.32267464159389
353.38013607883636,214.6189970659558,157.5774612041973,99.62714416598897
359.4996365622526,216.45844360918946,155.7162430590201,99.12702042957353
362.42603462847694,216.98228713806944,154.1345016712919,98.41218093722607
364.69988561229695,218.99003874059673,153.40631779294637,97.5162098404784
367.90333775444606,220.6176205176246,153.5708570663874,96.67788326342765
367.59585043253685,221.77740301427156,153.4249974335296,96.03259986727122
367.265835826962,221.33846658785828,154.28706247410415,95.73978754801674
367.8125813743864,220.48945673709454,154.2250861430874,95.66880445432483
364.14573109274704,216.38168556847262,156.38187249127824,95.59154684192262
357.5684937697082,210.3386391320431,157.53575776662848,96.33001016766251
351.1468892036529,205.9649233908243,157.34033832055297,96.83880086488283
349.4426928904139,207.85532989604064,156.17451124335656,98.60375325438307
353.15941397321063,210.57489043286265,155.46489357880077,99.43885121684134
345.29786399006207,221.52140714778787,156.1437220759817,99.12898581677604
343.5303477424443,224.52826018684206,156.20978975607744,98.90474611974064
342.55942584242206,228.35412738260067,156.19844585203563,97.97775986283645
352.3534340882281,234.15592075453065,157.88641317084839,97.78708358040227
355.8051690459756,239.1675417036002,162.26441641514336,96.3397560651978
357.9754494868353,243.73994720856615,165.27969335538444,95.41002340914773
359.81079966017046,247.56736065751272,165.68804450331254,96.2463292474606
355.1691793662421,251.64817592989036,165.38897822929184,96.72593119324489
355.68263872686856,256.23369364179956,167.14378038473265,96.67229593879905
353.20173874733086,260.1262374781356,167.30406667193296,97.26176099287264
353.50680175870207,261.09829896446536,167.67387730852664,97.45586929767893
350.58709776643195,261.525893777073,166.29769004770557,98.03842679332078
347.1078008551965,251.12804274938026,165.7796822695295,99.08465909162621
347.0228538630432,251.6833462132127,163.50824009889828,100.4113521307735
347.01745342004654,252.4182390048761,162.18813828923587,100.94407041936441
354.420700668356,252.17566122819505,160.3948989119407,101.40588940760446
357.3256907996782,250.8192551537738,161.00435987244072,101.68868193936629
363.88424735067645,250.3089559132132,162.06908194500494,102.01680957192715
369.51290427925244,252.321521293999,162.58826783608293,102.07020626091705
369.1244556710524,251.97624772972398,162.9526052749847,101.33149373160737
363.27352307304847,237.48623734204514,162.37823202952532,102.07610190930876
352.95125737859814,233.24706548045427,162.55317227767884,102.30843485215604
344.8533586366383,229.57299267009887,162.73542758630566,102.19322111694032
340.6762826356654,225.4291041170751,163.31144953377745,101.5505935599019
337.433890489511,222.98199057543184,163.46510379831534,101.60531735491938
338.67571633229056,227.70709621479386,164.1144350820403,102.74263525862943
339.36020150800937,228.40233123211698,163.74314426217683,103.03992259683936
340.12533129291535,226.45386470124595,164.3623359481633,103.24496160416855
337.57514017800776,220.33684446039032,165.69658963793938,103.5527316009555
338.7416907398457,219.18736942843978,163.82866283162343,103.84030099240175
338.6444690693781,218.4563149952859,162.6501826791733,103.62432548523539
331.6197425053398,216.70129927233808,161.92651206609997,104.27986045209661
336.7197431434418,210.80161220586882,154.65864541819192,108.69055174278046
338.4894541955783,208.0939490069577,148.9609715515288,110.90617325511997
341.1087313442945,207.18205610648,144.8455866762461,112.83156109630661
345.39001907679824,212.82389575678388,141.30607916244097,114.68163652592342
348.9764973501897,210.76606195073936,138.62849157317754,114.82148407346777
352.3844993796367,212.20117454055023,136.7504448011183,115.31339311206199
356.53158522012586,211.40801312199292,135.281007331108,115.38436286556605
350.0783250433366,206.97850234898067,134.37709811162745,115.72497754360961
345.8537447156652,204.33396418722984,132.30407725604493,115.66795925880439
345.59172710114706,201.64994536073135,131.9238477965893,115.0889615991488
346.07378671606574,202.46815552179828,131.3730401078325,114.77876321991656
350.04626306700794,207.7606269822929,130.84259527185387,115.34005576493071
351.00288248182164,205.57069810969267,129.5171974165574,114.98197510604788
350.8688216792523,206.65510458178426,128.92503606414215,114.8222046633143
359.8856072598532,217.35222541948986,128.74325437742766,114.11170169639925
359.7549184304929,212.37643990509636,129.20241592353455,113.42516924007879
358.6151323552432,207.7148046676329,129.32079947158655,113.59369556675134
349.3888141765831,202.89771107433154,128.80334687016648,114.2187608585176
342.71361503674586,200.49014374337054,128.48133990692097,115.60660579608967
339.1158870427894,200.40157817079893,129.0572561571325,117.41071533860224
336.27888240558434,207.28121773253292,130.4468511401608,120.2470592314917
333.9291805722413,205.20000969938607,131.0314233592456,122.11818978295382
333.3618792122036,204.12180619309595,131.64948751893047,123.34371761987109
343.32969086869855,205.7146220060152,130.9635952697834,122.98293416908146
354.76909556042915,214.67904748818813,128.8841022925722,125.17393717812422
355.046564549829,213.2757962265345,127.7167858357223,125.76419548069781
357.35376486074983,204.649343065168,126.65588825037956,124.04617742598943
356.17628332697524,207.34637274958874,125.15312212138028,123.33869394673536
470.42735512907115,179.2440291584884,126.9474720474619,118.79585305276417
479.00677903784896,179.56379875707046,130.7517895131094,116.82871111149757
480.25833697878346,183.45554438054594,133.55342645793107,115.01696583241159
477.4984453035247,182.8665578293871,136.25436596689582,112.81236533014555
471.37214268062854,182.3234277010789,138.92257675773212,111.24279281927537
468.4903664686193,183.21942728964416,140.36918362892467,108.92622407112663
465.12830742759786,184.90545708791996,139.1647452687068,106.5540323906822
468.3949840873789,185.90715721407747,137.3871993488946,105.8439383698659
470.93946222676846,187.9433273576439,137.1587028746503,105.72150705451952
467.28158021342716,186.04909990760024,138.5006047301598,106.25121604586968
463.3208904130981,181.973187750938,137.70975937049081,107.2494620777916
470.0002297029323,182.35436953979092,141.14478005534872,108.57958297426788
471.02689998035527,187.66200923531196,143.44058443611073,108.16382083328682
469.80106385211553,195.8555440528509,141.51000781411116,106.36304346505464
473.11065570146957,197.49712039287397,141.5519202114419,105.47285729387389
473.2047777390826,201.7876119835822,143.01642627068398,105.64075640615857
466.92766420815985,198.82092849327609,143.77685202485128,106.61555481377272
462.44902221499876,196.14258776341026,145.43276920514307,107.0049158313047
454.012540798666,193.11263825414278,147.89759090163918,108.75949315641927
451.9414457372409,194.79218057233038,151.18027203324797,111.25742603713388
443.8510250449062,195.43567637510847,154.35231767969717,112.11645436718558
444.6890390199542,189.5651249894639,155.61522262526165,116.34095128444032
447.7968158573839,189.6572485068073,157.5876076405877,118.69421035326918
447.76206896776534,187.14142945818173,158.96506789054322,120.82410050854944
448.756372159539,184.79103448328092,159.96866545787785,122.25100806928249
445.19427443814067,180.99549376238423,160.32833453348698,124.27205739132489
442.74767686169105,176.90197177491385,157.3647381901094,124.9870721571287
443.7025818355478,164.98225818259743,153.16523846311424,126.07290971163457
442.54284893281806,165.03818306513176,149.03504110634236,127.05745996907262
440.6330302366741,169.39964059492914,145.07487093103384,126.11443544673982
440.87984772012294,173.44465208929165,140.5777612517643,124.5312884498361
441.325438659371,175.1895622794487,136.76657667436984,123.46745173689567
446.50238537816165,179.9837145993802,132.8070132615078,121.45908121721091
453.0265110666246,181.28933252394518,129.38889742077566,119.70501523464284
458.65555020942713,185.0065493180804,125.95109110401216,116.64425317804962
464.7933983196881,186.8584348232406,125.32364546332431,113.8843781633461
460.8645846730171,188.42959066860018,125.41736627778451,111.81742486343506
461.7595596475407,192.60689777133967,125.98879595215033,111.85077395293901
464.6207610646631,197.39366750176487,130.81488268852317,113.07709640004757
460.2853674744529,197.90748267774518,136.74351884698615,116.23565999111065
460.0450073819169,200.10411855305858,140.65986172416638,120.24929055371626
458.79519057304884,219.37317479501604,143.42172555935926,122.35117745944976
460.0763110313484,224.65159126498048,146.22767493130388,122.50801334276308
459.8098380994725,225.70553024030585,149.32523294524793,123.53874194042172
456.73091338969186,229.0758147055814,151.9072745549795,125.50531202506835
452.14576381058055,230.6445618610364,154.7853330935427,126.60598786110046
450.6863881906632,231.9194174202858,157.2817980017238,126.93212145962738
452.79516288412856,227.06051456884862,158.09111314344906,126.81355001864192
448.9700943430619,227.93530199152667,158.80632705358536,127.00760872965182
448.86252252691054,229.34485314015274,159.21877564995367,128.76834327779758
446.56736926744384,234.60923526370675,161.7968880122403,129.93747217338975
446.9147675422714,241.2392319877308,163.89704027888462,131.99834626379385
430.98805836614525,250.66913671173927,164.95637217483807,135.01490438474664
409.26364328962757,260.6841220414984,167.51240676512927,136.5524519594813
380.8172702874962,245.2577443638012,165.76252123863023,136.92836443462664
360.81718115028593,230.0907435192761,164.91124763927155,137.76752168703138
347.0898258652411,232.32618023793063,167.44207095655364,138.6144029952057
323.7611850113059,227.75663940959774,168.9626110262404,140.56685392601088
311.9692848030551,211.90875134182326,168.05047791002715,143.14488370841042
304.4579210964521,200.96998945133646,166.37697538854087,144.25170131262618
297.33779521420325,190.68911848551693,165.44935758516738,144.8082094796168
285.8576220124783,174.20569369119013,165.53615357357816,146.39040025479386
278.4745292632092,162.34430072918738,166.3980984639011,146.66625815450737
278.7685559394986,164.20540796715522,166.50294564976687,148.60752109937857
279.1077678105847,164.3659081970959,165.78824844303415,150.14704457862993
277.20129409351097,162.00467778885218,165.69681555567885,150.85115097922377
284.06800166769824,161.08292988663084,164.73104242848353,152.20364034970268
286.0677975293154,155.85502161147667,163.36527314635026,154.14996688688848
288.5415096113238,142.2904066813049,162.780740179538,155.03093434183657
291.0260858752226,129.67121590331027,162.42881282187602,154.49336451232776
293.9803033932695,130.35743008482348,160.53599801741066,156.4265069901369
296.80549000383144,119.30666921688498,160.2429436744606,157.47134995404122
295.9466407482486,118.76323731579494,159.310543384967,159.07458864225723
295.85861401190544,108.4573818058758,159.27926955138275,159.58929572532793
295.1389347935984,110.83611102959753,159.13862854112784,161.54336891698358
295.9075910659202,110.97462502935512,158.9943288777633,162.8312003077272
296.79641195565046,109.68355305147955,158.39281691626542,163.71647095625025
304.063789315198,109.99633068490276,157.46008818288817,164.251330146725
310.5764390503518,109.09335317227082,156.16458702953616,163.46384893083896
313.6566793232171,110.3380907920091,155.27342649494452,161.643225782198
313.9839903030387,110.08180877465443,154.9695866316872,159.77207371049252
315.7430440470456,111.24903035081151,154.5172662206234,158.1000299097752
316.0287851069495,113.61596034597851,153.5273610144109,159.15848921723173
317.37623690458605,105.3426112250456,154.5040296275423,155.62548317442958
316.36587664888157,112.42004963544429,152.17231645746318,155.34454968248963
320.7650281318792,107.14829334370506,152.2489934643073,152.51510312900518
323.2802124893523,113.09462278386235,150.2039372112141,152.57134065677167
325.24579800306583,107.76717063123124,149.65947444336967,149.93226054888692
325.3631540652544,113.49570825862425,147.37782270755756,150.4130524587127
327.23600999748993,107.43651998552542,146.72695589962026,148.01946420693673
326.10099912745727,112.31075133571771,144.54021723319144,148.4088045842499
325.2529098673476,106.24823958963634,143.16637603142584,146.7692816820645
323.84374175597463,101.2132111853635,143.3981789461427,144.7053014727879
318.76852563688806,105.39871577550062,142.25793316002387,145.80672538272364
320.1848678064332,100.01410656328878,143.30322929159095,145.40501675941783
319.0199226459289,105.86072893201447,143.2420313653004,146.18720060320425
318.40815413887344,101.15750484044273,144.34482186371991,145.76816546420417
321.9074438747944,108.57197909903842,145.16043182592955,148.8013308996495
326.59958090933196,113.83328351010178,145.04989661793846,152.36475780597738
330.55751854044604,109.91498156685826,145.38195760448951,152.87932876399762
332.61123917129163,113.93097202534624,145.37180685869802,153.28458463291034
333.18686772832234,109.00185757229161,145.71447746184552,151.02529129933453
335.03900294211996,115.81895407998914,144.69509182085602,152.2335427038003
339.3623521984708,109.99019712801248,143.64595466755998,149.44941861489474
349.00292542476546,115.20255879013253,143.56397546655748,147.75249470624303
343.5610587820827,152.38547343511397,142.36452641702317,147.87501533083093
372.0962533566459,135.6840825258683,144.90382888776975,146.6991152035215
375.7824892285691,134.8413598245791,146.3709281430689,144.87189819536383
367.53395365698856,133.16618461101814,147.4704096026973,143.35121113927042
371.44153930275434,133.33115219264454,146.45381466614612,141.7085885790144
370.8928609897365,129.3770944235887,143.69226144682972,141.67812360412566
371.4310063456791,128.505040704072,141.23178828178888,140.91015251952314
374.3011910937568,130.0443627156597,140.76265902000856,139.3615121632255
374.41839472775183,129.98578871781956,140.42099181538777,138.42799597242808
374.9175218894459,133.43645758195237,139.83299122539626,137.48406619551744
388.22002601674717,123.17321163264378,139.3406443324879,137.50197311793835
389.26960364898525,128.4505850662799,139.5056702050968,137.53379889776085
384.2714041177343,142.5446531641151,138.90954473909534,137.33342133856507
384.97416827543447,144.58202110755622,140.55417778538921,137.15392575853704
382.3215156245601,145.80565619888347,143.4641672015942,136.9794924994818
377.77246044729173,146.97168009848647,145.6493198878264,137.2076241722454
373.8321033789329,145.95603148623007,147.36471839649232,137.21808337452615
376.2954154390966,145.38588030295634,147.12702574131393,137.84680849250032
382.22245905003217,146.79414303936255,145.8393142518646,138.9837866283915
382.18840899036513,146.71576605337646,144.26377480668458,139.37603025192448
385.81202970827553,147.56532812259306,142.11901044453322,139.49126363264105
384.9552347504843,147.6629802815178,140.78650141259064,138.49040343472183
385.57847177533466,146.97409262745734,139.00558034855808,137.55850352616795
383.50952063471664,146.2670025051181,137.55063528253453,135.93890915651232
384.578567543477,145.46039531574655,135.76855646178097,134.86895154772185
384.6906681799587,140.85844640354355,134.71805927655168,134.07198629687153
380.24363364545025,138.4483062344709,134.6373825951414,132.6604336539072
375.88523779311305,136.57985479500184,134.22059123096815,131.74604373194197
371.044734704976,118.50367732681167,132.55597057618752,132.67272499278522
355.6492234017208,87.37664870722915,133.92291900972427,130.58029327931354
310.63237378794986,75.40127278590218,134.23636524654358,128.91887776356904
283.1909457569107,58.75114833502457,134.12833843508665,130.700137102336
259.9034856211158,43.882960700900526,132.39759464417642,132.97060241269833
246.83559534247973,36.651115854805,131.18822139285484,136.3073990613713
238.75304409534886,29.09664883280965,130.03619093728753,136.82268991688545
230.9365533680011,29.39866313134837,128.0206128216705,137.96918810565853
224.6722150475141,16.811567195201704,126.24588560827439,137.95075111747823
229.0111407187939,5.87224087154577,123.2600546819746,138.42130172926764
228.5302143817967,-1.2303620653837015,121.34270499009375,136.3450725903092
231.5475482065407,2.2102306273152834,119.98501354452418,134.82110547044468
244.64513611303502,2.5348919971191464,119.30833901327384,134.11093472199568
253.98322144958786,6.137642357389595,117.74390463777561,133.85120521880097
252.28807818054642,7.545482817472362,116.92164625779816,131.68603538462253
270.84510215343073,17.10125829011092,118.24744816554512,131.3592096285544
290.81856402709263,29.61853417789621,119.66588849292837,128.45469897542034
302.1778873777372,33.33362878544609,120.45530033961292,125.14236769336502
306.35169270740835,28.819805958769443,120.88333207529014,123.85893527512407
310.094846726993,13.344927203714278,120.3971475369448,123.13565811726565
316.42169949009036,10.845961995246576,120.861048173775,121.72894356807556
315.90465334985555,10.600176243714408,121.36624948687549,121.37965249894675
308.24950076583275,9.497183688207443,119.85924432166915,118.96052126169408
313.17457558776994,10.999311016059046,119.7023453339227,118.07341977371549
314.0947106356872,10.418707617599182,118.87548962102275,117.58637086480178
314.606363661308,11.420764063193985,119.2506163014096,116.62406216806255
316.04251315782,12.346985300926022,119.37879319186945,116.3007668407308
317.47559946583203,13.324557621134247,119.64171636861575,115.65875091010744
317.1376824404286,12.579354644525942,119.30548226699504,116.03903609000862
317.0931975255852,12.127022611515358,118.61796730921762,116.11514683705244
317.5020674663897,12.571575224117893,118.52443232548916,115.71816622894713
319.4110588610867,13.793011305608331,119.02204802394922,115.50296068240607
311.3975901446389,11.313825204683212,117.75067803802159,115.17914494556612
312.7824158569656,11.259539999291817,116.96582862104334,114.48456130504505
314.2166886235377,11.327869537806336,116.03842004411395,113.7182105676118
314.8021311965353,12.46475636901431,115.32726287086473,113.43865740041986
315.1919265145848,12.45287650938932,114.93634428857962,113.04913362257473
315.6363245425761,12.535483257584481,114.70722192339296,113.08828304015059
