1364.5,474.5,60,89
1362.636030795582,475.24749335990964,59.09459614275336,89.15467243698004
1361.788656917036,470.6726909585934,58.65924627220565,90.61849385338205
1361.2891860936031,466.0843864691599,57.972223811557996,91.8938114618573
1362.8922649911556,455.9033651318528,57.3315097706491,93.79460383129557
1365.173709709704,441.654154365844,57.562684378504215,94.54487167678978
1368.9168236025375,425.1706170903879,57.72040800885325,94.91542675748713
1372.6830672420685,402.56787516657687,57.701106230889735,97.84349437586121
1376.9707092349936,381.01715445175114,57.93607443467577,99.89515019149891
1381.2290619041032,361.11712071039665,57.64036881416919,101.97131401820201
1384.1133770642462,342.6708172341382,57.54766613289086,102.6719043691565
1386.9741292032652,319.9384906791049,57.26191043197055,104.29601563962345
1390.1245029027004,300.75263560340204,57.35654114589316,104.34751247315805
1393.2646973316446,279.75821015487026,56.98961206583676,105.8223863194404
1396.0023724033501,263.59481598390107,56.86069365460362,107.68951699231141
1395.74752097404,251.15136041547848,56.42427601265887,109.00507803150033
1390.7704953042396,247.58599598513155,56.33219335720359,110.1067641713995
1383.5184065230883,245.4080709204555,56.01677176789495,110.3733055620431
1374.9032571134744,247.62921770607372,57.0247443084362,108.57178218772134
1359.9684418434776,253.991751967344,56.5811595926925,107.44967425172868
1351.5261138096625,261.65093309663774,56.91543495353585,105.34438095523826
1338.0072895494495,273.07703782679914,55.562910515587475,103.87444230790379
1331.2554918494054,284.0792587408916,54.86962652877412,102.19956743528529
1324.6095909529547,296.51524883763665,54.15408789046194,101.11339961972485
1315.6661091879866,308.15858794000144,54.58133080882588,98.95858024067887
1308.4912349693177,321.30693093564145,54.271583892464946,97.42944757886669
1302.872780492176,334.6890007033336,53.56897677924381,96.72383885097746
1298.203708949865,346.814216186752,52.97706043088232,96.70697798301765
1294.1395462759685,357.27050627614733,52.66972064805998,97.77839705654627
1292.1797305149917,363.6936120859207,52.92087272741701,99.32385661772466
1288.990522766916,371.5986919683479,53.821187446895934,99.74582499618077
1288.8318542229056,375.7092482082927,54.892018797612224,101.42647929332969
1290.6360069539326,376.30812683329333,55.210408443971964,102.23055119066736
1292.924579766587,379.62140873250536,54.95920390447894,102.54057186489952
1293.8443095215248,378.9975578229888,54.4789807541994,103.3244813598665
1293.2401785985112,377.488440848485,53.83564159562587,103.96946840068622
1294.0206516777657,376.96987694003974,53.59251658217461,104.21625728410888
1294.6952212977617,376.9447004116149,53.42142166133563,104.5618913637457
1296.2656923539566,378.5360079899251,53.30785286284952,105.073374918139
1297.5757114118576,376.9075280527711,53.00204065914159,105.24239243061538
1298.3350198955168,377.2668723286085,53.365229469372935,104.94615847450639
1297.394901411817,377.1100886643557,53.87142607155316,104.85834723102485
1299.6304900872096,374.26805386772867,54.26462383520913,105.15876556771761
1297.9239470388225,375.8835884949474,54.65594660724562,104.5300308126393
1296.6708972688307,374.99514236881754,55.41995318019608,104.1540912720676
1297.7412003140448,375.5762930769109,55.88316717529345,104.19779590599077
1297.582037277648,375.4215506956229,56.47082336221336,103.88556822235395
1299.9029987539707,373.33115532870124,56.88682658754634,103.99535218129495
1299.1824029894753,373.61716509313214,57.1442867990166,103.8731368690564
1300.0421972486486,374.0700904018271,57.5080384486694,103.95443447697399
1302.6382943675535,376.6193286911331,57.429748210188166,103.94921627925194
1306.5505958318786,378.14287620194625,57.821083849653334,104.14053769095996
1310.6539093213694,382.0239286214666,58.248171546575264,103.88672457326322
1316.1234650243448,385.36599975512775,58.89722256280463,103.93703169253757
1321.6751318130318,386.31764830356616,59.92309468916577,104.46057656991925
1326.9679722560907,387.2985167186087,60.42655469507703,105.10880887893326
1332.0121267136346,388.1845293718361,60.54495373439566,105.72413508538736
1337.1933363293238,390.03246385820756,60.708421038662024,105.94889203770856
1342.4714756465846,391.98809451754414,60.93558394771915,105.92190830120393
1348.772988467549,395.1409769156684,61.09345212750681,105.53191165147035
1355.7617607778514,397.31231397512494,61.1104114818166,105.42927354329947
1362.7113031565023,399.7111024346156,61.65069211147805,106.7030986972246
1370.708944594695,404.7744530616291,61.81752623948684,107.2554250005707
1387.9011247409906,409.4230286135317,61.59667913048949,107.31920624692417
1395.2505550115459,414.1162161904524,61.693631196190495,107.55453137994805
1402.6588964484913,418.39091856565557,61.88639542007783,107.88505045003727
1410.810213016047,421.4432013231379,61.58358299419486,108.38942839744445
1418.484236774203,426.6465419846911,60.840628480202255,108.27212524053678
1426.494285191094,430.6569805805617,60.509215156247,108.35762088204746
1434.0638523774776,434.99983011448546,60.35539038430971,108.5014744646517
1442.0538359059076,436.5251287232812,60.80145444012086,109.29854923268631
1450.0516335471564,438.11811337488325,60.945416042388686,109.84992061818775
1457.2425307829437,439.0663620309031,61.566058208692326,110.57815556208371
1464.698606959635,438.5238384881551,61.82068441976321,111.76494895340306
1471.3514966565297,438.53891612853107,62.21781354190409,112.25719065436729
1476.964210810318,436.6806950452759,62.38387903162958,113.29369784239246
1480.6934539166818,437.3960086406561,62.01455612227703,112.6662362662371
1481.2445349957898,436.9718360258915,61.70412925554234,112.1496093812033
1483.117788410538,437.1389532254866,61.96445788670868,112.58726329769064
1483.9485396526545,437.2749762066735,62.11230172072061,112.40274481156797
1483.4658906639718,438.4516636472603,62.19880842544572,112.37179911053968
1481.8250809588687,440.8023166989564,62.16188916988023,112.1343163256289
1484.0232020571175,442.61709174781663,61.85707048488812,111.94898081035167
1482.871208507802,444.3546550179206,61.7149702231369,112.0029160644248
1482.7900952507189,446.78253097694966,60.74943537332,112.13501099771558
1481.3980539715683,446.1085420186545,60.31084546915782,112.48684485798569
1479.2317943877208,444.921553551962,60.194472997143194,112.32842571326094
1478.3959106313728,442.7888078165554,59.79900360950978,112.90096908112315
1476.6554072871297,439.83702783991424,59.606441810828414,114.55487807920517
1476.3144926521481,435.72942971551095,59.54725099736408,117.17411847931788
1475.0282844196893,430.6757896258029,59.32575219052298,120.20593059537954
1471.2323347810748,423.19062850942976,59.73890953583684,118.45581863928302
1469.498341193846,421.2231806012161,58.5717882393772,120.74958651171784
1464.314661813283,416.4258348774945,59.31155586738598,119.25598679094814
1459.90375321518,411.9095514145274,59.55829696038164,117.90484476302487
1455.919267412709,408.0184128982097,59.1923877364661,115.92388288879988
1450.230202100121,405.683023548179,58.513122426583124,113.14528929729636
1445.1066942962527,403.5828556131973,57.02545118281847,110.60567355669458
1437.191038970699,403.76782083596987,56.27808370282227,110.75362641193067
1435.9812775606076,404.2639386333044,54.559843499628656,108.8092561484346
1429.5460514861177,404.48720421548205,54.38522023204348,110.02551015654171
1423.4906125658972,405.65221784881084,54.4725423168694,110.46436826395336
1417.7819558584827,407.05499441367533,54.81135021564607,110.9463159925313
1418.493685384505,409.1208845012569,53.245064427628336,111.85421105311639
1416.0940198270894,407.5728873756833,52.65229425461746,109.22954509460783
1413.482871763679,409.28670252693234,52.17479275112821,109.23868570809489
1410.3306992640044,411.770952412093,51.741088720173465,109.31471203793225
1401.5758004586644,417.8584163681403,51.33998430753801,110.72670391038352
1401.0804030137174,418.0172369719464,51.18878352902064,110.2544282568657
1401.6597652551459,421.50270535605813,50.79820067347572,111.98084103698201
1408.8159035692586,424.45075531808686,50.6343043247912,112.97187804911238
1407.7174184049295,420.6790349596337,50.591413880362715,113.7471975234954
1406.4896858903392,420.2806991069323,51.22646198220599,112.4802097993481
1413.3671492628137,423.9313270722662,51.15135815900983,113.2667167013219
1412.2382334544789,422.67185680358756,52.16501910993852,112.10067255468866
1412.6850190929222,425.9341538642904,52.26411813067443,114.16648675847833
1419.3722823885853,421.8882151160448,53.66898568912853,112.94578414632693
1418.5841928123593,425.48883869792735,54.78263238089083,113.65204106428793
1416.7903499448953,428.30199176477095,55.79148239003445,113.5630598359962
1416.0423536489918,425.1379065118432,57.406024924811646,110.79606318181756
1423.3698094148447,429.09205858066935,58.246753194131514,109.94794638394796
1423.1379209079626,425.3847233797128,59.52081523969138,107.9921505535612
1429.5656591614243,429.90592463379113,59.53314421372494,107.98498821874443
1428.0203370306021,426.8721843425672,59.539792656277285,106.45741274421596
1426.7532848405228,431.76182722265116,59.672426852109915,106.87954586069597
1425.808983595554,436.91368402341556,59.71050956570298,107.63511360834931
1425.1455527373494,433.7406428820316,59.48302269412274,107.500201666569
1434.426183064826,438.2163945284122,59.231664230331376,107.50437159158118
1433.3614726092542,435.23386104469137,59.04627581911796,107.28866816183658
1434.0892881059704,440.0299545956365,58.71686087964822,107.92503673926755
1433.396337184876,437.08133661921346,58.26185753232254,107.6504367927606
1434.283118662946,441.804477814097,57.7445170626786,107.91177407004672
1433.2074611497706,438.284881223695,57.124727991663235,107.374633251217
1433.3114607820737,436.38420166071876,56.13792013330685,106.52613628662385
1441.377434314494,440.2411824462563,55.724716392746544,105.79358521893619
1438.7667374959128,436.6670382658044,55.57667185852182,104.58433821759623
1438.1126233317675,439.6004653681432,55.65259370640467,104.07867099411982
1436.5946995396046,436.8823240965265,55.37819434630336,102.91892759359725
1436.473888859349,440.11721458649447,55.46991804202884,102.34689794499063
1437.0666642335614,440.6602629737021,55.22206094909523,102.44803831409185
1436.888897250574,440.92548561364873,55.3596083760636,102.41254201739108
1436.1972406492443,442.0216915061494,55.14089988453955,102.33262994628743
1435.0879125512508,443.3059346132551,55.156649471945,102.12939837265529
1434.3012111949513,443.8437240345,55.298129152737296,101.74921601310994
1432.9747333129178,445.06760610751985,55.20329744121839,101.7915203027392
1432.6747131593295,444.96490401527274,54.78654735838025,102.68322130787396
1432.3757807616391,445.72373991793694,54.293782933751835,103.37652729528543
1431.7879084663869,446.73008333887975,54.16135732486231,104.16667639471449
1429.6539436854296,447.84396869749213,53.78339092882999,104.54418416946365
1425.4122716840845,450.404334973088,53.6574038005388,103.93420048149207
1420.8880928672647,453.54855766923237,53.217683316807886,103.82281950799612
1419.0280233373646,458.11494620097494,52.401618992208704,103.68432421330982
1418.8387598335362,460.81233523500435,52.36067643471216,103.88431037788644
1423.8033251910906,462.67812155064735,52.21697185943514,103.56668270624093
1424.813992284109,468.07372828011654,52.431527585050134,103.55488914628938
1433.8628441777234,471.384064004241,53.02230798971572,102.86096454328583
1435.9487165811368,478.837914766862,53.966555728970306,102.94627640000184
1439.5540808564365,485.6009801195406,54.71565936983818,102.4733874243809
1443.4949953821456,491.2343772053915,55.50802465435743,101.28941795971036
1447.6264950190769,498.9370498428487,55.94754288995563,99.18100109055771
1460.06734056599,506.1098967254847,56.62555180833637,96.40951558486826
1472.4438376485944,506.9135178897572,56.60052967376713,95.94163344576107
1484.7830279081047,508.24463942071185,56.24098918160169,95.45884566415577
1494.6548762999817,510.9166239478601,56.63112914406388,94.36772523504241
1497.8069741699562,510.5948541281143,57.664796849396815,93.01883716781555
1501.1471224176798,513.2883317284733,57.607658332007276,91.45998789361133
1503.3799510357212,515.5774304347378,56.49499839893357,91.14155467557057
1504.8636877484287,513.763793133074,54.92111673510749,92.62907140727053
1506.1405749566493,512.6406725323628,53.270627166402775,93.88880674264222
1505.7590660825756,512.8295810462722,52.39450395099563,94.6449760686976
1503.2802574298148,512.105220717465,52.16800966136356,94.75114454125337
1498.7152028318696,512.9811930575424,52.118011740554664,94.08948015551692
1492.74869863861,513.7777657759902,52.276021462217905,93.28574864760692
1485.9909176021906,513.5719322018849,51.384519097190584,93.27690303017164
1480.0146803061202,513.4427207534002,50.94530152777144,93.60713283479474
1475.0141936260138,512.615439062302,50.42855275816216,94.24191927664536
1469.7248561931249,510.8614873451214,50.112945282936636,95.69386610890999
1464.0625553921382,510.2294555425181,50.458592569724914,96.62852863827666
1448.531859138091,501.18145910017995,49.7884062509149,95.18346012158577
1436.176994808809,501.22471010245937,48.96934157451798,94.798599050779
1380.5328635580486,504.7713611080287,49.11498780406587,92.25721840728555
1389.0580121960982,511.39107289157914,48.2288827276738,93.28260063394688
1372.1755659191267,512.0839000076863,46.787606153198865,94.03665897383036
1371.9778914413612,488.56770381057527,46.47639002665673,93.67912827234927
1361.6201297244645,448.5639239130327,44.641416405396185,99.24776900005162
1357.418611766743,435.63341587512235,43.87629569699906,103.59143964740556
1353.0014933371726,432.74737745976813,44.07330454405479,105.85310306983459
1346.712735650327,430.10572784715623,47.331785341330075,105.35803096098242
1342.930039873962,424.2621557774239,51.42544427763566,106.09570839512479
1342.0922652886043,427.82125383087083,54.35683327302763,107.52712051882175
1345.1036994398423,429.3755263834853,56.88694157882746,108.5973249749027
1348.749292005458,432.4014267121729,57.75061503676861,110.22838850667539
1345.5769254111358,435.3784160895052,58.24895130234796,111.20268724453399
1345.9323346128733,436.77234061741615,58.459053032463686,111.42146121842102
1345.0234489333475,438.5065598635112,58.57288996043903,111.63404084032082
1345.0285825945655,433.0239337331071,58.64196812506124,111.76160656243272
1343.9079899403694,436.2202274741947,58.67476725066842,111.84541325674074
1343.607824563624,431.4473545317127,58.73033825379296,111.9520960695001
1343.0375780809056,434.54117165531545,58.776553598914035,112.02989084222257
1343.6791536427436,435.3739367217803,58.80986332309286,112.11477639208556
1343.929834849169,436.6704825059847,58.85882999940654,112.24974244658635
1301.7809584216584,477.5366238454452,56.60298635784615,118.89580144247
1302.408533699349,475.38543615043983,54.507606350808665,125.92566892652069
1303.0855739954902,473.83260910464793,52.620227862140666,133.6308131838149
1304.1726823734937,482.0240391811302,51.49138025438842,138.1890521977204
1304.8190946667492,478.46851046333984,50.32405686843418,143.16553259739732
1305.5464009637983,474.4109935685111,49.623497151762166,147.83239071833833
1305.9316209823066,468.83722329403577,49.03201532211437,153.21035996296771
1305.78713110394,465.4660019803746,48.92295421795583,157.8439876355324
1305.9351492754593,460.7450725986696,49.32221392403575,161.55319421159487
1305.6523232109864,457.8260925840381,49.71763418912488,165.82245392728976
1305.727268331655,454.9182381825965,50.587179830356064,169.96741175456418
1305.8183523405448,452.14256653360576,51.66094283235952,174.4341433982641
1306.1489647399465,450.17178588110033,53.099458538774925,178.33949852863304
1306.1537888228318,447.93209975011973,54.660649897273515,182.14394212543314
1306.3714243036081,441.40609967103336,55.469806497480306,185.16045892331533
1306.5297535660043,442.949525958613,55.9334007273766,189.65701899540338
1320.6900595254028,400.06535275432077,57.89936603331065,190.6975287951011
1306.3948517975123,403.8005771449938,59.21780501814463,192.81745496034932
1305.8986074986683,422.48741530785344,61.11404254533316,196.11332285460068
1305.0139004969724,412.9114842090464,62.053997715984146,197.9721953213798
1304.5662045993013,395.82132830645793,62.46314370034094,199.0055726172794
1303.2868341442784,407.60310443056983,63.18372862550805,200.740171385291
1301.7866827880762,415.18664172528486,63.78246960085178,202.62183527547512
1299.5160167563326,420.34725387493364,64.10401168249683,203.60496850486416
1297.0254881204683,413.69497377122633,64.34502483725187,204.1541909971298
1295.9221861936414,408.5923587595094,64.6661288558912,204.72145391088347
1294.1510030339819,404.15148927806337,64.88811877903119,205.10369450646604
1292.4223716320453,402.79196178370813,65.07773836963224,205.57741486993237
1291.0416157223647,402.04961326275037,65.21497140519521,205.92153352268005
1289.5074855283817,398.5573303572147,65.28834801744989,206.09569837092175
1287.9817589688162,395.2878852829747,65.35429960879473,206.2244470513538
1286.7820537398948,405.0526009866133,65.55897644694784,206.52539322281189
1285.9127228489913,400.1965435966693,65.68901043258154,206.81180590766817
1285.18171594744,394.2060796773046,65.78520239730548,206.9963403519273
1284.1120715285815,403.63792071366834,65.94361526608904,207.19748905922916
1283.4722067841171,395.3145792210107,66.03662819846883,207.35313276842135
1268.51848676185,392.1466573178169,66.12196474263715,207.61562566843685
1269.8729176574564,390.43070053196163,66.17079075850732,207.8330857813615
1271.1082283368967,402.48507944784325,66.47014386976534,208.61897364051615
1272.4345531935974,400.48455945503065,66.71970582247104,209.27793660931096
1273.2742168484142,396.628899261744,66.87767964790073,209.718877929417
1273.7342075038157,392.72166989751366,66.94870596315444,209.9227657502848
1274.2129715103063,389.63258155823564,67.002908263474,210.06414156748218
1275.1615753449425,386.36470086654947,67.07459149958193,210.16936381969006
1276.150060686436,383.561518105403,67.18320164240036,210.3164650635711
1277.277728305191,382.2577705782752,67.24203700387439,210.36861672831563
1277.8942224177335,380.37374975728676,67.28483482100285,210.3892642853621
1261.607145642875,388.9887888091022,67.38644274694059,210.6341102692557
1262.2678047523843,384.7401656153554,67.49357988070489,210.95465797205682
1263.960803593355,380.901928629392,67.59702073254671,211.13908034257375
1265.399823472127,383.12093371273545,67.68977875217853,211.24171053004326
1266.6101390433423,394.6003573793155,67.820552562751,211.49988895371916
1266.8124366731647,390.20667068986825,67.93405202156218,211.6844343067957
1266.9725108612752,384.69733304806203,68.01701793438676,211.90490135371383
1267.5258280705818,383.4127990642198,68.16584377807213,212.29948721423577
1280.262521755536,394.2623755435977,68.47564999642042,212.64802750804347
1276.8672552505711,404.49564972158606,69.01720010000852,213.3922926744057
1275.037643768008,401.9548698040879,69.7776546401473,214.274296158694
1274.4177034209047,409.3897081412087,70.24026561332246,214.8741286092082
1256.5600638988215,402.8899997312848,71.68721885182505,214.9803512304477
1272.138008805523,411.73276809394724,74.78333556918354,219.2277902741657
1287.0867169752896,419.65234604531287,77.07874836173062,224.56140391794327
1284.7334792385036,428.39818326048965,79.57532202561029,226.83750216215032
1281.9610803975215,421.9328616112021,81.08198799370695,228.28210629904325
1291.845948733907,438.5632160339437,87.49674915418784,224.3330582201615
1290.7162661364623,431.4019231129952,89.688368328224,226.50704443742487
1305.1184660296624,451.62739108048754,93.8759881951441,222.46005823998888
1377.5310508040177,491.5097122661333,92.17589494037868,221.63280905717403
1394.5821392185417,556.6505817787693,91.42436508398728,219.84780465104265
1388.3140878253987,527.498225187145,89.0135608268161,218.79509977398848
1387.1816399147729,525.47025462689,89.43377121277263,218.9030061311623
1390.4311846040243,544.3909272640091,90.47181886582501,218.30706033202188
1401.5129192591169,545.5314808245499,92.73647684445797,214.6505859271189
1402.5202172434608,546.5734585158018,93.7128755676191,209.825231733275
1406.4761609452914,546.6760911270776,94.14582439900414,205.91678905863603
1410.4184816268269,563.2168525052388,94.44443250950513,204.775018881049
1414.248137199578,557.8515451212311,99.52511064470352,199.6432421772016
1416.7186648546285,554.0041206951375,102.70623055127714,193.5737668411562
1419.4767315583483,548.3582062217631,105.52794580716792,186.97547242059548
1421.4269390646252,542.8855228578985,107.63420317696854,180.07398779944768
1425.1339584147313,525.998004235792,114.94262331617323,168.3496239511315
1428.5089167111832,526.5255785205253,120.08698811059807,159.70869094639258
1424.4544752181296,526.1996269452326,123.52603695974256,153.1581090124443
1424.3449440631148,520.1412706386488,127.23727294149448,149.11924110498202
1430.4992778226776,530.9289907305814,129.422095641485,146.45609530893415
1426.300551886162,537.273340834533,130.62738213976053,147.0311900000179
1411.2621880138242,511.80619349811496,134.98827049844982,144.08316045410388
1367.9208506086557,561.7980658870896,121.04266466913838,157.32169808582262
1370.703484672502,542.5644113721601,111.57369571289317,163.56424896748828
1366.8255351718187,521.7560663303705,109.07467756948489,165.11591372147774
1415.4354162986153,464.29244548091856,115.34620254733676,156.11728261764716
1426.5032356730485,466.1124670746741,120.54203047327519,148.07525998372486
1420.8046653272586,464.5774679082101,124.3698647912588,141.02441252197514
1419.4343689661653,472.1223947303975,124.6443048454464,138.74410916293974
1414.3347830703808,466.2813187802889,126.11775241673926,133.82606041008071
1428.073634211828,474.68784241581386,125.33965416826858,132.58899332549316
1438.0123452267994,472.04319343972827,126.23367455165612,130.42930617787195
1421.0854768019021,467.6512031150307,127.29620504158703,126.74647564715238
1433.1979827470564,468.4805091655925,129.05491774539473,123.03572021068629
1431.6863017891824,478.9580890373145,128.23098938366178,122.23838021516715
1430.9025370934912,476.1466166389013,128.69001745992708,120.66788171365366
1428.8556529861507,474.2861975339158,130.05528340104857,117.61992872489415
1444.348117585038,485.0598647261839,129.97211811928983,118.35401600173498
1441.3327025168555,454.351348428866,129.99387309085998,114.34389405535512
1432.6994839908423,467.27185997962965,135.53138348425608,107.56599084213347
1428.9761029369827,466.0193734124578,139.978184692622,101.41811477908944
1425.9467542830164,464.6899984489074,143.71983392773956,96.27382467857193
1424.2020670312713,475.6930775886924,145.65163260935356,92.75277382087688
1433.9017779003102,472.7022025318192,146.30243708282364,91.02600352217823
1430.6127741519826,470.32020208900053,147.02158790146927,87.52912965958564
1428.731898803299,481.0865486546354,147.50590591870696,84.77867644225628
1428.2708257149416,478.3667060286818,147.38959219838026,82.18838580305025
1429.0694773565215,487.12594711095653,146.90768922955155,81.73077857746559
1428.953819417356,483.58880492645466,146.55406419754328,79.71577804961872
1429.4794059527276,481.46102843761645,145.77289814107468,77.78501501395895
1430.9893856952656,489.4526142433405,144.4881173650288,77.74129652751087
1431.6728463005916,485.92479801509825,143.8763318097798,76.40124569542117
1431.319897911498,483.87438837351334,142.7998160589756,74.64264420222375
1433.0050862979888,482.1732242724469,142.02866170763983,72.78981970202523
1433.6353799087728,490.5446083785323,140.73788882944982,72.50979334166101
1432.921056551662,487.8733185764739,139.56753032135086,71.25877553366846
1441.2652091074492,485.42009432899306,138.42629571301114,70.21739192108616
1436.4313611174168,492.9256689464014,137.01562064510236,70.01918519115219
1434.539612423694,490.55204790875587,135.24913739213656,68.955719697321
1442.270732704041,488.27145869318,133.9974747962256,67.9143614501585
1438.0667252961043,495.7610608585,132.5151545290908,68.06199484992622
1437.4689840056924,493.3900931730451,131.18150140587437,67.61436122440655
1436.8595775059887,491.2713506865184,130.41807682784318,66.73412607035429
1444.4170385537877,489.126449860462,129.10123231555826,66.05767587233885
1440.5047047634973,496.4139540418156,127.41690388631235,66.52887875230748
1437.1439925091984,492.7953122484329,126.40995725156924,65.7932114037092
1444.9099725051399,499.7085776428403,125.47749314744279,66.96714600796076
1428.6382398775181,493.8981232360758,124.65568588071324,66.77789323091363
1425.3889269018584,497.12884737914214,122.09009331091448,68.14555365983824
1429.7593581682117,498.5847634073144,116.45281888245614,71.73752199564461
1445.7702759802282,501.46610958048694,109.6190516483158,77.86701772150411
1448.3584983784672,498.776401221848,103.90028302409434,82.15643154438047
1452.8309425396562,503.3114690504248,99.22864575838744,86.98692779182886
1455.0081029075998,505.5081566894508,95.79035948256775,92.40769474094972
1457.608118551387,499.0105400091655,93.71075413455338,93.34942411134702
1459.7864072696373,499.72514211415046,93.29636400731808,96.26453781443257
1459.4937717009566,500.14482192268207,93.58571834894883,99.09764566753839
1457.1945105175553,499.34571593250826,95.06821979785893,101.21252453707672
1454.5246666142898,498.1213612445619,97.58379065912342,103.31779129412247
1452.1094011604212,495.0717242384378,101.09059920434206,106.98707191533362
1451.8944594053653,493.51825769803406,103.93398803023453,110.24520676585072
1449.7510006405876,492.7877400572588,107.13342048479304,113.30780669316849
1448.223357107115,488.3136179634651,108.47383590676444,113.57367401918363
1447.06152275969,484.3191567722154,109.39334541334397,114.00774725388631
1447.9648668914344,481.01406752811056,108.83547948128353,114.63596306127945
1446.3422756148107,484.3126451833262,108.88558270790128,117.06225669493992
1446.825128956153,478.4199971146777,108.25603501607637,117.33424526082585
1442.9599146201933,481.1789010724107,108.01867308435845,119.68548451027677
1440.8576352493192,482.1253542822854,107.39772323159391,122.60241114030157
1437.3126368125982,482.95055195811375,106.9883066147406,124.773591430277
1435.7795544031492,477.0649372187462,105.68680375862002,125.15538990925619
1433.5889427007785,480.67421303268145,101.77583470425479,128.79865659498427
1430.3980517106356,481.10090024688884,98.36774260769751,133.2297694140366
1426.38264803302,481.97447044543645,95.49326126663996,136.05848045737102
1421.5320877935412,477.9744805381853,92.08269980742566,137.02366260341643
1411.0970079404615,477.31519557602985,88.59300767642708,137.1086968803349
1395.1810146365322,453.18027028952093,84.18340950645386,136.6504857773274
1381.8865771954993,457.7582303585455,80.16387832162513,138.22884145714931
1356.2428258725213,465.6442512211586,77.89699864336221,139.32506297655203
1338.7839312609046,441.5203749382372,76.67591381264043,143.20677245157455
1325.76119156196,437.8328951454281,75.65777550423093,147.88231802237644
1310.5987036607,416.6855030003253,77.17652076170668,151.05559657527738
1312.3466118148879,412.3405283740874,79.03404126439666,152.30794283092695
1316.5945095111276,410.69130974706053,80.59839411105287,153.38430867575528
1312.8509821255338,404.05668139520486,80.70029082025948,153.423676463451
1298.1273383378489,401.5424449215139,82.99115291955496,152.0365324216972
1285.504410043699,384.22842289263576,83.31314132853376,150.88776678707063
1250.5022723313796,386.26145846371975,82.02408179223507,150.35064252142857
1283.5262984345202,429.6182292450062,78.16387672340508,157.6728217840509
1285.0096300212372,427.9465255880668,75.69316809332324,164.7012116361531
1301.694852075041,410.5193269130654,76.17484724621355,169.09670853449563
1301.910910151524,408.2928302672734,77.14481019862491,173.44030625502657
1302.638247194843,410.66818426808976,80.41475931526435,175.45035903754308
1286.461641590262,410.6579719453222,83.32616754591062,177.6972779953647
1285.2137399774367,412.61738347758325,85.11334146142994,180.06269708401024
1283.491718099646,415.42868685627985,86.45555688029577,182.30028834755205
1280.9738654192136,416.3015566217631,87.33175592020741,186.15707214345937
1276.3702187467368,417.4076313166246,88.3005162451415,188.91147262708847
1275.503440260668,407.5723441662084,88.0889487103288,190.71584171246676
1272.2609755979297,410.37302633108163,87.913585410378,192.25871585470503
1268.2952634321487,405.34363282523117,87.08009999767748,195.6652225357481
1265.6813757898408,407.7584787227715,86.52807772827705,198.72584531967746
1260.071090152802,407.59435169911023,87.44611966733257,199.5585868218912
1258.3510230095133,401.9962122994617,87.3748677978277,201.20072362289721
1257.9854838120593,394.76678623186615,87.06456948279765,202.26069956790278
1256.5725147808994,403.2281960706872,87.05435928309385,204.2440364301776
1254.8210930255161,393.5857074849838,86.87054011991006,205.52920052175048
1254.399503462466,397.86539750200365,86.80730849228289,206.73323868534263
1251.8407419482435,397.40498306796064,86.73967136066342,207.5008652730264
1250.2078522769482,396.3720268148534,86.67081973706776,208.0812692181065
1248.561042894136,394.2336482982593,86.56456190814833,208.58498786399616
1247.5810375108235,392.2059353703385,86.50275141432125,209.00665565175305
1246.4208832726888,390.73183565415144,86.38290438445678,209.53747236699462
1245.2809985327342,385.8277085308264,86.35400572776919,209.6781221672336
1244.871399595433,382.04954165911494,86.33377923065215,209.78148540589575
1245.0541595251468,377.9997013977844,86.31857476324181,209.85965771169896
1245.0924951815941,377.1238801437156,86.3076839856874,209.9223790066864
1244.5485972346414,375.57454325458633,86.30349274656689,210.01972693922662
1244.3279092975708,374.44159577308574,86.3168302620195,210.08007576155705
1244.2618267443102,372.6660273769918,86.35198934561102,210.161752781635
1244.7120780610678,372.55719745084684,86.38351446926346,210.2379748053841
1245.332716893508,372.517882640685,86.40823802890121,210.29708817558918
1244.6016779171048,374.27135872649535,86.45592494090538,210.41531338739134
1243.7137140434443,375.1044555474908,86.54385296288466,210.3645905124216
1242.3203477447446,375.03234611195705,86.58639915891675,210.41169611690185
1241.064416159284,374.88901907514446,86.63256766392915,210.46906734944056
1239.9695816758413,376.4143472336189,86.73357805957131,210.41885902100185
1239.1755673154337,376.362932768288,86.75977542529142,210.47579830584883
1238.5715553255015,376.23030882268046,86.79521189123224,210.54081230545754
1237.9155745074609,375.09431153055823,86.82883712155949,210.60195116727462
1237.4698043198566,374.35540059725844,86.8759610572345,210.71688076378598
1237.6345693534613,373.96675355217707,86.91270558528606,210.7914436022321
1237.646437331947,373.31681998632746,86.93690052832187,210.84290933050414
1237.973063222261,373.3149830692506,86.96180983234584,210.91680902930673
1238.1323268999417,373.2171914237354,86.99288082512507,210.99855112195237
