114.5,187.5,93,159
114.88450535348812,185.38028907935063,92.81823070423285,160.62429833093802
113.9379078505313,188.5306941525861,92.71317570251712,161.95896334315847
112.74464061936216,189.0093837598622,92.7917050703272,162.84408433841463
109.28193191395908,187.63659839179502,92.50361816671075,161.026627692652
106.10923624099036,187.1993875190212,92.41822767137012,158.76667648859944
100.91533137101057,187.5063282515278,92.46992634260411,155.03341621842574
97.89291953223668,188.65498639050784,91.70032026017266,152.24005157940263
97.22282774787129,188.7333434218677,86.69343647279378,154.41051837910967
93.12511991454497,188.28723694601118,83.87611391160219,154.16482799811246
88.57740889186847,192.99399446359837,82.38370541343713,152.3208615698106
85.82546843950409,194.41848172049475,81.58822699657165,150.67994076409434
83.5298703798872,197.71512102376212,81.23264148052102,150.7087119660618
82.54973475914454,199.1388620850039,81.85136892832803,152.09631771512977
82.69472385712535,197.74863705138057,81.7924613998717,151.81335440079988
75.39476642962518,200.26130451625642,82.44957954771871,152.19846373069174
77.58582984684516,198.65943349606135,82.65036801937006,151.81780964719576
78.59212389486527,200.5263661857796,81.8657635172706,152.34876627398484
80.84344880407996,204.84832460475428,80.59618502605068,153.66442032074008
83.32057728542401,207.1637455367858,78.2365892991719,154.4315567624937
86.84409045346499,210.23849070764635,77.36380736692905,155.39133127138908
88.1596126924975,210.1434195873278,76.4058154382262,154.84085283932336
89.7401991326049,210.32524146388482,76.0369828366369,154.04481762149908
91.12557665983883,210.7680612557886,76.95927363673754,153.16477777206487
82.60659119155127,210.16399536655507,77.19391319819056,153.35053372846474
86.31878703391357,209.6857682985461,78.72394732523357,151.92847095202234
77.97846289410309,210.1913877100635,78.64922069640724,151.52444258631252
82.34859226800808,212.39841296035024,79.13678806706652,150.88234757585133
85.26370997290303,212.32472945250842,79.21134544292113,150.0578549576124
86.61580473881907,213.64052830199975,79.37236549055683,149.90622079966062
87.3106729658594,214.01675624786475,78.72835615830616,150.53577608308623
88.87527604063102,213.8639192167551,78.88811976393563,150.33974330669776
79.19109156278813,214.0728931811685,77.32379142347885,151.03777838720936
82.64446705166473,212.37050562662841,77.38626108400078,150.09383962147263
85.79152192731874,212.22482633474078,77.64140241225209,149.67468842817883
86.26751695505251,212.76359595391284,77.45855546133778,149.9059678877641
87.31961395629114,211.8097440893424,77.32684962376226,149.5935783666303
87.7946556510542,211.9503204889393,76.83396413882292,149.95055927209881
88.2179940277103,211.99823888291007,76.42984960799149,150.68529944042942
88.95996048165705,209.88970072216532,76.6070609566898,149.73509985630977
79.81122537032802,207.48348254785208,75.563533483425,148.9295585857651
83.44833162932764,205.94037522358252,76.22046377243258,146.79996961110473
85.88478011164041,207.20127728744518,76.92001410776433,146.28245010366447
89.4159164423075,206.274159372861,77.88201150410836,146.12590488310448
91.56821417997837,205.0260040512166,78.66612872102738,145.93132497577983
93.33007524590424,204.7926181246741,79.06538165249961,146.21929162661914
95.8404609824665,204.57311992695952,78.586852229546,146.2210605642865
96.21108464101513,203.54731906705214,77.75848694990951,145.35734141084077
98.74879950114122,205.1293111193252,78.21971599354285,145.59786422806286
99.64030137443267,203.41581237606397,78.62202165705517,143.12073793147377
98.29166376838432,205.81649775880197,80.02229181181696,143.13114904923748
98.86892956602742,204.8178630322342,79.20013246470353,145.06554063127695
100.07277552867976,203.0836613977181,78.01213491539069,144.66872955246976
99.35738152836795,203.07468925217773,79.44719651735628,144.05181648700216
99.8696955952482,202.17778505834005,79.83578545131427,144.09058089121805
100.3876068989526,204.76866343502962,79.20104428673844,145.38863294521195
103.89382784346506,205.63617436276684,79.37177653101429,146.36719670489563
104.85447083302046,205.2152182149774,79.0448997792747,146.77977793625024
108.64135917704495,205.58212447222456,78.8033212342311,148.68381880577388
113.23065529294266,207.7058166672,78.54778655858803,149.53710141563988
118.25714184007231,209.71597672761268,79.01836159054943,152.16833397196905
122.56229784166557,212.6123547698625,80.14860248958459,151.4603795613586
124.34601359894151,216.51474700877534,81.5303167689475,150.943355818091
127.37611031162176,216.98355559052143,82.68602900993832,151.80365637825452
129.2175510575047,215.6474004820754,83.42194453431628,151.79772605750318
130.01517068982773,215.5325870197392,84.08931999669046,151.04626392663735
132.46680119463423,216.7834133764589,84.91576956599593,150.7976763224509
134.08301088080282,217.97467075041294,85.3437882544192,150.73067900007993
136.57824224509267,217.1101303682919,85.53000179918546,151.15257852519392
141.04103709357986,215.7082668695105,85.55361177872474,152.17526843054782
143.91749858099493,211.80210075070278,85.96257358859312,149.39819083997727
147.05025608632843,215.34695530005195,86.31791343250983,149.14747195276573
148.81337656021907,216.96095171990623,83.556556598994,148.38918993993093
146.47396885685563,225.01772347812306,81.29362958552434,148.16769907394894
144.7424125103419,237.01984069812397,81.37361148974871,152.49780949783872
144.38638282952596,248.490287238908,81.62057443729141,153.42426413355582
140.53545764251135,256.58814360569636,82.94564525504622,150.4728446128697
135.35123497655508,258.48541548731725,84.59124074107251,147.56721436185782
131.98197733680973,260.4201393624347,85.24113392736251,145.48669714693938
128.22515838954942,263.2579410839734,85.45003043928426,143.8489464679917
123.44956508097422,265.87343901503823,86.26272790543368,143.68554656457175
114.37809826212307,264.64745944138804,89.4181317884973,144.31666857178885
97.30400462440292,246.00648809857404,91.91213853720423,143.01843776498512
90.48555739758186,237.81944997262454,92.99016648999184,143.22753980423767
73.1730201901793,222.50670323586863,92.7958668203243,141.06776258683152
66.88178597503673,222.79040054876452,91.7305338513785,139.14167352687377
70.72340146543098,225.81440268149032,92.46647420390299,139.23078617044925
69.5904206736138,223.0534776331336,93.85988065085674,137.2545974983944
77.14603359272637,219.12155309102295,92.71282240754127,134.72033523923193
86.48428478055408,231.71050199112472,89.9761069428966,133.14003074652348
94.73378981238623,232.45281305887056,87.35536607478892,130.5937225720609
89.77155899860533,234.61918858227875,86.01421414644253,128.31937263303257
72.19930987410639,232.5965966748084,92.40342522503025,123.87264646719935
68.76564256646218,231.42292013190507,98.17537214309883,120.69129109505926
62.439148326397984,231.24906655031344,106.48082978139982,117.8890410782193
50.84404116198108,234.74214322351907,110.93337130444749,122.05347099901998
50.881700540975494,232.16503060365386,115.62784748740715,123.701963940853
50.37355027669649,218.26363164442492,120.61334314345234,122.63660542620543
53.84634021107944,216.10924628634822,122.60370497085343,121.55170558342938
56.143463434697686,212.46612691115297,123.25772283636108,120.78616744783356
70.83942365908362,225.9518006921885,116.5721469920814,123.63253076222739
54.67802268837859,225.8374641031347,119.14951894081568,121.20418647092885
53.51033167663877,236.27265613099934,121.14449108937924,119.79947013980892
51.28966172000872,235.77298903225892,122.04773719732623,119.46659463098332
48.19402732021369,231.82828322166915,126.43211932394266,117.92529736696997
51.20972901858332,239.33957606739875,129.27167139442753,119.6378686884502
50.99601300776544,232.55499251642144,132.37520438537786,121.58359790893512
54.338684364664516,221.20600424518653,132.92185391630017,120.32136174388538
65.96784154988526,228.68746227021347,132.2821766308196,120.1586833494712
77.26965931437216,236.85941339719898,128.5136298317042,123.10589018058316
89.26363216363522,244.88275303080133,123.82830978930602,127.19751467009235
58.2003393900461,232.33359900814406,123.85222657427722,126.81998310053872
48.047823467721976,228.44234429291492,124.44921055210419,126.36002274339934
44.187900437253965,225.4488852359106,127.1030623503449,124.99861083650339
44.947119822684854,236.28782989075995,129.96700692604074,127.20194902009086
43.30196243635619,230.0981393184201,132.2096522879925,128.5920208538575
47.84672841304382,223.19203700226953,132.80184297560845,127.36388983094623
59.50098865430974,218.05480835393544,132.60451328897506,126.16150710838834
72.10154587729876,228.23443793674824,130.19502863425677,127.6261062038711
54.633621083743975,221.15526599158449,131.18031288323158,126.57443288991395
53.77759618395412,227.79330487470898,131.20690867184786,126.56459333625043
51.181156906444244,233.82812900402837,131.28542021865837,126.95792534799739
46.00003104803881,228.84544972185074,133.45625328770313,126.3520616070548
41.584234347389625,223.8848791912459,136.05031311966556,124.67644573314487
40.5129986688125,228.59044241397854,137.9878618752392,125.89172881831924
39.47637564900563,226.33043878577195,139.68493254106028,127.01652366285191
46.45334236773596,221.49990904179893,139.2160349999009,126.6740288066207
44.23013011312,218.81830784517103,139.25561823105664,126.33924555076757
46.455661724887165,229.8810813236432,138.7265327659299,126.70399018928224
46.6626586744614,234.14624741499915,138.00923473098203,127.28199826993708
37.917545837289154,231.91387893601592,138.08330172917906,127.24424184640328
38.82889814953833,238.6632013563352,138.5645235725762,127.41698086349174
30.810293378016112,241.92959487895445,139.489914802022,129.61013547627326
25.919744165946767,234.50094921682137,138.774582829127,132.5088954208397
28.32391972532531,230.21514371096737,140.09086216157232,134.03013955403821
30.60460095996379,215.7900555334818,141.13399092612104,132.51056493244687
33.826567397962734,214.1551207268207,141.30451088902086,131.89319246698787
37.234863045614574,223.49111200880142,141.23789813604506,131.8431657746085
37.69646798582312,232.26066476161174,141.20684765799842,132.08417921124862
29.335853863213245,238.1153420502136,141.46730624989786,132.46175109431098
23.87268665601725,242.35494506260454,141.72140612907256,133.9747096813455
20.377711302969416,235.74555794321486,142.17378063659035,136.61269912245646
14.102519518442747,227.85480580792995,141.6689025937052,137.86921426491344
20.611998611397837,231.63821182216032,142.09578524336632,140.3306395792872
28.284587689284564,209.6713201615787,142.299465730171,139.4901690552356
40.899811130793864,222.147248437106,141.7409930292813,138.9500098918763
29.18637387303953,231.6633162114329,141.68689906944817,139.12061215145002
29.325914673380794,227.7893329314532,141.7588096119198,138.9044511708211
29.289030737970137,235.88727066685735,142.10624171880983,138.90172526666316
21.403686113576413,240.06838420500327,142.44136692645958,140.35023198553736
13.514732554342118,230.65612000670347,142.50814962476215,141.2662673401447
12.33683860130698,230.8936363082948,142.51320043595328,142.75393569998243
22.519698819524294,236.4268254901532,142.5449314002755,143.03395855086524
28.46820913225838,227.6507548075586,142.58811539516864,142.88937788541475
54.46317021493914,227.57945688094458,142.642783226145,142.4117514681541
63.92883487565682,231.89512579794126,142.72562931974872,142.2258720463311
30.07521300649752,238.45980656483272,142.70114545796966,142.17673836441588
25.78138031855117,243.28755015722788,142.70850001232915,142.85352084820465
14.915972354858127,233.07703069998703,141.9560605533627,143.40594365856037
11.671957556078226,226.66364615683028,142.5247023335397,143.82987308422932
12.894914374080642,229.73346330285744,143.2432672379554,145.72173102545136
21.932525161241486,238.3920258375644,143.19784417132414,146.47575959678454
28.373307584651883,230.0480454432511,143.16860285660783,146.40420843777926
30.446340225438007,223.82998682666891,143.15446411159564,146.32407124589488
28.98179096888775,231.47978358873246,143.2357599856886,146.0355918422512
21.236924070110987,241.7864854319783,143.85157620359124,146.21020542870872
13.331545753483141,243.18777413835448,143.5290015380188,147.80792470403614
3.272950488228304,232.44084945986765,141.96221494145328,148.37378600864164
-7.068095505071014,236.0415687091578,136.60772398127457,151.13279863616003
14.42327402923462,228.90032050655165,137.77713411310276,149.50850526170922
34.30588783411335,235.2287778046716,138.12917792668514,149.3581137977935
45.38331679513365,231.07793941293767,136.90640313452735,149.80864912847207
33.26853245291096,223.53574458287125,137.03227308850398,149.32912830429095
34.017880953311234,233.55948479681106,137.08196385358784,149.1496879612502
32.238503303302934,229.24798069225864,137.30395672532075,148.896363887335
24.632576148955806,238.25835449482094,138.95745856361705,148.4354059398032
16.384354493524526,228.04734862768026,139.59256421273645,147.61885222913827
22.980457942429595,222.3452894121931,141.5614538878023,146.38520668306182
30.969171614974883,230.32099872076577,141.53511258702324,146.61168265820166
35.7595879495824,220.82643817051235,141.4506578627545,146.30759468278077
45.677872563119706,235.9849135472862,140.03046284222285,147.14371437906215
41.697587507997596,225.6552531808997,139.84345662037478,146.96622404616133
30.577311422327654,237.6864115675277,139.91436920431232,147.10323855647465
25.834937090648268,231.7226655106315,140.20331327172383,146.89960522013283
11.688990592456449,228.96198618394482,140.386420638835,147.19301187002716
19.362576179383126,220.95935688432098,140.5456982107092,146.39031568106682
23.21878545184805,214.8607981774185,141.84420305139946,145.20333599556756
35.10794581074532,208.42197084822374,141.8415342653676,144.01779733272903
47.22648484306208,219.95028981684925,141.3968908931169,143.60518329074173
58.716985853659494,229.4242848580863,140.88390645004708,142.771277452042
39.442348680633685,223.37662803566008,141.07133768696784,142.33069956399655
33.742468967486275,233.4629702148191,141.10258782066012,143.19734282713839
24.435731570633706,218.6281432959463,140.43720061485354,143.55456151473757
18.720222577805117,220.6613903572297,139.8868429062358,144.0961768663529
29.34216921055895,214.33597562962575,139.8273139595758,144.31298532546703
33.49067653353532,210.93564903518026,139.9727374392334,144.18212758906503
40.65713365274432,206.00526553329772,139.90156579267332,143.71010231072563
59.53905931367164,217.9196796569573,132.78360566039387,145.80450900298166
45.61906425489539,203.76976741899023,133.91731220861044,143.89874227713358
46.41805982036479,210.74173751310457,134.20467404684126,142.95596652524526
47.51270043772135,205.23197736685034,133.28461972081192,140.81521517316136
50.0725372803072,218.50662578724905,128.47449790050266,145.2243820011872
57.379722864792214,214.2938095735279,127.86356282009464,145.14114239646398
73.53937541007265,218.4015094279046,122.97954329777107,149.82011658144836
87.22855039395411,217.34054928945432,118.0517395946566,155.10256647184383
86.59870672856341,216.59227231475384,114.79376773812109,160.0695712993881
97.93777953792161,204.22786207860923,111.53270204494179,156.9707684043677
99.24947471854124,206.66110800977108,110.28019669823655,153.88575816569363
103.47865294183694,200.1091458618376,113.0274448048678,149.17514350587211
110.10099760010799,206.84925956046192,114.27852785008108,147.01339660026167
138.77836273611052,219.3922185362448,111.06873700068344,148.27730927613732
151.0684629042959,226.52181186181951,108.42363721973258,149.75319285356454
154.8434399210219,232.86983603647064,107.77004119943365,151.4578069264425
170.5816157456993,240.64281906429164,107.00131398550363,153.11706013959932
185.03038081865785,238.22851020864752,106.19540333116373,155.09603175942635
216.58330758146258,237.75759205060248,105.81590631190195,156.30415352478286
202.94484233182243,248.49975138560464,105.06968541347713,157.63264956730296
204.11229358445354,243.77145052364529,104.74084422375141,158.44530750460055
260.3571361279081,284.15363958165176,102.8494486265884,163.18535443741575
275.23798921231423,292.4484137374742,101.75693763294709,166.48487091458918
276.9246537674379,286.1107409539065,100.32540339498354,170.78986659769146
268.448492319755,274.3326918701798,99.68214714301052,174.2269443031087
277.3019548900657,275.1816506942398,99.358419786813,175.3803614652457
279.815060610293,261.34813821280443,100.19402475260833,177.47098948597767
284.1956095814551,267.9018078349126,99.99306360532816,180.27463618841676
276.8685423136152,276.9169560792054,99.45637649336386,182.33816408642775
279.9717308520525,276.2089603042509,100.28553236784433,182.94126433184377
279.4951067976421,248.19273093183955,100.7109902878757,183.77554955371724
280.4395197698893,234.84115822279233,101.17949466564696,183.81277471424337
280.04000873783457,263.6230853228945,101.62277651040179,184.76400001233
280.96195420967877,256.14123404928785,102.0394894714375,185.54530471713608
281.79750970854843,245.5958954612615,102.56881315845152,185.97858939135773
281.76098152764,252.3125708402507,103.2503564110613,186.61592878840867
281.2556819044799,236.4420774391004,104.12723396303122,186.67902290577274
279.9947440470414,240.79020732490824,104.87832625353077,186.6725185739153
282.32454911543834,245.28668080960324,105.2205662449107,186.91099784353898
280.47222290528293,254.5791516032689,105.82214244566288,187.27680279246255
279.86697831005944,236.31007321970066,106.4147216086059,186.74003890530216
267.59021677295357,210.40222698043718,106.60599912312517,184.25009020951273
269.93472702551804,213.8653335336893,106.69706656584178,182.69487024036815
271.47940040726263,216.18880157525885,106.90577855059776,181.10841665921265
270.9783852102649,218.50872240071192,107.20641301573362,179.33489275732998
271.920366733549,219.30481636147744,107.12724082361946,178.00267612662572
260.91946786259376,231.3869306477909,106.82314562119396,176.9379501174753
264.3574432085795,250.01419178712928,107.46471869478631,176.5425319952927
254.85090495132383,225.35979802935765,106.67902430475677,175.93003960360943
260.1988770959541,239.55976811914644,106.501459226922,175.89053681722032
261.0217187950718,236.9621511045333,106.55073952230534,175.40743804081308
251.02272516797842,232.019740666978,105.68945858801557,175.34599083425857
254.58646494742447,220.74043520700684,105.90614053959098,174.73788613225273
236.51260849612515,230.8763994175166,105.70713942241422,174.5908127527371
273.17100287377104,297.4874215219355,105.78843721497401,175.21459373921172
272.03624759256894,307.2173018893104,107.11427798138818,173.58308198212313
273.7937603239667,303.3918204344684,107.42791491407007,173.81412969252727
275.04088530299487,297.91130759043324,107.05364576808644,175.07102806889117
272.62928889563216,308.1762237396756,107.46405162221005,172.9580067597862
273.79912785175793,302.8155384504005,107.04515556077328,173.19036080543853
271.6093701155075,311.6471088051474,106.96393905008935,171.18645605022934
271.5582327104013,307.5690767377465,106.41531260230997,171.25069279245307
265.24884242736323,300.82707479639646,105.76812675298082,171.8756688126043
271.16817454550096,310.00238239189997,105.5538798216981,171.83912527687076
262.8365931781115,303.1971625559198,105.36462747163804,171.9806633146148
187.2905756165552,331.56008999352423,109.15232604689915,166.22308541694494
181.76565907811698,337.273614783508,111.08601875817502,163.05134589557122
193.26796129894743,336.9755017220945,113.80117902598674,159.5880317466391
189.1229294015776,339.1267053951532,117.3607349700794,155.16991173550042
183.60554811814558,344.96685082421527,119.5059778454762,151.4568893443256
193.22993819522188,340.0627674755092,121.06101162564977,149.42138424303175
187.90059934080517,344.85424879881793,121.69854065284257,148.20891453159487
184.3092211691181,344.1132693400334,122.80227744970789,146.5167320421511
199.00757907388802,294.4862959398307,126.54480190506062,143.93051465798615
195.6399560531556,295.3879481610968,128.32312970693198,142.6014931358145
194.72400058686202,301.413243982974,130.29287672328897,141.3763571576485
198.9248808012947,285.06699052562266,130.87045684770723,141.2999508033082
247.40062459445525,349.5319280332937,132.81141768667914,137.17067393249735
245.0054056600012,349.9209105266469,134.47552351098582,134.0432092433374
241.0425106939818,352.47577170111526,136.3153659294443,130.87547560098943
241.66255173113115,353.89096519778315,137.2033198773319,128.53012542782687
240.90526923667784,354.34419126205876,138.16142073059166,126.75799111457947
240.16249993189928,355.7304211462656,138.65034905629713,125.05793143924438
238.22604510177584,357.42654383370655,139.889162094077,123.2663353019953
235.88192577836398,359.7208350853708,141.54472118310042,121.07079536305875
229.35820248108215,353.7826447652474,142.2073382564849,121.47530271991936
232.13094056121543,360.7608439019464,144.20595665874882,119.58190131084035
235.07560017541044,362.2472491546665,143.83513632791127,118.32317614589994
235.92647059692405,365.5309080780221,143.52384667773995,116.39179217522627
237.56126372508933,365.78104191929265,142.52411711276983,115.10100489753903
239.23235681116634,366.0260349197183,141.27278391646115,114.40029515384498
241.408941439437,365.7381164510903,140.47707496799475,113.98873167854147
243.58007016590454,361.0620801280267,138.91637674395682,115.78834842256916
242.41278148815076,364.1661128937638,138.67982310848234,115.25816842347412
244.68265007522672,360.1163640246643,137.45400643222465,116.61869969667677
239.00325548681093,354.9678507629568,136.60766789299177,118.2598653192128
247.43488876531654,360.0649765089306,136.2696622612735,118.83339889959194
241.68810140868243,354.20049713421787,135.13836667424877,120.28377698342898
246.61617381497393,352.83305211574566,134.2860508640462,121.28932980494986
199.533537266084,297.0450735051265,133.33125255069322,124.57733078839524
190.3678152708905,291.7916616425878,121.68950241876578,134.33121731578728
195.9355873150165,283.0542388243179,113.90300622975997,143.6307795203203
199.68131477845026,273.6422040520268,109.12311751268552,150.90334683711933
251.02973830888797,339.6319825436216,114.92584320571638,144.70446764933985
255.69472500527198,348.5483006533991,117.38540628908362,141.32848693210414
257.9579111522569,351.12375672803705,118.9970125488858,137.86018136070152
256.16006856825277,352.8419114298884,120.26776514166815,134.6617193447895
255.4904659451254,350.22137469431317,120.95960082434333,132.16035640694335
253.69422470651816,356.14164908221585,121.7846026897567,129.76048050558867
253.6254754724626,358.295145666929,121.54705347415197,126.80496555519471
248.6128255599575,354.56727746096055,121.9766940431807,124.8254612215872
248.39936194762123,353.37567819068295,121.55957562881518,123.73358141779732
247.6409278868816,360.2077166881971,121.55862398806453,122.31751124344774
234.3522453456129,354.7225960684716,122.2060173756556,121.9217437243538
234.70319310318393,350.7134273624256,122.28763606215468,121.8916287591264
235.19830619748086,346.86387232428467,122.39830074842348,121.83771854884816
233.4764017690855,343.9198955042036,122.49044029369077,121.83018821836819
231.15831151362872,340.0710544340026,122.55749992066268,121.83707684451856
209.19361188405566,290.88499202653236,120.94499091564863,123.89536651541603
206.96480330316507,268.3799208420364,118.83774058093937,126.35869110486698
204.41101458276495,261.96645197865126,117.45996073719368,127.71137040878565
201.86046725705216,271.7752575624828,116.41488334195786,128.90987366678183
176.8126124988662,302.41795925790586,121.61281911565399,128.14714865117978
174.64686725353593,316.35990721491885,128.9429789922246,126.31031465731984
159.513096373062,321.152078310514,132.12682248046738,124.2682116552775
158.9273612282275,330.54704638211365,135.083410992373,123.58193228087708
160.62657132740625,321.3835244892676,136.7455982273346,122.80474518583185
164.14465056716324,327.20695330221906,137.7233252458675,122.30393419841761
171.8588674314239,311.09694803618976,137.7792064358642,125.3543490120925
174.2608296507109,312.65543019315186,138.61207274970118,128.43026199080134
163.58039827743224,305.6408027562997,128.41037636845084,139.27459130832278
168.045536577494,300.07538939663846,120.50915965525968,147.71597396255126
171.28955652555956,295.1179249177625,114.40589414601136,154.67160168701162
175.67818721022354,287.4943245449126,108.7530565189777,160.0348216816737
182.2632497013206,280.7071997380142,104.25093938743058,164.6299853732294
192.20072914120976,273.31623040329623,99.35569871596522,170.20239511963067
192.10636757577245,269.5522486753933,98.8127801370353,171.94236419067087
167.38770040705393,277.70002061277125,100.2199669219821,170.0989601703461
162.04945095058778,286.7325970438151,101.31360107356186,167.81734326559496
163.1175239555752,296.0649885364216,101.79213988376222,168.94357399803326
162.43700723600645,287.011897421084,101.53110348723686,169.73223036506107
160.76414878907985,291.3209469087905,101.33835249702634,173.79592269518994
170.29160677547267,285.68594994974427,102.03485749897213,173.49315317028928
178.7955063659361,272.92803041154696,103.16789884844081,173.0814657726849
172.98911075214596,280.38358142705476,103.71264541354549,173.765156107697
170.04273526930564,272.39355623248105,104.9979997765955,173.32696690333864
257.9354264502663,324.8487121251622,113.76152183361953,163.9107118196365
255.10068352032454,334.6066123107032,121.65523607561364,155.77671019275613
253.4339444096461,330.87536090591135,126.69726701513304,150.94646359743263
252.4308273190802,338.2916140672703,131.39003870046102,146.03574262932892
248.5100431315323,336.04475590630017,134.21718179784682,143.0398697369443
250.27184721814572,341.08680966668214,134.78731742573694,140.94830066832873
247.57478471315738,336.8755974388135,135.06805914256176,139.65972086686398
250.12058829627614,342.82683635957255,135.07338391068092,137.73732935194496
248.28738879204187,345.8581149429758,135.0313779012967,135.6518379867589
248.61764373310996,348.849539543557,134.6352862635224,133.31356342777792
248.26063063120276,351.40686364026,134.16297642683998,130.60899542884516
246.84852512847854,346.17510630772006,132.95818238162923,130.08106836724056
250.6821659480558,351.78954567599965,130.9025531167423,128.57809218805443
249.25423423647595,346.22580131877174,130.01475132154874,128.58651275675825
249.45665686412212,352.4527538887062,129.07950549204907,127.4189635891794
251.8007481294307,345.8059171705262,128.29979931412356,127.5545492951317
251.56632868635813,351.7816667077734,127.67638475368972,127.20469664397704
254.8409157392423,346.001919706342,127.1808576892422,127.23990628404691
258.832157827327,352.4038017791346,126.947307305187,127.15615766427965
262.1158058699957,343.5648006282056,125.53195347296244,127.9346142965819
265.93135859028433,349.8112165119258,124.4515973342956,128.16281753280361
267.7751175589356,344.5279071400587,122.54007775095113,129.15634572325422
268.4802047118926,341.33177881345614,120.80653948524791,130.2605073790532
269.62367540023797,347.60700215550884,119.33638600709762,130.63056717230384
259.8828700842195,342.65313198560625,119.21789326083868,130.5440724733517
263.41685213314173,349.012336304542,119.05723631097392,130.23303535647634
266.5358909373777,340.6685797758505,117.13593640864829,131.46727464066592
258.9845658596776,350.9741995168531,118.24369730471008,129.12462990048198
258.36636268039274,353.0272167002877,120.39942990906451,127.14216955209116
263.75496180470896,353.1568668399293,120.13230722958502,125.74052646694554
263.4991149221777,351.5256602053865,119.45398138710351,125.68354562439784
262.47152801005615,353.22338628162095,118.81876843919088,125.35584821741242
263.7001903148729,354.04057746660135,118.98163564207272,125.12446691747411
191.7168414828272,280.9629334962499,120.08599810108595,124.11553977028642
190.04196746704096,274.44781020157495,119.23362296752778,124.02703006538579
190.34142543527054,269.5700281710199,117.29861622792225,125.36368696096855
196.13338199471926,271.9423794113459,117.84749367451555,126.47805287402383
