319.5,349.5,45,82
317.0754217471757,343.78565509837637,46.027927763049085,82.97489246285419
316.4912047177466,333.50223257694614,45.4317636907275,83.44378370932796
317.82508882290784,323.03867077427395,45.48818285451999,82.70758868063908
318.28021553174256,311.7375847831401,45.83036464421756,81.70592460333648
316.8036708529884,297.87279005587203,45.71440726596231,81.68769987940584
316.13131062187165,277.604341487077,45.91363946601931,81.04408554238653
314.9308822977422,256.8179543064104,47.01700539829765,78.95050477066312
320.71644635322684,241.32903656420376,47.4155332779289,79.7364132988996
320.42238513491634,225.06877213911605,46.65257923082345,83.96655404177523
311.9994194984687,211.75317270129955,47.56408705706349,87.7875817900889
308.07289921996255,199.8811931066046,49.001991276795536,93.08549224290653
305.1930201371806,190.86654414993274,50.564982589026854,97.70266075408958
296.2625312077976,180.91815418108084,52.224792387490126,101.34824478420063
292.7923862906825,169.64935466877102,54.035449271891224,105.77468543784858
283.7212818469178,157.89795719051992,55.10108955590502,111.14819267462424
278.9519525858241,150.33846657001214,56.71523712228192,115.36384502007094
264.4314228431834,145.4470310761898,58.944269630024266,120.31062353563918
258.26511986799,143.26601616431697,60.1094380270052,120.26720969101939
242.19750805891647,149.32186290133268,61.785026864268474,120.9221139647907
235.11699191398517,154.17677780769165,63.44791214332787,120.59770971969971
220.7939102484404,163.93760384522474,62.66135147539397,120.2643587310593
209.00692903462271,175.5885095460296,61.039371977980494,117.11072924473278
197.61906385289222,189.3756555947067,59.661753418712024,112.79883300614327
189.06196730314187,203.17558682276854,58.53281869533675,107.31234907479984
189.62922040927094,215.45051425539427,62.272261533981904,98.62565529658451
185.36608780514013,230.3804419530067,66.14997432448845,92.65075244652563
174.87695921856835,252.56308204727338,67.16221091352556,88.16643462981847
163.89295916609225,275.5147650305556,66.49135031596307,85.4426150194551
156.26358146199564,296.90511385141,64.82533536893168,83.92789714459202
155.35280461467647,307.22261904789235,64.70000168964579,83.2574405846352
145.22781877927545,325.5812485403899,60.19064070358747,84.0127806291812
143.71785463758516,334.46729926377884,56.94931324584867,85.28033868252538
138.03056691975107,349.17040089525017,52.14955129443189,91.28887693569598
140.38440966724846,354.144420048229,48.536198613653724,94.95806809140817
140.98811171178016,360.8566452208565,46.32572560064011,96.66585422686614
139.8454447721774,363.19038229236173,45.659993224276185,95.06172790032291
138.62352050957014,366.8516243381155,46.40544816619295,91.10502130133848
135.32477535515704,370.7531997417757,51.03355428159874,85.5306994010311
141.42766523077398,375.7493307063965,53.962765222503535,81.10212908784783
133.89368721033537,380.8700625298383,56.33565195033148,77.37630474607897
158.24670594085546,390.12142372564057,59.758463518832315,72.77212094395206
167.92877420340704,393.88367388152153,61.71306020906117,69.61440425111707
168.69542226640664,395.5599493666347,62.707685759697696,67.26520389639214
169.44898580933665,396.405355379627,61.98187113950539,65.76550672820042
162.4450819132009,394.7318084067886,61.36764390522663,64.30698572560452
169.85811502873122,396.9204808288331,60.71106753470062,63.9003242177734
169.65006308929645,396.87969167596884,59.772392646938094,63.207039161189684
170.8128505283815,396.9982812995461,58.792879117683114,62.508826241940824
171.22940250127834,397.3402391182498,57.78674291790879,62.17899312930983
170.67598561586823,397.76196995808834,56.91341549869604,61.92752692730919
177.36848303522356,400.40063914198635,56.12323686787115,61.96894132516867
177.1494771292011,400.102834955569,55.49927558497584,61.732994331487234
176.79019400611799,399.096079791508,54.816106763774535,61.79787659163905
191.36142658564626,403.5410704024479,53.69393007212525,61.10336427234709
190.7416218059587,403.0250124113806,52.51771617187513,60.915407985041945
189.9073946453663,402.82754559963143,51.48634592145037,60.6420035481612
189.87360280831913,402.85292324241874,50.357130555704025,60.39536300665379
189.94523483715804,402.67590315087324,49.20293059543069,60.27399737748138
190.9390536753838,403.2686741540944,48.22654234200623,60.00104778208023
191.79959461903428,403.09518219009186,47.271287395241785,59.76346511691521
192.64719162357756,403.41257651708514,46.31341923330408,59.65003405884915
192.44865703945405,404.4047885364916,43.24826391806111,60.33666939007719
192.76519204829478,402.1752633711435,40.89488535812809,60.87309179490057
192.90485826258868,402.78177895510436,38.59347370018541,61.68820617866041
193.42839524673923,402.46195824055485,37.284463395128554,61.60285348477733
194.1973292418608,403.1768630869439,36.197754256270514,61.33169049476566
194.152871095063,403.216881107589,35.37716738795896,61.347940318186254
195.08852375800998,403.20827354144797,34.67504412421404,61.236147961979256
195.4504528455205,403.9820343001626,34.2065236345396,60.5355641605572
195.56359757972658,404.7744671930712,33.7903709164679,59.96764218711034
195.8301630990735,405.39815716326706,33.28723945428304,59.54148383676069
196.22797993871987,405.4824444104185,32.84118877493501,58.91811010759071
196.83132006216468,405.62669288279267,32.457667805484505,58.75495170232357
196.56914477541991,405.4566547917968,32.1944327628623,58.53115179188132
196.52336501304634,405.87191558514075,32.03893985650285,58.403351860562225
196.1683964370414,406.1764836060897,32.0075810747893,57.8662333020776
196.12478472075455,407.0207743591187,31.946335118878018,57.358482632315585
195.6993987452965,407.2395214094611,32.02144744903226,56.876633951288085
195.31607830419583,407.36567522716473,31.966185460101688,56.44430695211982
195.47528061204116,407.87639612911664,32.00860250874442,56.016129131942506
195.70715856173055,407.918312851306,31.855657592546628,55.71597874916354
195.71761346693233,408.731181507953,31.992273306640087,55.55145240197974
195.39042446165666,408.3695542565518,31.931190957141236,55.3940555499925
195.0707731629302,408.11333700488245,31.896507834913322,55.25375017086191
195.3138068491764,408.3864926549153,31.93635060150484,55.187371536621235
195.52302005101,408.7054631393675,32.000663258954766,55.16515054175777
194.827995695062,409.17648524099536,32.09426219038667,55.213570608616905
195.29644704162752,408.8341228782146,32.03244306296753,55.200607291060905
195.08029826197526,408.44009515280635,31.967089939345918,55.18740614483531
195.28472224424587,408.52294482455716,31.891055207941804,55.21647184757257
195.52209172230062,408.49375391064564,31.845637302476263,55.210632598728374
195.75302890850682,408.4996184904356,31.849808697132687,55.21782613690114
195.14530422595234,408.6300404950365,31.883148587105847,55.311425767216164
195.50619494096173,408.59062596761885,31.83722321091623,55.30466270116566
195.85567837461647,408.5525050047335,31.79516825318701,55.29621869781673
195.31649283180198,408.6127309576504,31.839401851404467,55.37948269753004
195.2372332864136,408.08822015686343,31.76622065591205,55.337720703065244
195.333912855997,408.3948662762248,31.891176128657058,55.182730485369156
195.35921665280233,408.693602752175,31.95036401601293,55.083187940992715
195.36054804530585,408.9763199116355,32.05840907281948,55.0765171261001
195.38919379395938,408.19444116762565,32.03079646785666,55.15206536653062
195.28870577077288,408.92971116160845,32.10135053301414,55.04521098647528
195.591646575825,409.0030074247262,32.03376299982952,55.210455835403764
195.5354926276245,408.46580930301656,31.910072429619568,55.24046759930037
195.7143427407116,408.6034018269979,32.01573215541835,55.250219009210056
195.4618533009386,408.0512450868374,31.964944273661395,55.228122243635624
195.48196664846972,408.7356911025638,32.00189572901459,55.107308320016685
195.6895397083133,408.7412835828698,32.002926792717076,55.180754534207495
195.40421840572031,408.2135959330126,32.01171956536828,55.18058664964158
195.5581426610007,408.75500813060194,32.04045133129675,55.192171243415515
195.22126040583743,408.1636983513288,32.02118059668159,55.22108234401503
195.1686879497255,408.8094498246459,32.12381664812553,55.08533467882913
194.8851943244438,408.15992649813677,32.03593046796,55.075191416190364
194.84037399368034,408.2452012678614,32.05996100382601,54.97653767727211
194.9212799901517,408.1682415370235,31.974149142549955,54.97849879258089
194.93350865201364,408.01942604644864,31.992880558394063,55.02052950012151
194.99990212362508,407.91837160919704,31.99808042418649,55.034422388730476
195.39434652557333,408.9850740984875,31.991032957970795,55.294730407586144
195.1017640009292,408.1583553267761,31.85043885866134,55.29405763854707
195.15982293461846,408.091012146226,31.845839486067653,55.30407660846628
195.21227846743764,408.0413750751338,31.830943354969087,55.298443156029506
195.23374103299807,408.0474624297126,31.872095425631844,55.268555090108705
195.30969395621742,408.01822018089877,31.92345596141061,55.267409484327175
195.48012866390627,408.10625224812,32.0195272160463,55.19591943416666
195.5221620650314,408.5834265679742,32.1718890322271,55.14606543766958
195.1614176869228,407.93280686896907,32.17999870338044,55.14534973180558
195.2200697726133,408.51657376856656,32.253969398461145,55.13967449126542
194.921954349504,407.9868246343268,32.19853515316514,55.13278462955696
194.9559717435833,408.6201552862663,32.275474730836976,55.09391344294169
194.64466249026313,407.8746017530862,32.26740826566793,55.08634337478804
195.27028375562682,408.2904037009164,32.4192724243937,55.009558335843906
195.29741934185057,408.72589770959644,32.44714072907994,55.00295032050556
195.15339082054535,408.26701984673855,32.321537752054226,55.1611917144037
195.27470863801284,408.9783136424104,32.353123954639834,55.22559958166292
195.09857065675263,408.348624289667,32.30031086662886,55.33868595831517
194.86272335076256,407.8565638587853,32.2825454573516,55.3645210711199
194.95094670880576,408.4737680559182,32.4122060537061,55.317468075986014
195.3326664657701,408.60845763102526,32.40330293008198,55.189146193556915
195.09555996176596,408.20593929641757,32.31237837295432,55.182949878706246
195.45509572060848,408.79792420879,32.29507906825141,55.18436075121183
195.24462947027376,408.0876325521035,32.074016377346794,55.20026166674239
195.4713243228103,408.56339158072404,32.0503382823525,55.105605796886806
195.6805512092214,408.61123396858295,31.994789773431066,55.1244173863586
194.9893651192275,408.2888652947518,31.945981237857943,55.52601408124503
195.4048107839537,407.80412580655377,32.010670676990756,55.39071822491566
195.6397931847367,408.33985988081287,32.01383616116465,55.31844648657663
196.00583085589153,408.6418996520393,31.911680705444038,55.43038860111376
195.91097271670236,407.6737759358824,31.744609034021863,55.572360034358326
196.14409561742528,408.0093034799448,31.67998058077017,55.54680220871147
195.74399271128925,407.77815246297246,31.67343675114696,55.74629451904053
195.99837793740326,408.23591450254315,31.65954146175883,55.57996124724157
195.96052255831353,407.2789386002965,31.568712342285156,55.630489704261734
196.0664480326238,407.8971261642657,31.5219605376465,56.038339458449215
196.38445809084686,408.11970398145695,31.605708945370345,55.99370456600633
195.33520174506407,407.02288888517995,31.608959586307257,56.16804764918527
195.99024734078554,407.2073894798894,31.630880690587293,56.356977406116435
195.9551824366869,407.75197497035805,31.709071277275758,56.51300586708898
195.5895773019947,407.36468840724103,31.797012484617948,56.47659879255543
195.93851778083916,407.4465184161474,31.8493471765338,56.27326695881094
195.62888922635548,407.00722690077384,31.933644432805714,56.33680206980789
196.16948545798573,406.9777554558083,31.940110732477034,56.263210440901105
196.15754934647828,407.1983601829141,31.874787987149126,56.60394573842889
195.90399129131023,406.9321754051114,31.851280005859998,56.484456725842705
196.31634656480605,406.85918443324294,31.791792783167228,56.31842391099285
196.33361753636052,407.2039714054008,31.71866837724087,56.57312391534652
196.0746169036256,407.1286961995577,31.626180155062702,56.49775239815017
196.3443430841926,407.3131532019237,31.377867277380588,56.749071094719795
196.34363640673251,406.86433463092806,31.181890806122183,56.7247237429785
196.54414063382524,407.10041727049753,30.902600788416283,57.01082342269805
196.53044237020745,406.6780844830889,30.860700255281433,56.79668210130558
197.22460313773738,406.86285717334886,30.905670274672566,56.56873354471648
197.00352577295106,406.8363084511712,30.848529709960353,56.442220677086794
197.16980944650538,407.26731376357634,30.8996452992817,56.84195538594798
196.98768505300856,407.0860315752342,30.868291442785498,56.8966448744506
196.76408717186177,407.02533658907146,30.971211104682,56.947075621479115
196.9300463102572,407.274716442673,31.089890918778153,57.077515359523645
196.8948918319814,406.6975803106042,31.146022817437725,57.11615711619204
197.19318918467852,406.6555030952013,31.197290188802818,57.332023775057735
197.1268410002067,406.3017876254951,31.21552792974765,57.23717697065371
197.14521315284674,406.793703245852,31.15700851849943,57.398605944745576
196.9342466167315,406.35899183337995,31.184450961295255,57.372767362791116
196.66322284076787,405.9808113790102,31.269412695170267,57.30347161907997
196.53676690649962,406.37212259315186,31.248555959905072,57.333086155499345
196.25563015188428,405.930915642672,31.190883346966263,57.24242782564319
196.69811030779903,406.4171173994938,31.159539451591087,57.3748819951813
196.17722053759,406.13987549061875,31.082506430974,57.1978470675091
196.13513138327775,406.2284482443296,31.046941079506087,57.32577297360438
196.09673256661918,406.46340707220276,31.025641120231015,57.43797603442985
196.48786778541827,406.5444050397039,30.97366115514029,57.133254631745686
196.44700922955724,406.8387528402319,30.87939918904638,57.27357575193837
196.3171797266185,406.90007270405385,30.900151438880414,57.61331372152378
196.69722452961003,406.91366853596656,30.856703378193036,57.24101733352961
196.12678377144036,406.6075738235371,31.039926544064706,57.06301445234682
195.85958702823234,407.24073789975705,31.20959548380986,57.09192312584989
196.18142755692952,407.1105722621346,31.362080429165857,56.64765609348518
195.93961895116698,408.0934304921961,31.576080381188525,56.40732112693074
195.53336884173976,408.2598082696661,31.749436179419206,56.130713147369136
195.8194814536468,408.4458362885542,31.828586249336805,55.844937731181204
195.7357142862793,407.79646441198173,31.744156581224132,55.791055875881895
195.97490486492507,408.5262838209847,31.94266657202296,55.55860349929738
195.97338943324203,407.8542028565047,31.87691487486172,55.50161818189673
196.10256272017543,408.5087843203867,32.03544503429799,55.288772426183115
195.01400619240536,407.79091544450597,32.04614096795093,55.380938157413894
195.05916469433237,408.2466772270572,32.120714670636076,55.36046564631231
195.19156767820007,408.6327554133051,32.19576094656253,55.29217849741111
195.0843589200634,407.79978899799147,31.950848529907795,55.33050112143442
195.34496073438916,408.2100936713586,31.978553730945272,55.26159032826233
195.50323494718916,408.63761926718064,31.98426094656731,55.232545489519694
195.46205485083016,407.88876644861756,31.796673789260105,55.2299879125345
195.697567033897,407.7125922379817,31.746055138830386,55.308755901868025
195.44080516189942,408.73986971598754,31.78375101007243,55.631030093195285
195.39505867927156,408.033183371335,31.840029577271874,55.563780014098235
195.57927456524246,408.54753680724684,31.935555800506368,55.45169411204694
195.59897006707854,407.97741483978916,31.94057745817804,55.42234924271722
195.81925030301866,408.60627887606535,31.935164688991748,55.46550362885169
195.80294981477982,408.11746766425324,31.888886323986284,55.424684256173165
195.92729389785126,408.84212596081846,31.970174239691573,55.39694738163244
195.83620800900383,408.39419266950756,31.97541015091135,55.323864705926795
195.78650868554297,407.797591301828,31.937656334635328,55.32122386390092
195.8949446687637,408.39428058690083,31.979451956427805,55.34042502092811
195.7948802432218,407.79838123553463,31.866403281514465,55.34205546213257
195.94505307214297,408.37889490561315,31.870608450221646,55.35595154192782
195.8265067681616,407.7655015666962,31.80470326045682,55.36455410625929
195.57673912700767,408.7257472505222,31.830985233037943,55.718961506078635
195.43076325620427,408.1851321269439,31.82920290100583,55.65371691497829
195.11453129923058,407.39804573189923,31.901858739525238,55.63905363119222
195.1558515398392,407.83127071142434,31.985245834039215,55.58687005579002
195.06460825318283,408.1533456023838,32.06524242927694,55.56836030854661
194.97883233645678,408.5157573219492,32.14002656897104,55.578573778996066
195.0002235908558,408.3868273783522,32.17157661034107,55.45682163759121
194.69813225160257,407.4805448276596,32.272714922010955,55.456733912667204
195.23109710421903,408.1907100802818,32.3805121330912,55.56722604211981
195.50296304419115,408.11686368000164,32.46667802641282,55.44494177973961
195.01596686406646,407.84147346215644,32.4204350865981,55.46108851935074
195.2505072338071,407.69778463655956,32.43504258239972,55.3105578787278
195.87792162156592,408.2768376608467,32.435614583745185,55.341294126753866
195.39337112984015,408.0683842925194,32.38660743769535,55.43960843424739
194.9120687938187,407.82219664157,32.35011494129272,55.520127204049366
195.0242573280946,407.76512993869954,32.425035414120806,55.31802837555066
195.6230998961286,408.46931692096086,32.49984244838667,55.37183884019673
195.18838549113747,408.2510126404204,32.46993980790662,55.42588127707678
195.27613528460813,408.01793540028495,32.52346083141694,55.21987811212218
194.66386908262035,407.79786860282286,32.543905978007274,55.18382426927354
195.07913415689046,408.33505973772003,32.69287320257112,55.205761674924815
195.15681673183957,408.16580553897,32.69596518286666,55.11419305607125
194.51034582416744,407.99609086247995,32.669814009243,55.24860187703936
194.62533790523565,407.8775266038492,32.717728844175014,55.17595644253197
195.03035987540306,408.3738535455314,32.73683254073059,55.27939275673072
195.1606597227646,408.2266521286036,32.71947126530185,55.15515083450771
194.4867471798451,408.13821475172415,32.730881894773376,55.18388514291492
194.58102492264024,408.10087503267965,32.70291738565976,55.14700229170635
194.61637981886938,408.15544748876385,32.63053273283488,55.11494915537253
194.65540321440673,408.1286783320934,32.54284687232217,55.11014829760185
194.57355524922204,408.0902483695907,32.56442457222947,54.984627222684466
195.06839417441327,408.31137644078126,32.65869414196726,55.077709839725735
195.13644714925456,407.97129619685336,32.618281288803175,55.095924805749945
195.34954040365392,407.6965300340487,32.49886376360698,55.12861792514053
195.487233722112,407.94838632915594,32.54243180308053,55.29168544910003
195.01230588425747,407.59162563319563,32.437942705497065,55.51330329754833
195.69655779156076,407.9847601769841,32.44561739392698,55.89369177699564
195.9732060070536,408.2119247110316,32.4402113876697,55.84653130588354
195.20797975423022,407.1482955642531,32.41505931625193,55.98338821222597
195.53596768891853,407.25425308377334,32.39449834527087,56.02423516301734
196.0321180801738,407.29993943230545,32.35024406821153,56.13444352683947
195.94192080042802,407.09357678509025,32.202827535564765,56.38963578658762
195.69330818006262,406.8366799713672,32.10235349174206,56.640391434431
195.97667495457367,406.74516001318557,32.02363225656275,56.7760577653912
196.15837390034153,406.8639095039987,31.953074011366446,56.961669000620944
196.3211964048243,406.9744959785109,31.903935128327895,57.18562854556934
196.12438091454482,406.20543029296937,31.776540749256267,57.391593602527294
196.22125983105627,406.2495458072628,31.81868334810475,57.51619772191741
195.87128230502165,406.1041111833402,31.911976484394877,57.392551057229774
195.85029028384074,406.51393169012783,32.07930793242876,57.31775185769559
196.19463458779356,406.62940026139256,32.275473820048475,56.97322673221353
196.31809143633978,407.18852998780665,32.43584372710108,57.04074911589508
195.92269429140504,407.32729887715095,32.50788342741293,56.93084010231267
195.49135823250975,407.30106312388676,32.525478805415446,56.89134577702487
195.85411855997756,407.2482177183359,32.50317470321421,56.731746148997615
195.45725417632093,407.22831836220143,32.4367543254011,56.641809123227674
195.15684078709793,406.9099815718173,32.41971589903602,56.64218112690472
196.10036649500205,407.13397794549644,32.47511154953484,56.666843437453466
196.3622764325217,407.50274925490146,32.472947830081814,56.67773118992794
195.48027738245304,407.0705065753396,32.46993226120517,56.51137925161208
195.70148713093684,407.3054081042394,32.515688245795374,56.64234440231616
195.73090237613073,406.66615260974567,32.44079061932854,56.69366787699862
195.85738923723446,406.91491732173,32.444381782498965,56.79162586882049
195.89473459182415,406.92097331931086,32.369278201869605,57.013654612503636
195.49988104789483,406.8422200154892,32.323177310621375,56.91590683229144
195.52810588870761,407.3618353790197,32.300566780259025,56.83749576684778
195.33472536398665,406.98978861035425,32.312860277992726,56.736809693544686
196.13519941156835,407.49665500150167,32.42516174700016,56.53099730757788
195.73600861754946,407.29286347199104,32.470529903012064,56.34029582403855
195.61300552590183,408.00273570280166,32.57613068471981,56.18299383201418
195.23473506489938,407.79730101578076,32.57756396550464,56.04860283627829
195.44820010376722,408.0576873437847,32.58706294131396,55.889743950707626
195.32652655509662,407.2510938859906,32.405781721299036,55.84306524854375
195.6505933190595,407.79691630728036,32.475051366819905,55.6735708390278
195.12491734718736,407.78391826652546,32.49654472139184,55.71672479367632
195.34968023009648,408.3689856383771,32.57610471092181,55.51395054649406
194.71758913077173,408.3252568093679,32.59215503834788,55.50620736785402
194.89588363629824,408.52885016907993,32.63339335454631,55.56264637751391
194.89569197621705,407.7856124877088,32.467906708559305,55.67662155905806
195.09934488894564,408.1126131658545,32.43478766713115,55.80384534762979
195.0229607585822,407.4856796564394,32.46375724457235,55.861344029782416
195.26261105182533,407.8628767199223,32.53834116431166,55.825409568591944
195.62357958911767,408.3629432132706,32.67030172089534,55.79723170245885
195.80784396943338,407.6072820621851,32.48936043008014,55.862101744612424
195.36922023147693,408.17974165751355,32.492468835482164,55.90535823220874
195.78582583804916,407.37456962532286,32.426983507252075,55.82465260157521
196.31055455244092,407.7809703987636,32.43370977426175,55.79180727627417
195.98463016264768,408.21512663970594,32.449636837158145,55.86252591850446
195.15191988429814,407.44465696164383,32.304217502423526,55.87847245102795
195.87177405451266,408.1467416410707,32.400039371535804,56.001445497684166
194.96166040834322,407.4805667134541,32.46761354192642,55.921511097889564
195.38734470482188,407.8442471336977,32.593215681181164,55.74431626825904
195.9005070147409,408.1255924965336,32.657625304736065,55.703651902622184
195.53846281030948,408.47770925678014,32.65331276793547,55.85816228815015
195.76241227723546,407.6903001364311,32.56030978344723,55.84981822110902
195.36023198659458,408.167582548271,32.59037074314691,55.94195280214568
195.5176827919271,407.2511431536352,32.47317061644684,55.95564526157568
196.06464607630434,407.5883833076038,32.62957616477302,55.88836837761536
195.6536281140052,408.0755268922739,32.643501613831205,56.00555633740275
195.94609299943374,407.21476762224796,32.528094915216776,56.06288077039896
195.4443969808649,407.8279367776003,32.630140090038374,56.09480723973874
195.20953175048257,407.79017966754435,32.703540820053895,55.92817031868399
195.63635572986928,408.2865376825326,32.795555180940646,55.79451570867134
194.79791965352024,407.6904145865468,32.71199401740797,56.026043566921786
195.49634452077626,407.64690642687236,32.62788711221875,55.86525990861048
196.07714605187405,407.9929533846162,32.63327301887232,55.876563565163316
195.75693921969048,408.39748332855595,32.62362698322724,56.07899998274954
195.66946818210383,408.3520366668098,32.58364788196701,56.135012079523406
195.64249967872178,408.31819225457815,32.56799981126655,56.18308163282756
195.46029212706537,408.3256819609296,32.64276244780535,56.16534203333326
195.39804885319788,408.2847912448271,32.64928088331003,56.20846942871832
195.34284312040143,408.2977073383613,32.65809375829051,56.240466945785535
195.2506169720436,408.42920732717164,32.680173793720414,56.210588646397994
195.01106010188718,407.38858387531974,32.49297776011127,56.137580875190295
195.49430957364518,407.9822733688925,32.7037963167097,55.90514351840826
196.1491444818293,408.4169374690305,32.75957175657467,55.75456031134213
195.30644278681274,407.85362834132513,32.68736303742357,55.87379355126515
195.85303744706002,408.27986905029894,32.77340059223416,55.68914540195999
195.04652271142,407.526347059787,32.64765278366036,55.78417823643844
195.5642419865154,407.9115213061886,32.675252105784004,55.614796674024646
196.02234599593717,408.36548107838485,32.597985780246454,55.47685797746768
195.80437353372278,408.31699869845426,32.46957968243173,55.615118582390465
195.45865387718808,408.1636336079114,32.455496935106865,55.82361776823835
195.6736741958573,407.5205570384788,32.30034725703129,55.908165467917485
196.11019755544714,407.88493304395763,32.378781701353304,55.71787085060597
195.7177096531279,407.8052632374796,32.36753863392147,55.86691284568699
196.16358868505634,408.2318606410939,32.45256020978551,55.695366352457626
195.82110202043006,408.10135324328195,32.43347524951022,55.87373061327284
194.9092263806499,407.51599554008163,32.34352356428781,55.98656585648079
195.37268039179938,407.9532302657299,32.40879064422275,55.832232332384436
195.6707371403611,408.35417172591565,32.530906142899305,55.662889995623544
195.8083617866671,407.4583883281937,32.43009665305314,55.69920788683932
195.6596360864145,408.2358911627263,32.53614965647027,56.126773819641706
195.7837291481157,407.56971573189065,32.5689735349657,56.22107338603253
195.45055216557697,407.5461480408514,32.74509091967134,56.37428643916214
195.01217431343468,407.6640326067081,32.799707241593495,56.38294607620276
195.40901773434774,407.7408867054469,32.832658740717406,56.31100878308731
194.85868101414138,407.9886561180329,32.89567384735179,56.23001614960765
195.38872786432384,407.8670418297624,32.86723200150193,56.14444583603479
195.10228454453642,407.6898082988884,32.73572734039851,56.18444558687731
195.694078519678,407.55232816552143,32.600480664376846,56.023175551754335
195.9934539576741,407.9885533477807,32.631454529366664,56.07900822299099
195.67845530638053,408.0152110621716,32.61100756277354,56.02422774091153
195.63587523693988,407.2193312419914,32.477702552252204,56.00036080770931
196.00905041994935,407.6284330585712,32.52541027072118,56.01290150066441
195.37767821759368,407.955355335118,32.56704290098795,56.11695605311963
195.38777572481038,407.0967594769275,32.54330994599462,56.18250115542589
195.4048132032051,407.8630740075972,32.72400845042787,56.19137671559223
195.03256676547502,407.82383725839696,32.88482027892523,56.19747695045485
195.54224783675397,407.9338851059839,32.970721369552166,56.019880927902534
195.14074520711068,407.9005454147922,32.85220556121942,56.07629686915536
194.78873015544008,407.92323421298727,32.740481131746606,56.2311830561009
195.40205134076615,408.05166542164966,32.69187545085279,56.170815739631905
194.93860727710972,408.0452825619966,32.61678732656343,56.3127570325255
195.37655249715309,408.05973007483135,32.594519740232656,56.26812410820818
194.95888206864595,407.9644505313078,32.56942922412758,56.30528311683937
195.4352287162958,407.8973488307113,32.56796275931038,56.22446775389426
195.0233978406828,407.8205074762135,32.58442372108476,56.26850366570969
195.54386625686007,407.7628973048722,32.645787771069706,56.18149224359886
195.16323808896647,407.7787980154116,32.63634991063271,56.24944714532117
195.69625957553512,407.7231717646147,32.63317279080503,56.07303746863698
195.3937279174592,407.6328079665203,32.57800725849955,56.08083248471233
195.71659868391006,408.09961251369316,32.619943228229964,55.97232566001618
194.6602569746225,407.3978530268109,32.62421557312035,56.010672247611275
195.58252541521355,407.9153982779616,32.67149065883433,55.80442599455843
195.79484044001202,408.3454195239963,32.71063117760819,55.75484496403291
194.85609377026213,407.5047768048531,32.69293356289964,55.79928362154236
195.161769820142,407.919418215009,32.665596296113335,55.76542693152544
195.42879142742396,408.2932681963909,32.674745110548784,55.70086897515884
195.33901529775918,407.62036054261824,32.605390966098355,55.59479727117613
195.4047553714328,408.002842458575,32.548788706715364,55.48137061920959
194.84684173557693,407.7314928138009,32.404289473719764,55.62867111315302
195.1312090870162,407.6021810783009,32.36872523249588,55.5784697469453
195.87948071331897,408.42115201892193,32.397991863961686,55.751256058032624
195.1776625899257,408.31477443656087,32.36985039506527,55.81381769541381
195.48578263679926,408.2895678679732,32.309835183920825,55.82712316004692
194.89994396193129,408.1108796261484,32.298768626681984,55.892304204357785
195.12557984909685,408.1732757349216,32.20510159440103,55.76194822849766
195.37438968574526,408.336187180414,32.15594196358087,55.639526411326294
195.54933479802662,408.4998281319012,32.07401815847649,55.513684961881225
195.23310565089426,408.095598711901,32.021446946057914,55.52290845794862
195.1634336897287,408.7534341745639,32.00118417321387,55.53574209500078
194.94250373278535,408.3572689477335,32.012063464332144,55.51282531097922
195.606038781081,407.8816057081083,32.13236151272987,55.505386819927025
195.76080228596425,408.3296370935958,32.24831308057716,55.71962149043447
195.27851561591743,408.23018068018905,32.379699734631835,55.731539705031075
195.7247533260642,408.3375584464438,32.56425509226955,55.59295206146096
195.2650417434809,408.25083343655444,32.6006787180608,55.638799697745355
195.43359587601643,407.381469959481,32.530029977621254,55.71188093331767
195.65304126936766,407.53391244070787,32.5114922161168,55.780370164770744
195.84722143167585,407.55965893767706,32.54485242606345,55.81468935951731
195.25971817168093,407.4690364754548,32.54875642224961,55.97854831316066
195.56560956786373,407.4568186126286,32.59068524687695,56.020707941873056
196.17145352062636,407.4238801563275,32.36102791185871,56.03334783723104
195.86041773624123,407.31284306803974,32.12311699008943,56.17454034368931
196.30529150307626,407.46058201105103,31.964162038454425,56.16964904843361
195.85447015635663,407.2703141798413,31.86437863116284,56.38147939645518
195.80434001315015,408.01505923722556,31.83623194588272,56.69956391147035
195.79258583865024,407.0601593043135,31.880374443152444,56.66311441148788
196.0904036424755,407.42607908109034,31.93690615575335,56.54545232337302
195.46600378643893,407.682307185562,32.01778515917021,56.41718476646825
195.63583272100803,407.92576604610105,31.982509495041494,56.22075016249383
195.22966017312973,407.8246657590448,31.953124294186313,56.29521036835921
195.51994365410619,407.47392117657245,31.856363435701333,56.23993893607498
195.7438200542984,407.0929451427651,31.770645432985347,56.20119749172679
195.54966403068113,407.4394710933954,31.600627182749818,56.43652166907178
195.8748758399862,407.07553140237445,31.626449968787462,56.29833215148217
195.8256082748987,407.43873732676536,31.52801642430272,56.46422204096254
195.39722873432737,407.0958198022602,31.471295819662032,56.50238282744924
195.8148216837976,407.57404478400605,31.56267157433563,56.683678601987054
195.1561464213096,407.2870262554048,31.6954297330931,56.74439443831477
195.2652372063716,407.4142863934809,31.787218929274957,56.547886632765554
195.3256949946665,407.5908732824266,31.83008851227305,56.26667559142111
195.5316200026349,407.3150919205183,31.99964818910054,55.97843855346554
195.16223061307278,408.1147625864072,32.049119099744075,56.10414779026843
195.3647391604613,408.00613472735614,32.11663576742198,55.94687697786624
195.6465685936242,408.00805734931663,32.21356933788666,55.96021875561799
195.0543084001651,407.9028888935203,32.33760138156608,55.902141736079315
195.34098946641845,408.5836891741816,32.41656368715444,55.80408418451471
195.5592411287255,407.9608297434797,32.49759974452125,55.813354638745395
195.93074833527453,408.47364030284734,32.6438910422157,55.76777454707921
195.15586502499065,407.4679494023402,32.74695589772307,55.77235045133442
195.65473364553006,407.70348304904417,32.74811263285579,55.8099841843661
195.1587185830456,408.004148656404,32.83846765272976,55.87879752759935
194.83343439760188,407.68520538023563,32.85003077983903,55.88048698978719
195.462439419293,407.44203188295035,32.86575983595934,55.8059886689014
195.5364992205381,408.135836251302,32.985057366323566,56.107545285973096
195.21285869318496,408.1178520190791,33.08124227969152,56.195759996905764
195.46151543669535,407.4278732687866,32.998097657159335,56.16568903984924
195.8539106326534,407.9932012577758,33.037440065345486,56.08264334476874
195.44488007806495,407.88434926399367,33.07019835670084,56.289548831482215
195.57679942536643,407.29603739032365,33.098933531326274,56.264389040957525
194.98938639880922,407.6427526042866,33.11482749463513,56.388085900419476
195.31713144893868,408.0445131846933,33.23416362299481,56.34489100589481
195.47977551378577,407.32233310919764,33.24514704753229,56.24824649914076
194.96961415018015,407.5730293686685,33.21220193817278,56.286444875375125
195.35972048862806,407.80170794219606,33.2123525229766,56.27405678635673
195.71340894064954,408.03285410000484,33.18313658437633,56.23744221727354
195.1166009302157,407.1892773478384,33.13500474910387,56.21337450349717
195.54716711560525,407.5830394491327,33.06396609828403,56.15158286583488
195.08769855355007,408.04535791342937,33.00331179316082,56.04083275851144
194.78383688917938,408.0060091708949,33.040269030555436,56.090338831548735
195.26419418596794,408.0044028149869,32.970022855576545,56.02594150305764
194.8566169335282,407.9705293969687,32.985818277280345,55.95173266539953
195.42694708839943,407.81822077499584,32.889356361359624,55.90315364603187
195.1967161353298,407.6978118425658,32.89467427936637,55.97467943346982
