649.5,116.5,64,112
652.2679995136557,114.03730777469741,64.00858047860908,111.227078366926
659.6762156772107,114.03658689010659,63.68154615412336,111.12731242530506
663.6085029104798,113.98188386655828,63.261357216149754,110.8861695493861
665.1499225228463,115.75566106830408,62.865487271659674,111.22723409196995
665.6247915168128,116.98198427296752,62.3117656728581,111.32549219504844
664.6502316606241,117.75085073242032,62.09716120119955,111.27333745550229
662.9804951719926,119.2702994133853,62.11776506454014,111.71958900028008
661.5879096831827,119.62033023920822,62.45442944845588,111.93037858879234
660.2212168758047,120.48147294141238,62.556331985208956,112.20426370516648
659.6123745973732,121.75355277102776,62.46698836767153,112.37269998557194
658.7332205280682,123.36046052179022,62.61759603917191,112.84706159281168
658.7846314147808,124.7379914459303,62.571986238519614,112.59536573803126
658.0499185750786,126.14106809908348,62.62656525921759,112.22317501526678
657.7821408485933,129.22215012137855,62.15098871031131,111.98538269003697
658.2657126590263,130.3071778987146,61.81208674765588,111.25284918908343
658.5726730224044,133.49921904924022,61.439607673078626,110.97787867392088
659.1273066949542,133.61249449227037,61.24645155882925,109.70686486862537
659.3679872227278,135.20131813122975,61.196558125800536,108.9028690952232
658.3342593312088,135.5907276675024,62.0045168623679,107.6189920917316
653.9585094629048,138.9955049402183,62.36261449936657,109.47231939749605
649.9180780733689,137.2648703392283,62.02237475463461,111.27437899044438
647.1064261384757,134.83971047137692,61.52273236206135,111.99646910807459
645.384943995271,134.77700186828656,59.986152008883536,112.35787548254164
645.7555312122322,141.12408335252354,62.84894881786562,106.70578528704746
645.8992467447237,137.81063242984354,64.37457136082334,101.96629022841576
655.6734108081372,145.25278217836635,65.49132998021213,96.61971045793263
655.434124722855,147.46088612293266,70.64209710850972,88.94472518881034
655.0188169158986,150.0242915512478,73.87609716952024,83.1469435346413
653.9363237053932,151.9449840642285,76.01521621405469,78.77720410232315
652.0836576960813,154.59498514940913,77.23360784876716,75.80444168377768
649.2331337286587,157.01348924793032,78.40369236274461,73.39109638765994
647.7115164225984,159.32532804211715,78.87129011115677,72.04320090759319
647.9794290792634,164.33865326626204,79.96858104309658,70.58651009980636
647.5969052028988,166.9860936508862,78.47087101765793,71.41237785045547
648.1327512825086,166.00875531280678,77.90109896246511,73.7849855468742
648.6948194593617,162.78441854949278,76.89780905163701,77.49699859300289
648.2164813165382,154.99436921125204,74.75856858923717,83.97348532337841
642.9648217091967,151.6429293769079,70.6087439211687,89.67931214372764
639.0789121371845,151.46101656221708,66.81792573609165,93.52129076345045
634.7483147198118,151.67174606821658,64.215789157568,96.58476560460088
630.2088854898581,151.85428244608536,63.18709127439676,98.22171416157691
617.0638972208396,158.65086641132967,63.61815248345427,99.56593941956484
616.096111891483,161.93237422691328,61.21102504493835,104.02927380975993
615.1277577307079,161.9951868623627,60.79721847772515,106.54353444126593
617.5658935720019,164.43983216650508,60.83693714776783,108.33523929730607
621.6959181646006,168.40833403958138,61.6792248461153,110.62149547699579
626.558200878533,172.96189872476924,62.41728873648802,113.04326243840714
639.4239757082498,173.51237028237915,63.36175302358738,114.73198430693674
643.3599702400971,176.23731770053135,64.80983613396505,117.91199040294437
647.6075264876082,177.67095412888943,66.15692296450447,121.52330803466204
652.3646196807135,179.71955137886295,67.77131762535203,125.31323854997376
666.1138744110224,177.37890106485202,67.90143212713659,128.37328699884984
668.5527887090976,176.64712859528464,68.97729835139017,131.92690003986755
671.547754586151,174.84107685949033,70.6319903536922,135.33694384017335
675.355582864367,177.521332248698,72.50202391414236,139.75479247490497
689.3636455186576,172.27910464917866,72.83057366964823,142.25422417540852
701.4314335040979,171.64904778949386,72.95404234598433,144.02313112960326
703.3667491836753,171.56745872590076,73.08563543217252,146.01890782379843
706.8567942919248,172.23664730489787,73.89282529837617,147.2042983755363
710.1174416018558,173.28474920648813,75.09925904536593,148.6606181853318
713.4659397222125,173.07887877397314,76.26982891335606,151.1308352600023
716.7034545586282,179.22657935213408,77.58591452449079,154.04568209714964
719.3713787544434,185.60521075495006,78.96687635930095,156.45182852461093
722.4912329037635,189.512863726062,80.6007704509499,158.23961477599065
726.4817472630846,191.9686170637356,82.05399542493481,160.16301181768443
730.4941876033256,194.55137721301244,81.64897062519009,161.668975512661
734.4628177482045,195.91672027991166,83.09620607060064,162.98415253041287
736.8758577350969,196.33516593627456,82.89551805695984,165.43681843623872
738.057029780444,197.5690116927454,82.85752551541425,168.32633755943593
737.385178713764,196.4408902450038,83.69526551536653,171.21845782575346
734.9073294286794,189.50337833325932,84.5512846154737,173.6086107385979
733.2933847797434,190.82996192839389,85.2630391744236,176.41304128087273
732.3937023818916,184.64888810661685,86.51259111679079,179.03509569322563
730.3935779887297,183.17303462024495,87.43938504624214,180.046323387405
727.067725585261,181.46980988112787,87.60644830120813,181.27433563266794
724.2080990893093,175.94268838406737,87.82042842781604,182.5232960340155
721.4828051285181,173.357313288497,87.97261451681783,183.4733583589453
719.1486509535631,167.75635097569045,88.33924659338177,185.2084040935672
714.360909665564,164.99746698211862,88.79425626135998,186.67667113848063
709.8131155016046,164.77539675909918,89.69486587528964,188.2972778110973
704.3627236560889,162.0151436944127,90.82964405026893,188.36160909000634
701.8236508717466,160.67705488380454,91.67600241421098,188.4725823292799
699.3623441691041,160.43528225026773,92.57225101618187,188.55489967510607
697.4473058170034,159.58981070171285,93.19156092808566,188.6547104890051
694.8400129157136,159.2175713550123,94.12864657807735,189.5242814801986
692.5966173729272,157.86340703092011,94.75863925323462,190.66456701562817
690.7122634296717,156.52784047759528,95.83214264336192,191.99296685830842
688.7267098161687,154.99610597217458,96.87048629386018,193.0773191909119
688.0510045173838,153.19099660900542,97.97100779874626,194.67876482879498
688.4332040634544,152.32740329614893,99.19028585542418,196.5608885280964
692.5442836970599,152.36881067078767,100.76643209968768,201.26340979642754
704.8822324758507,155.9399971189103,100.04814181139325,203.45535506119302
731.8161193752616,168.09530211463414,99.4218497935773,202.31664486527754
745.1459512841982,182.56697082551165,98.1260432449912,196.97051355924523
773.8391765722336,197.39044052202902,98.59035408249464,196.59699831477002
785.0014133348785,208.8256922394631,99.02696034541287,197.85638532179638
796.4213881627303,214.14715199779744,101.03181545350313,200.79759895332108
801.9984638955282,219.71733156415348,104.54622592333224,205.82509031499376
804.794652606441,221.10092521410965,105.64346470481472,210.14221783823206
807.6089633554618,222.60254440086882,106.6169287971357,213.33770135039487
807.5672424765752,222.37968073901726,108.14665914057164,216.87779999291516
809.8281048941983,222.99570730744517,108.2082539693269,218.036952643718
809.9575911038503,221.28289203097017,109.8749080663651,223.2049406891149
808.7217170284431,220.6857614729044,110.87977577646757,225.94662171090897
808.5791583637375,220.61957352977106,111.6796627792261,228.2012545914231
809.0906059855998,218.89060332931345,112.3937418940602,230.4695014222013
809.4521153491212,217.03965711192126,113.58510347898343,232.27868972776662
810.6621751383196,218.18038979721857,113.63820377210763,232.00451805834388
810.5066996446202,217.15844385948492,113.99144332737735,231.0299463222084
808.8283797639074,215.5312993356602,113.8800175885436,229.93515480726623
808.3255151829193,214.149442538764,113.86874011485385,229.41361106158115
808.7804741132803,211.49705815335324,113.804066423367,228.60139641870637
809.320707656089,208.32898615875519,113.37460991065987,227.61759793353727
810.697561171151,206.98233090061603,112.7407466019255,226.48199666850448
812.6819370043034,203.0096968668683,112.88073288117735,225.15393595487208
813.7267946207164,197.1663340259002,113.13694631732741,224.20649301193032
815.0609778094433,195.36236884572446,111.77455275443334,221.01771145058987
816.4164495901008,195.19984687919833,110.6031077606996,218.2591231528835
816.3688300119052,191.1185732708564,109.07440752214015,215.86488097137402
814.7829527240348,187.737494012835,107.29012314600706,213.33944946056135
807.2636931765743,185.2815326360716,107.08346306459757,211.03493582797972
800.0781594557202,185.24446722160292,106.85089757936476,209.83188884624812
795.7594938702465,179.04780903645872,106.28067393311247,208.41499689591888
792.8954564881333,174.87086924811967,105.88709132581783,207.33342782605155
790.3333240245897,172.08542221756872,105.213845152136,205.59477303232558
788.715015889784,170.87709940347588,104.3217645032598,203.31074984871316
787.5636293921178,168.37879280848995,103.14377477848413,201.3766965919992
785.9183558835239,167.32957193128902,102.3674997436701,199.44204775497042
783.7338026163338,166.503780934638,101.46850601636193,197.4747032231565
782.5416530602688,168.1250433928077,100.9847795871866,196.01579198861032
781.3891692067338,171.5653799708404,100.63281494028323,195.06367384429416
780.8726510992942,173.06407667681577,100.03379611098815,194.26307184278963
779.5318971958243,176.05220175590375,100.43019225220227,194.3859284732489
778.8940964241679,179.52163989017524,99.55380218975648,193.81842633495495
779.0442857982273,182.07049997171902,99.10684210478172,193.00243682372283
779.4677659811853,180.31006175643478,98.61510998412416,192.04818555730037
780.1637700872503,182.3898187113807,97.91709730736767,190.84780741820626
780.1291988468229,182.15155026018863,97.54503777353784,190.67272393255942
781.5060787296975,181.2964343702232,97.68058479146475,190.58217529695526
783.3548295888987,179.449111680542,98.06902438775958,190.67364646672297
783.6280302978801,181.49171221948666,97.73177684550555,190.73804351047673
784.1809881375921,179.18458435305564,97.95710480030533,191.4818611444313
785.0880400565426,179.90763748433235,97.65982032027642,191.06084426500314
786.1071055019152,179.06896837102707,97.55394684339524,191.00802833492884
786.7954094102056,180.85171546393084,97.09584600675684,190.2827245597353
787.7652716615635,181.29631945958135,97.12875522348529,189.6097835730434
788.2553969569374,182.35366289866118,97.00029947164282,189.27920068448483
788.3021456286016,184.93893164340244,96.77457527375165,189.21316825710565
789.1147146491753,185.73457178518848,96.70726279794224,188.41105430482475
789.9256915847965,186.67321093232215,96.69608928501448,187.79209348110794
789.8035797107696,188.2843379691583,96.23058139463681,187.32004850052957
790.2637607013551,188.85758479446434,96.13952571792072,187.06397683649735
790.422349735936,188.8742526668155,95.82195545159303,186.34585656020167
789.4353832469734,188.7878785232753,95.70341659152076,186.0578025604187
787.4988159036108,189.9343224873055,95.58676346124473,185.5255402331732
788.1281288056388,188.41899381176944,95.82150890543403,186.32315677461392
788.3938466571674,189.17190079719305,95.63076491785571,186.06298665790797
787.7451359502567,188.88531218292442,95.6035298451658,185.87683748807257
787.4611589451225,188.61048832386342,95.68010316390591,185.9942979469973
787.0330631324206,185.4538719965887,95.73015555858169,186.9868161278224
786.4829597484326,181.77202589232775,96.09810019200565,188.22032702378328
781.9379511919085,172.13965488396184,96.7799265778199,191.22320723936764
776.0672212412143,163.0702693828826,97.67788443453058,193.22064752253195
767.5323522104778,157.67676319966148,99.15937615048357,194.20250794958216
763.9447665006002,157.15082399253967,99.97567754078929,194.10778254111761
764.7461812974996,161.22550553087012,100.07075765978209,195.1880976184484
767.3591047977159,166.5239869806416,100.34643749192989,196.09748142148115
767.1116053587634,167.55256734193668,100.74656011026936,195.67368931022673
763.6354109652216,165.50611646154653,100.8151317014609,195.4536800373767
