378.5,229.5,106,188
377.698185631675,228.8300204672094,106.78305166653297,185.97858468737684
377.5795656829275,229.5579736211253,107.02009450341805,185.58877981139165
378.1541546882977,224.6244323011726,106.85853493902783,186.94778292248847
375.66871989929655,221.92526479416995,107.21493260464598,189.79746457231224
371.9098006278625,209.7654911735484,106.99296020391053,192.31353166523988
370.48857094595957,198.84133549594588,106.84772268165385,193.06724806500063
372.67677915743525,188.78646895787332,104.40309589531438,193.1880933542805
369.4924633228146,178.73835133107556,103.03221607468757,193.76483169015142
367.8383186372182,168.27432392065697,103.4278007396884,191.93855492224353
367.4095348237525,157.132898640729,103.58616928615257,189.1763062236766
363.7454366031032,149.4386548272116,104.72447248175409,185.40950706177097
361.8918888491861,141.97635583199673,105.47312530159999,180.8049874679722
358.90757382862597,135.47895549661726,106.64576392197446,176.910202643736
356.0833857324007,133.13812676301134,107.26735569441152,173.6543024136517
353.9089802588438,131.56505485419535,107.7569494746246,171.01687784902052
352.5764816813817,124.63137198612026,107.37805758383357,170.43780288845437
350.8419604303601,122.69895661846739,106.53600437130774,167.93702302424228
348.86943988540685,119.15099099900101,106.28169939569291,166.4714222426062
348.39463365375195,119.21763545729235,106.07735139261791,164.37783681437344
348.94479396651684,119.41974593143104,105.42358581531542,163.29756168642763
347.53613793582156,119.41297767701458,105.27655766674508,162.8238962065635
347.8671490954131,120.44457741897726,104.10298092756764,162.5427250400896
346.81470908837906,122.21069024901078,103.67607855294855,162.63721957007078
346.7217404636947,124.31487301845486,103.47737674778047,161.682123941995
346.769223207286,128.060347747665,103.57958022176514,162.7369432213677
350.2631704503802,131.2166327263742,103.31789537607968,164.4862962909879
351.6955052087144,130.33649212197622,104.21016360164458,163.81354093400319
351.87343370247834,134.3814051620882,103.83304974445788,164.94386770869863
355.62804713017,138.6741826258999,103.63112870191021,166.2344610049522
359.4254905974792,142.60728016102593,102.90975451219539,167.68064100336468
360.99670942881534,151.8029385795653,102.66662839203411,166.28669583986994
364.2491364875674,160.6040819321263,102.28797113579708,165.4712934426093
366.57972543298325,169.75792751373768,101.53337512362752,165.58449880953788
367.9634915519277,181.24889700139937,100.4621509025156,166.24468973228576
367.64859484181414,195.9781484395838,99.10842751041824,165.67682330000872
370.0480723467259,205.81305294347834,98.0326578014217,165.0578031716142
369.72706446784105,213.5901909135278,97.5003184099223,169.0358205512174
369.18855213046277,221.4638945353314,98.33335857914474,174.05241133922638
368.40793141244825,228.70392711461187,99.04206178713876,179.30369612573384
370.4737006943524,229.32513697593816,99.96982126181325,183.47193142474876
371.5032724306311,230.01158484712664,100.85373437266024,187.31017869918696
371.63219509341593,232.59056699831092,101.29461695284093,187.73761640868977
371.78049863598676,235.71032136032744,101.39060545686016,188.09153868059784
372.66932321529737,231.6069606180989,101.27685333574505,189.0177182682349
370.3926371615436,235.98308715529237,101.54722306669628,187.3100776015323
371.86475897963004,232.09040102489885,101.83267975744283,186.99583857997067
371.29666938131163,241.93497529882603,102.14150285399722,183.7181070395626
372.1048557936788,234.17928251059902,102.30960106426667,183.41749520238136
370.7423163094621,240.55576491403704,102.58985724446143,181.42800009155025
372.87543777387,236.1543771308161,102.93192024673705,181.04415971408346
374.38083320876336,240.33703426638735,102.02694574123855,179.49814275663113
374.3847250384503,240.44045899636592,101.82969608226146,177.13333788857764
376.176506178237,247.9413888295796,101.48983716801393,175.12811175181338
375.8319664159558,242.77398739317354,101.6583207844115,174.35858170073635
372.96621657705214,245.15581147223685,101.97880113696236,174.33553794324447
372.61060387123234,241.79322522210128,102.0123607189434,174.12046862985596
371.7197740789437,243.38043113979745,101.2623475873799,174.8469957821956
373.5566392069375,241.81975670205753,100.99461293876848,176.09874722267784
373.58855406819805,241.54767156608744,100.8797030862068,177.20711968406354
374.5594071593485,241.61082643359356,100.52707902575489,177.72743403733864
374.4348384983946,240.88209917043966,100.44420503541645,178.28086807538426
374.19192829451845,237.5656361424135,99.80382107171638,179.34142503277323
374.8868379225897,236.41659885771372,99.33366631771773,180.17804926380919
372.41130548678916,235.32000701425065,100.1638925471984,179.69343491797468
372.9038943822749,231.88711166525738,99.95207220718896,181.4185200304815
372.01333603797264,229.79511951225317,100.03508820972027,183.4163792964356
374.16394269935984,232.40961933860567,99.78989943833747,183.91012410860486
375.07684414426024,233.95729883508625,100.10261082885587,184.476218362714
377.0558779855308,240.14214309079756,99.88271973055849,181.94034828696036
375.72895006173286,245.15064432881047,99.48130562156565,176.91908431725165
374.3004549285688,249.67097381542567,99.54627747435012,172.05875180581322
373.87604418116786,253.5573518336357,99.18523816745513,168.01438169468616
375.48288284829096,256.2933416398365,97.81218898033423,163.90693765242915
374.9683512803347,256.76228802185165,97.13144877342755,161.43516918458724
373.6541029781512,257.49631239821906,96.14144943663251,161.44314803977016
374.65413622607076,256.0858206550107,95.91180313446549,160.30317137642186
374.83608757660994,257.73094944545164,95.8860774587052,161.23426065070367
375.51764906104773,254.78136638402822,96.21506288254507,161.51463567018746
374.0246761800206,256.20628786617425,95.65012606670324,162.73157804143614
376.053612921442,251.83275725846502,94.8197451547376,162.78241885890537
375.9376537855522,255.76620224662173,94.272585717796,163.34154855117103
376.17201705130356,255.232311167401,93.98781905782384,163.61056469265233
374.859052645103,250.5201787185355,94.1820764892282,164.45722529656013
375.9649869957459,252.39517390973324,93.688342548799,164.73535066352377
376.1755557758449,249.40183586515357,94.49748491108646,165.87925426885744
377.2421064221978,252.67135867379537,95.6744202776213,165.7075587530448
375.4189349193191,249.2959708853608,96.52527349532332,166.61141240913759
375.65460570776565,248.3965519454395,97.18893536596286,167.8147929735352
375.04756608875147,249.10606902765662,97.60025883092378,168.44873637105167
373.9336812837026,246.51529004505653,97.91360116059549,169.61487962143863
375.3379072857162,245.86975408725368,97.5649975604989,170.25148520603923
374.8566112444783,244.85027017222387,97.79438223836118,171.08909316804923
374.3880651138152,240.82759837919556,98.56411005137858,174.16378322017027
375.8161049835393,249.99231474622485,97.83685073124181,173.53598584682948
377.99646538646033,236.45989389999028,98.31364861741635,174.96039136681327
375.08365334407176,230.24925806001835,98.71985532090682,179.5716154202618
374.60423090132355,226.09779562283535,98.93676358235311,182.0864538802906
372.8006993210063,224.4005878202793,99.52234832845213,184.8868673577553
371.18451820295974,225.268932673062,101.15049077027182,185.6671113317706
371.3489853469705,227.52866113704277,102.24231830590458,186.0335153237614
372.24810784287433,233.6142621141434,102.76581823292011,184.56603441600794
372.86661368294244,234.04376259194598,102.14206354369341,183.24938506391078
373.8134778563122,235.83916210895882,101.19270272491566,181.99057698714523
375.62366696354655,237.69433330106312,100.19427990519186,180.17435589218988
374.64572050196244,235.684086872622,99.2161303745942,181.52538535299968
376.12625841327394,240.2765480227044,98.39533098400851,179.63765562638233
374.89027302532054,234.9990205183994,98.14416533489705,180.3125331371285
377.34382156440074,240.70958391683158,97.25010116994467,178.40663651909716
376.4844785443176,230.8408572049499,97.78466917765547,179.91628003685463
377.92635414421807,230.78885037613037,98.64202615694694,179.60188789343587
377.2976524056632,219.93457662434545,98.91523738189755,181.8737937038905
376.75264465854826,214.71705883908172,99.39726046546761,181.8276881840249
378.59519067411,204.31373751406647,99.63531253644084,182.45322808136984
379.09297569634475,194.3643789860721,100.19956362081649,182.54443285403343
380.1540836926451,189.218834140036,100.34574829731363,180.0421131985714
380.9296151739569,183.2959558631795,100.50933489275738,178.23721305215014
381.9992156745998,179.603419740091,100.57351447618834,176.07752650163528
384.1661874803739,173.24785383389758,99.93968416114893,175.31200521496203
386.4162872712325,170.3283549879346,99.90021417843087,173.27525856408403
384.21149056218457,169.2762694991958,100.77493887933306,171.87874480340247
384.50357605714674,166.8338390191994,100.9023209265753,170.948735882719
383.6525002324013,165.51701009665484,100.88047188369868,170.95130117943773
383.46697126900807,166.21494458120824,101.016664115247,170.8609995940971
382.357828301616,167.02531746976655,101.04733155599726,170.3217476715032
381.84549726062187,169.9612511737736,101.13476263374747,170.0838653060611
381.2764950873453,170.92646410797724,101.43560102857174,169.4511819236539
380.0553827274839,174.44804558502037,101.40012241539355,169.29179563430154
379.1393604665706,176.61602143297884,101.07021372638937,167.7063698897701
378.8707981248246,179.59942146429813,100.65282170103058,166.9779574118178
378.915509083703,182.7817405385997,99.81567763437849,166.34143482183887
379.59768174101424,188.56397457295589,98.98401008941694,165.57626027119292
380.7655978909525,193.70777953630403,98.06480197796361,165.0864523159322
383.0417822730892,200.3535670518786,97.52479807803952,165.99217152001253
383.827682207786,208.02192139754848,96.58098285162845,166.67760523895112
384.314932309754,214.46657197421774,96.01186143640214,167.76931738364726
385.6183336569286,221.47072858842273,95.97403013754548,170.04911488826951
383.50710480943314,231.21871806277466,96.550495315065,172.81004817101098
382.03159408469133,224.47268577559794,97.50116628923739,179.25797526748966
380.51124379057694,234.62138971806192,99.42647443094819,180.7200430905695
377.4743733645604,229.9022840388631,100.55063413674108,184.13710338314075
378.2356248630423,237.8723820901309,100.35617746164627,183.37526059023645
377.63883285297726,227.96760035161117,100.01604146529674,186.07533462635797
378.97854574912753,239.6444734832263,100.04787050812506,182.2824041742849
376.60921803885327,230.7648899081658,100.20987864702678,183.05617398553875
378.58228675691714,243.8799932927411,100.2752568282697,179.73860301961082
377.9197575711873,232.45156999916117,99.14361845099585,180.0866738957111
379.4464091661446,244.2234722759846,99.52030126114228,177.10885406801643
376.8146428932253,238.3700617906526,100.08777267264249,176.15743853507928
376.9771453999363,246.65483590206895,99.76009823633316,173.12596099095754
376.79381001706827,244.73339760602863,99.62923436938645,169.5712579130858
376.9011612489219,246.75567475768713,99.60813162150822,166.46207900220574
378.0301678064554,250.5626079067975,99.43994890500075,164.13833378247625
377.8910278057101,251.14521770408217,99.34756565103818,162.68090590376727
379.4244185641743,243.35331775400417,98.00215232773618,164.53830447488275
377.2528711740674,249.00498303053593,97.3735774340303,165.8315010214286
377.78431778120427,241.08045361660672,97.03745766059443,167.57371017887687
376.1167421865566,242.35380567756187,97.40740389574242,169.28281488722777
376.8485496067149,243.3371747327605,97.26249914415567,169.57443477853954
378.5577307803953,241.64582099216895,97.12580593665703,170.087130214816
378.0182366017202,243.04927772036305,97.01529288924488,169.86251932877082
378.0245250750082,246.08026146302893,96.78569020073408,168.94392771700473
379.25069939948327,242.46624879917874,96.59028978443477,168.7289584501311
378.4681959432794,243.3419357964189,95.89750851553751,168.8831609231648
378.60593467505856,244.56584773651488,95.28313525424976,167.95849916951403
378.69277952483094,245.61848414565287,94.80020458766973,167.6283679480322
378.32930156833845,246.82747969931324,94.1771781197876,166.77990756619056
379.647734542267,246.53950523192265,93.62934792136588,166.06165870319646
378.24820178013886,246.31555490774647,93.20637946811377,166.74731499289004
379.7428717193701,245.0670567199419,93.79842281795322,166.12866190675302
377.29838525684477,241.69611314889983,95.12172620641336,168.49635728782027
376.6914309728371,241.078022174456,96.49971771882181,170.12042334692023
375.95227124114774,234.3056522645291,97.48483863841355,172.10460866237955
374.4193897519578,232.95479033457812,98.55775190918996,173.5621563729132
374.1906675027163,229.09846636159062,99.01181077351148,175.73345872257474
375.24835205291186,227.7300167272309,98.65467283614521,177.93011680944375
377.6000367135954,224.32358131639967,96.63642862731167,179.95130014255025
380.91429349010826,221.47173550767343,94.42761951154182,182.53114785169282
381.04394338182334,225.78986810310124,92.99505498621413,181.5163030442906
379.23729349049114,228.20448283114916,92.62205143941075,179.73597395402416
378.3689165753174,233.12828005583083,92.81925174669449,178.43634550807883
377.21878470247,236.27756365030606,93.59406395144242,176.06830695987543
378.1584727390715,239.6810448874296,93.46154695187835,174.09577136551115
378.2025081571304,238.89917312973043,93.8029230812165,172.28190896583993
374.568663393728,237.51469992143666,94.57946842772338,173.09344588135173
372.0591841177022,226.8997516455079,94.76337830423796,174.91837798618775
369.65284600183344,222.08005367401245,92.92939182387832,178.5236061626076
354.2980758338289,211.0257107268156,89.47781460617642,179.4660723456976
350.7082972481104,193.033600070506,90.79097678097034,176.25888359361954
337.738866084319,176.90585466556578,87.19949128445653,181.9199110551113
337.1281069337625,151.74749810914204,85.60139493675045,187.30378191332014
337.3752697979739,119.59048658427042,85.95445372075221,189.03004022307312
338.1984210763069,104.03689353743744,85.46197859290396,189.63316557149983
325.3269472012317,83.89030820008696,85.65185055264904,189.5211047703707
313.8469770856041,71.93284541392308,90.0495368318778,185.89353842985668
297.7000342044561,68.05167215563179,89.96178120623455,189.74680682525394
302.13340804901503,59.45911595351912,93.79244505428701,188.96030248448417
302.5734931419446,46.94430638192051,96.77438977473892,191.4877434355427
305.36365124143595,26.810577150063736,100.1968583047601,192.8873544566293
305.5661950356255,16.144696263925766,102.9043321806906,192.46036912807517
290.224101461623,10.649459116135887,104.83662723885195,194.31362494831313
286.8283155128392,-0.6850854341481778,106.97501472250966,194.78112446453068
287.9286430277335,-5.747361501505395,108.20205282130689,193.96652769635205
288.2103379402548,-7.275555066696867,110.28780693051407,191.16740983711097
286.5872471685181,-11.70071585882809,110.8078219872474,186.95756983079724
273.05567255039887,-18.06150639716364,112.33862831271924,185.95287546343758
268.5881410212037,-6.123483610575747,111.89799995723028,183.09241865063777
269.7558992167761,-17.030522203332026,112.62121965197714,181.61609628475873
272.38176354209344,-16.28364309923178,113.65291442510957,179.37312032791627
274.79925479338766,-19.623895026900243,114.36935308798743,175.06278136403932
262.8666364320409,-20.1978271130601,114.5027592137571,172.21703563111612
259.54700709204803,-18.659871571275715,114.52547793860367,168.14577692849065
261.37096580989584,-16.587281774950398,114.82972586812716,165.0384448547609
265.9961818719128,-16.21859407183004,113.81596614552143,163.88281280808593
265.21559041487075,-24.31163422337262,111.78627510292529,162.46381155294355
255.0824489385294,-18.73459446116331,117.60760795184821,157.30027157930618
242.04146917388388,-16.04459983904073,115.37765685186677,157.02261826493162
244.77342714862698,-10.936799821722929,113.61063936276875,156.47251028809632
249.0267500644295,-15.184911926771392,113.36263191312173,157.14383101003406
235.12372620082573,-14.378524057971944,115.95431844953339,152.69365960440538
221.46184118906848,-13.002975863822101,114.307566546168,152.62287084282994
226.3766966863135,-8.390690501932667,111.90847097678787,153.61161322177324
238.0605022640413,-5.769972848166049,111.0180269508488,154.7567664876958
236.15745970955655,-9.922632430537817,109.58453762744529,155.86103489407753
231.93240199695643,-13.11190706352889,108.34499774869045,156.64499969503282
221.3530471251474,-7.131512983490296,108.9003158449696,157.34898833701862
229.88252571883393,-5.956238270983249,108.15435266089247,159.11209638652235
239.30163856985885,-5.921085538699842,108.36092294883285,159.36542161253018
243.02154247426438,-13.697893948958239,108.02194474130962,159.08097233197276
239.16550725813056,-19.409432662035655,106.895970053338,160.46626899640884
242.7378048022444,-17.288027221688978,107.1178877405315,158.3164139434285
253.9074410844577,-13.053132374492392,106.94689291658341,158.1640223203244
255.14917049587353,-22.016867227191625,106.71372401074393,159.76819261776387
258.4574149455378,-17.305087357940707,108.71651878756286,157.84993626213557
255.8947203663096,-20.220879777881564,108.49114987030514,156.40643422228706
261.6694749160603,-15.540062466365384,108.17284766472459,157.7345540853387
300.05841318798645,122.17436424690541,103.73009990505204,164.27561032676584
304.26202565201567,136.93770668212807,97.61166114986041,170.76247526100806
308.23520505757483,121.70936264755787,94.16203409685973,173.31186810309765
310.6678176039007,120.64793100763409,88.18164222087526,181.39958991489712
314.2847936282409,150.75231463461796,82.10834924697812,194.25656515360518
316.2202093356661,155.07255317743736,77.57489830097313,204.41012493320073
318.56601676726865,164.54344295952598,74.19571072010137,212.96498843542975
320.46294725352817,153.1557516570076,71.98821151344382,220.49170713818376
320.0864107987708,139.20192542141646,70.79986863621534,226.71249857115805
320.8273634302996,146.34918839588977,70.19973756024584,231.95127492934034
320.3352793240835,134.4346707191811,70.23519765566982,235.42380012040417
320.3348466342088,143.10591643516887,70.16628486125722,239.82237848212984
319.275700707513,129.46829118913058,70.85281270803418,243.38225498128648
318.2026801038864,137.6583240759041,71.42435252006189,247.8599582201906
333.7710030523315,149.07160812917166,72.39703584680456,251.85144240552557
330.63416532667253,134.4113052368932,73.98372103704457,255.14497909828563
328.7769505844707,139.2549156270379,75.38928807370961,257.04150999646305
327.2173933016296,150.62569851976102,76.1530271110562,260.75199728108515
325.85514835530637,164.9835770818006,76.83798410384608,262.6856599415519
323.4081944052813,160.86187548172563,77.54143227565532,263.77290183341324
321.6038128733995,152.05472129616507,78.72606084654481,267.82974846594794
321.213384572799,164.93244947051278,79.25451359242192,268.72803204645174
320.91095846087535,159.27015682446253,80.63070475593602,271.98955371703124
319.10872507712713,152.7153241663218,82.22550221953841,276.0425860377072
317.00631068709004,145.12595590624755,83.69672633004168,279.20382168047536
316.66568476397026,158.51677527255575,84.8501026038382,279.81478777573983
316.3151603542857,149.88390848568977,86.41084256624319,281.78174853758213
315.3907667761606,140.1728290245488,88.45217834021406,283.19209524978106
360.7753614689531,129.63970164263145,93.64500219925783,278.53616297137944
359.9289357517939,132.21310966457008,97.25734635513388,273.20772275338413
360.52276306186224,132.15593490635223,98.66571243354463,271.62875151862966
360.6329990454894,135.31152139013113,99.6004578754242,269.23077749897834
361.4534028842334,138.46943274323093,100.03739229769816,266.25610841445234
361.67436525645746,138.3813702099779,100.63978277217547,264.9855393452925
361.19782120692463,136.4851949941525,100.9846476117922,263.33127837252437
363.0814459371932,133.31897274989436,100.33766578087845,263.0746267917047
363.3485954910138,132.80876174035106,99.7650823975565,263.8786611067765
364.3775381552347,133.99922314594966,98.99981903929148,264.5578815279249
364.3542061912366,132.78202305929577,98.35035316839841,265.18248918261696
363.9180748492234,134.82635527452504,98.0618909741137,264.05843771297384
362.24292994652035,133.34994883868467,98.02151000315254,263.8815170221851
363.73919497184784,136.1071158733343,97.94476073519715,263.6013257331898
362.47921829046527,134.21500987494883,98.00245337484833,263.86112223694926
363.81720546156237,135.38115362771396,97.96612842382845,263.90694323285334
364.1010812113948,132.00871352225218,97.59376410878352,265.1412109559839
364.7428449847398,129.6069072320617,98.05072091897364,265.1256850094484
365.398023073359,130.45941974718608,98.08067424242948,265.80986758074687
366.2209353976343,130.76255093274352,97.62248942637551,267.18957642201906
366.92124941151775,128.28710028225208,97.1696665648532,268.1693881214852
366.5107442991607,128.90016929627677,96.76637211351137,269.51392403600175
365.94897527494214,126.76053763788468,96.81069392011192,269.8049769131039
365.4852546865997,127.41056666526055,96.63992643094903,271.05895905190994
364.37691184242885,127.34078187168615,96.62070671043146,271.5646512424752
364.06411079376505,127.20717250235384,97.29864421161875,271.77863094478835
363.79937036820564,127.00681293454423,97.58914949313171,271.6223038457999
362.6383752140478,128.03337947850423,97.5621424469399,271.4583695379397
361.8938505039015,130.13543982521986,97.91729492032549,270.1998181213181
362.7342244540615,134.8672719523558,98.04644861512114,268.82657268265905
361.520302333674,126.41615355826099,98.31317315641796,269.0407525250479
361.99680699877763,133.10253721925855,98.0788064782455,269.08383202769875
361.2818107813351,134.57216950953293,98.39662583268627,267.34551258608127
361.23690092050356,138.3723124437243,98.40616918430075,265.7982977397322
361.60365866462234,131.71419185084682,97.96392228317569,266.95381619294324
361.46217205704073,134.85769387157018,98.11268279582609,267.1430761514355
361.21574211486904,137.70597011080866,98.09163465156684,266.131508356949
361.2511731911091,140.22724658733887,98.0280791950025,265.5734844222907
360.07522706850955,141.4599886084154,98.38901525295336,264.5104116025955
360.737472343569,142.75143143272143,98.28734844188632,263.5292942092172
360.45794333126395,144.68489039849635,98.14226067735001,263.5977057149232
360.1496734662624,146.7363711384159,98.0247140726477,263.4979738531566
360.2291654125786,148.4913809135209,98.11376647519089,263.74393741718916
360.1420722138467,148.52788480403373,97.97190305843047,263.76953044841986
360.18507768668644,151.05965694562764,98.03820330371381,262.9989267818397
360.36269789339065,151.80805038840293,97.70693353150111,263.672528594867
359.85821492728167,153.5468857254391,97.96262997013922,263.33675273814697
360.25530658034813,157.11506517114748,97.88332343497947,263.61779277632616
359.62873867576485,158.06690469784007,98.04640985812158,263.2403905497995
360.1387867023424,158.8453197393776,98.06436815200476,263.7337509154854
360.2220047880612,159.67734428532967,98.53974645085822,263.53335848747594
359.9620365321989,160.18478348842677,99.05595354629256,264.20319475623137
359.6799158958159,159.64508867514428,99.69325468340081,265.2089257525445
359.2980872336878,160.43777945311976,100.07555129798985,267.3493232531426
359.044143330667,161.9194700568328,100.55533613800594,268.7547631898205
358.2848275085114,161.65961902676975,101.41163930064295,270.2219149936943
356.45944418279953,165.7183229363987,102.45393336638858,271.4502131604594
355.9533949263348,165.35999437175155,103.39988292766837,273.1231166061866
354.9601883268367,166.89613803028996,104.11422011596049,273.4506722666336
353.5566019366909,170.0808394430991,105.4615211273007,273.290732083685
352.32677272093605,172.38369029215394,106.81173076826018,273.6659225669718
349.9766216423886,174.65849378025183,108.97019904779168,273.80307697001797
346.30702248328055,180.8923576253514,111.8099900745953,271.31262035983593
343.0219713756725,192.02940103466426,114.0879551438154,267.3702290978508
340.6765164200682,200.5722884732223,115.92423148530652,263.5254896821605
339.7754298835563,207.96697495560565,116.58751560321416,260.59181244188113
290.9802131758461,235.23863571558198,119.42950541511885,253.809973160698
271.9777563247894,237.82632713975852,116.8680395701131,251.76602713714348
276.9573915623923,244.46259720294236,113.61642929311908,244.81247008877875
280.1027526768699,267.28636173297184,114.49782477427732,233.80064125454982
265.8497680180826,277.3467086409089,110.70220794072884,224.10642868562405
269.6967189387351,292.41790834352577,111.25116403246832,212.22286411925745
306.7803090775128,209.5645356889501,107.17411742190505,219.015592704776
308.2012168965079,223.78816946369082,105.12073789870297,222.84458171657383
310.42863643882805,240.91228213553123,106.5637059353395,220.84994600301997
309.9283843133185,243.71793070255083,105.00871945416563,221.45626018184697
312.7334125561124,246.40588568664523,103.79887907117785,220.4587562614792
315.520766738446,251.80966845211637,102.13673140788087,219.1587686266551
319.05969608529637,254.61033626948853,99.72624684824396,219.0467966622599
340.77174405565313,259.58301343621855,96.6406022930284,215.23363970886575
347.8806373825886,262.4530234992123,94.41925748028305,211.48198582910175
352.3402283591875,269.5723187832567,93.20339984501729,205.8160909931296
357.35413191733824,273.40550251624546,92.18186027632323,200.75444745751096
362.30195800212306,278.1872261021301,91.53089518713698,195.2944181591243
364.68505928556954,285.5185649626985,90.90745432754984,190.65316282415682
367.6741026657113,288.88669410244063,90.38932039853465,187.50134167655443
369.7772161591064,289.02327354247376,90.11595187884654,185.43224811936406
372.26818162324787,288.5484349815933,89.8138376734334,183.6626042286281
374.26251289709256,289.5414017639255,89.22869523301338,181.3431160086502
374.4673655670387,289.4032702717287,88.63798948161059,179.8222783298587
373.7304710457268,292.0745046584325,88.35334756644026,178.21256474062469
373.6875758657701,291.47115698237707,88.01343294049661,176.86835748767876
371.5050776141169,293.42099330573933,88.02481368299983,175.9780973680385
371.1232282110123,293.000480170517,87.38427474201664,175.34518541178343
370.15407060781286,291.3764101814279,86.79926092886899,174.67005540285524
371.32356636080846,288.0662351887272,86.14295634781219,173.92569362678205
373.0949457110375,283.137926709291,85.15182742907714,175.59325418917012
371.2985875294402,273.81908632746314,87.46005189564232,177.57202801618027
368.5037227978522,270.142600827288,90.15558222589898,179.21980883479839
369.25607739020836,267.1779181485119,91.0431433678011,181.74980519096206
369.3039309979508,263.0351161604665,91.70798593602292,184.50750417971773
367.52360371095324,263.27843036377794,92.67660617011322,185.3854269596563
367.63957831717386,260.96188782232264,92.99614851622384,186.89173916201275
367.9808538350417,259.8662627099591,93.60494021577858,187.17124467295665
369.49835409835254,258.64810423738714,94.66307456922287,187.2620232403386
370.9215677909481,253.33576240291063,93.52946044220288,188.78219660197965
370.83229987476875,251.05515658151143,92.7377470985362,190.6351605831875
370.7191472795211,250.64572009168924,92.32271382143347,190.66310090749738
371.27033373476195,251.12382067202935,91.93940025905812,190.53526382104735
371.1452778311282,250.69403312331207,91.28631692357962,190.028265703951
372.1360117586038,251.09949990678479,90.80666045378324,188.55608404912255
372.3379627871103,250.05642744118123,90.44453773235841,187.50724186446968
372.55886672310993,250.96878963026256,90.3128430519638,186.38626005003152
372.58322852896686,246.8530090548167,90.21370692320902,186.67660473211217
372.85486079836767,246.50652873221222,90.22917411916,186.77676702507966
373.3152196654269,245.09346646060152,89.82360281934862,186.15938294327054
373.522288942255,241.8638361745758,90.04670753656652,186.0346844126914
372.5925929332602,241.9264917254407,89.96098625327892,186.8252439178608
372.67984874076427,241.64451461958436,89.76889020449168,187.15954603771277
372.2791306776724,240.56570449219066,89.37039542437957,187.45480509979686
373.5566102843905,239.6958778331359,88.81913074524513,187.29187887193163
374.02910291536614,237.99331764488375,88.68575868538898,187.15192788498692
374.34026316675096,237.9068506336564,88.59468699052634,186.43020620294325
374.29944906874783,236.8982478209238,88.87840044310914,187.1162257722714
374.38623850716556,238.68588128822827,89.12291578405103,186.33866591850352
374.8509553065544,238.23046230422528,89.2136026867915,185.95344558935224
374.6975972431552,234.8476853247456,89.23036999252218,186.42052523648294
374.8378477533199,235.95024627501164,89.20576309670055,186.20357360210235
375.04403520943276,231.56118880821637,89.0242377634516,187.11341050911204
374.73224904279306,232.12209548140373,88.94469862698529,186.78456931020204
375.39448250116413,235.1306996503258,88.75983627872455,185.93174962897416
375.2450174163669,231.7083298164921,88.32279684525739,186.43418363639375
374.92042018226607,233.93005279222314,88.55218697881861,185.63223720427982
375.53473260911454,232.56231461802847,88.31887153760104,185.7482586919819
375.9783160904291,231.71707387639333,88.12574046269016,186.00200657177467
375.3172397116983,231.91601595533453,87.94441159364115,185.9065241353698
375.6029720362851,233.00616376734342,88.02740820907769,184.78838042022656
374.84340362358523,232.7805764779646,87.90553010089144,184.97373506199347
375.7455930110291,231.85270722225238,87.57741925984922,184.63357623264332
375.1387801520107,231.69841493508903,87.54844453690693,184.68682446272794
375.88485634937786,231.0932978211408,87.37970360686379,184.78458818300265
375.6305100108193,228.43496955436763,86.98168691098365,186.0050661849023
375.5478724548877,230.021957016854,86.88767851001619,186.41790470978916
377.17839780792247,227.24051446331956,87.01588833441838,186.97227875042125
375.30252933019335,226.82494617099132,87.29419203372728,187.82242426585023
375.6083054581836,228.44411712868276,87.19472485789352,187.78113101456043
376.5841497763222,228.02421363396144,87.07771844779751,188.09412914608527
376.19784424700816,227.33604638997326,87.30932580235446,188.67329382948856
376.36243882430267,225.7314243046239,87.32956834131934,189.1903006230205
374.52945997792256,228.09856463497266,87.57009931250677,189.07025107194215
375.97161839402804,225.65738839752308,87.85845141416422,189.68204089806812
376.0045310066762,228.48736960329904,87.92761895226798,189.27459761722298
376.2827582813683,225.94007891154848,87.81681134454556,189.90693258272483
375.3575634695348,227.80974839122982,87.76423864120906,189.67532386895238
375.90829849023953,224.83846762226165,87.80379855375625,190.6777365764749
376.4336675363461,228.16857222651169,87.92785418178852,189.9425275587097
376.37310208935185,227.54788940737996,87.75302327853952,189.69955157557422
376.1692270003609,226.34778595601085,87.67189383549261,189.8111322843122
376.3715252553176,225.70608554684378,87.68920823737768,190.13540561689422
376.0069900612761,229.76229745225208,87.70647775218109,188.96325461415253
376.84425299976584,226.81133583566952,87.7590772814668,189.1183969749727
375.94992038372163,227.67962083473944,87.8127731360376,189.19149003416015
376.5976926842908,226.20704612481322,88.01006071873707,189.93354020321914
375.50545276516453,227.7042324417607,87.89070206554986,189.36573512379806
376.421962930963,225.74030063001769,88.13812153993736,190.27058610919204
376.45329297075483,228.85233381197494,87.84799231410207,189.19868420450604
377.1439967824841,227.7574009748932,88.08947039468399,189.03217537648752
377.4411752373441,226.23109720091912,88.19647681008301,189.5139647386294
376.9371856779361,228.381386739059,87.94851775655863,188.86900146892927
377.04992212605896,226.99043104545305,87.97937028403044,188.70806345848183
376.8992932548995,221.2505674263592,87.6365275987219,190.96677858119102
378.8373972559231,225.05028830557922,87.4433986009623,192.44928510308546
376.7531037712688,227.05297452764987,87.50885713704338,192.29252949739936
375.4287112700428,226.2830604469437,87.42411877065987,191.78493095821966
373.21150120463915,223.6410776212646,87.77482489313599,192.6243604004714
372.62735099378517,228.175659386573,88.71180098487159,191.94835196781602
373.76711114513495,229.4869773105704,89.3205701337712,191.03084419351353
374.21746563042177,229.0040361032678,89.56862350851155,190.75075027926897
373.67099441829515,231.02579493894086,89.84924212409479,190.74786819370772
374.28598894609155,231.04911413158635,90.26807656818148,189.97815364369433
373.4267268708411,231.39023124221572,90.00279565829575,189.9685859721182
373.69745029795877,232.27126422042255,89.54361691546825,190.08240514467948
373.77167453827497,232.6700584380701,88.92926828191408,188.8281866880507
373.06452346566596,234.32233555515944,88.73892815513659,188.06809346575855
373.87034009769616,232.46994432942714,88.6214187075664,188.62298620965788
373.7514557494835,232.7727746392406,88.48116854794311,188.1728399644063
374.07694727988394,234.50450604012485,88.33747149931497,187.33490502137192
374.2642833559861,232.82592617104496,88.31222120589813,187.73853492478437
374.6789269234938,233.13879714687408,88.49830622797957,187.8572281642806
374.1473028722215,232.88632921422908,88.62012745731718,187.72731364676577
373.5790256963507,232.88773251553454,88.84094340526158,187.74086119708758
374.8034729417416,227.21284825104036,88.67580779318773,189.32473674359306
372.796555902352,226.1016178966787,88.70198480180693,191.47408476335775
372.6006135557649,227.29945894043811,89.19741992164307,191.92945949003263
372.3903188149056,227.83049410888398,89.8732353598017,192.3665152298392
372.2629808508525,230.62740659659056,90.74897589123663,191.3988122522593
371.90916134840074,232.89966465019992,90.98534001358502,189.3256615968533
372.62520119096706,234.12531653828398,90.89131093231903,188.01560819261817
372.9005280849131,233.99666796797345,90.40925486350025,187.98763741393728
373.01141221619116,231.0198556913493,89.98016605980067,189.1381241879497
375.25831209315015,226.33727652440865,91.81542829089857,191.73238656388426
378.05400350970876,211.6525045859364,91.42689484590396,190.80169850723496
377.3025084690958,195.64517886377982,91.02520181403165,190.88152023963409
376.10834327591374,183.0119947568112,90.76636094146939,191.50580242451858
376.95272257027926,170.34651664163562,90.45335110628606,192.2087889130485
376.7093266432748,157.39252187047026,90.76975068543842,190.8921919685628
374.18240560045524,145.0061180592396,90.66390429832973,191.07722531429067
369.48948875671255,139.7276559362457,90.26741605588352,189.29601574832785
365.17915040081374,133.0482789964804,90.08864761539839,185.44710132341504
362.21068258974253,132.3246635454132,89.37103316200984,181.20738678716447
359.3052266895482,133.48364268852558,88.47289526070779,178.4599373684419
356.848973930159,134.24968165859534,87.50652886176161,175.88426816739235
354.40904112491495,136.3587171296781,86.23159501088496,173.71695892490337
339.48192131016657,140.14738109281458,83.8558923186043,171.40317508127197
340.72770610787006,141.16547165149163,81.91763931636753,169.14736449738422
343.0967677930636,141.43507814683943,81.00237332589381,166.93570907047035
345.0501903974442,140.7624152215216,80.35442518324884,165.99638864844673
346.7717451694354,139.08015709508445,79.76406427169752,164.94914695530662
349.2046933050715,142.2435955718929,78.40512624665638,164.00588215760396
349.7315810339336,143.0108556506334,78.81455052362007,164.15366721691225
351.111828944676,146.05851852614637,78.4494328149282,164.17737575620006
352.98866336868025,148.03769434349488,78.43945588815382,164.04308837626374
354.2529003226033,151.0205843971704,78.3459213647682,164.0519610360941
356.07176131261906,154.98524009999733,77.53965127758939,164.33218522919515
357.49542477844153,158.3700491050289,77.05974931084926,165.30720470845083
357.54191994586796,165.54989765617583,76.84405841888376,166.16579412043922
360.03689818581154,170.75010763696372,76.50375775793576,167.0876922359508
372.5287794705529,179.84903061871415,76.31700942490335,167.39600319383672
371.50375488895736,191.70144444848162,76.41586144072491,168.04624374108886
371.77917076005826,199.39934553423822,77.06815064540731,168.88979093481004
372.1496763546874,209.22750539480785,77.7148518155774,170.23709899077042
373.64286992827044,219.84363045202673,78.90894276441966,171.4257110742086
372.2482517314054,228.54039960481933,81.10040173190689,175.03869017890173
369.2947534644967,235.83157003507108,82.99538053882614,177.73285574234845
366.8742297329006,239.2072416966564,85.80933840622365,179.4503406204717
365.484653324776,241.1557089501904,87.41045381745879,180.5770314872441
