361.5,189.5,77,213
363.31772291390604,194.57932998240184,74.66327667775738,212.4218654334507
364.32584855736064,197.6209991455846,72.56452590911057,210.9296978948965
365.70594732546056,197.99503791729828,71.21256380362821,209.28220366636475
365.9527157846342,200.0380759063394,69.934862277756,207.4369747990308
366.7354803330075,201.04336877549642,69.21327790938392,205.6946361584474
366.7160210136159,198.50080648884176,68.66499954241846,204.813633812964
364.91089334270373,196.81428581692194,68.12602631139731,205.16357788011598
364.24000746781354,195.47188972457963,67.65925485591643,205.8546951904949
363.80925898067295,193.78288035301878,67.82958834991572,206.51609348836513
364.1371917641913,190.79206245282901,68.46855119779607,207.09321831386063
364.59456170891457,184.11700169631692,68.87290620466607,209.71616125327643
363.68734601430407,186.37146474424708,69.03705378041052,210.5796273349979
363.69044495117333,188.15030131554562,68.62134782738151,210.0503376858243
362.8439000184861,192.91093073715626,68.43193609058316,207.1314533962834
361.95797655411496,189.46536351681445,68.78586386038992,207.49692875264697
362.241406333976,186.5605807278988,67.86949282629695,210.53087553889804
362.65141115887394,185.9191280807916,67.40060564521094,212.71494035803008
364.8401603612737,180.54398457097523,66.81717104694523,214.2358715655901
363.2809977658374,176.20683146953442,67.55449095064739,214.71370178580565
361.49760723696363,137.23412110991336,68.06568757770043,215.05853656754778
376.0588976387012,103.79860788526705,69.59705078972814,218.63112017626423
359.3458899193605,67.8245561451694,68.20299023963997,222.0859298942525
363.7597716559671,11.859604930392862,68.65878942664418,221.4584211299579
383.41621249420035,-20.17027488726248,77.43117386345888,207.20976249134281
399.8612700093192,-26.304067662202655,94.78935747824076,187.8733117100464
399.88739938178,-26.399450180622594,111.41622165812367,169.4265569104605
399.72083843549143,-26.39766519512139,129.97916189481714,151.57758326819345
403.12293668294296,-24.013276592872245,140.79268886487995,138.1351496000721
404.9677159732952,-18.432348888448388,147.31060117803528,127.99869399533969
396.333440847418,-11.36410648535169,156.57360962833704,118.97628198882892
383.8521901861267,-6.263945040594791,162.69423396727706,112.35429223873467
362.11115969445945,-5.155303674813808,168.92678704655887,106.77713311290086
328.4767454958097,-3.703653783775181,177.33450094190522,100.28334942693871
295.39049078991644,0.06019554207522759,183.10723389495146,95.82507015924058
270.32740466991356,5.3579319657977535,183.95832068573844,98.2589676197179
245.814760624725,9.069142164814068,184.42201667406485,99.79337629273019
234.71512646304768,25.073034541189983,174.39807943101323,112.75578349554476
209.92323411693923,46.4026861610075,166.01793208587665,124.7665165718277
225.02764953392528,95.59619678030496,150.94649997169213,140.3192460046195
239.9965150613408,88.78531889382025,138.60811889244698,153.7724196510907
212.5900980799015,84.71561211002043,139.85761362192716,153.85036986267227
188.3225116140742,93.46340990552633,131.12932448693144,160.80067804973663
233.54907982532856,121.96782210461376,116.69869477828985,176.79778169111256
239.1434081583504,121.80678749415874,105.97519654496823,189.57400492661
242.61968806720117,88.57474246120398,99.31535853522342,196.93052815902342
244.9385315213143,90.66678185842844,93.77229155678765,203.8493307961541
246.25643615745344,90.31372852265618,91.37053211136981,209.81954517186122
247.58279393904675,77.69314027550938,89.5596603320386,212.6612427538013
261.23736262649044,68.03156249722365,91.59800945312293,212.9367641856169
268.2988272822305,72.47057166831446,94.44858325443576,212.2185549559841
299.75341267456207,86.1815100727432,94.34260842314175,220.6537834022536
310.0385859851761,81.03251457741123,96.05723494644499,228.77352241118228
309.358622270839,80.97367387386618,94.61339898553175,236.1271314000595
309.26133939609815,77.40916472107239,93.85111098764563,242.2647805178152
304.5842533947258,79.37714847310974,96.82496005719331,244.25516646833034
316.4133031477186,74.65598561929806,100.69268986639321,250.01617603863986
313.7910179066117,75.72895503102217,101.25247402887433,256.46413312736206
312.01996257044016,75.01913977721227,101.44693321958906,262.55174812060807
306.925753198453,78.94255696293547,104.25364000372451,264.5176540750894
304.0787082204585,80.20142310987305,106.56343306563993,267.28960941472866
299.9780340963737,85.23468141396063,106.09398110476417,269.1461465480086
297.2555252210516,87.59898689737511,106.26055551892162,268.3502045055113
290.9667218244286,85.6259023882547,108.59883869613975,266.5102545395297
288.1233979828017,96.154429829621,109.541256585845,266.13239696819846
280.5488675804198,91.89352977605608,116.45744347398268,257.38776145215934
276.1399066467288,93.65569976167993,121.0569090730543,250.65689996983377
274.64604005745844,95.92003508758478,121.1767609535298,249.41995805299416
273.8381726131377,100.06574575422368,120.50763427753499,247.3163385576375
275.2670336639868,99.97589686027285,118.76695650548007,248.42010718065268
276.0866083635609,99.02853944860044,117.51067888315103,249.45040313974732
275.857840721886,112.14843916826676,116.6197772148636,249.9117126329098
276.2144145376111,109.9323464567208,115.74460141974194,248.52851605221755
279.04047107970575,120.86934149968042,114.96844248670624,248.27577421153757
277.90898440485927,117.00999207435882,114.17287263113788,248.42116459431577
285.0414695973361,114.68165158818638,110.36811972207529,254.498098605067
287.6441104227532,113.61966128642445,107.17153009737949,258.54577334234943
293.33476080678906,114.82701353994801,104.35296488686384,263.1619569158992
295.74879599853386,107.44372118152614,101.3607776439382,268.1049523077918
295.4617181885384,100.66113356640926,100.85813112941541,271.8249327214362
295.1286917828156,102.2116603257916,101.11089788076607,272.35504876024294
290.3252423614579,101.52613673807511,102.66503469192625,270.30522467789393
288.5521361321106,102.02688803344932,103.3692855283828,268.6087687647349
287.44130282078265,100.85542561742508,103.48782300255539,267.44561368459773
286.6862037577425,103.27687477260645,103.20438254163773,265.5635184061564
290.3323075736326,114.27420268293767,101.87399741962318,266.6443039459676
291.714042221932,111.041981114605,100.2454346534046,266.22194583980456
296.89225354780996,114.24171174167768,98.00811638702466,267.2269140213892
298.01769156836326,109.48999386229497,95.11975591465121,267.37407136065997
299.6058275685379,106.06180880079643,93.46208890812214,268.16713705937116
301.170084589793,105.19575058259656,92.11365780666725,268.22699452264925
298.2128619945899,101.47556126580417,92.95975697351385,266.9797367808068
296.5394423123754,100.79425889645421,93.0981529346989,265.6129954825957
292.6881588005416,106.80064106625139,95.75586245638283,264.24402520275476
290.8739165967683,111.27312993679635,97.84899058074154,264.8579120551707
290.6848244690226,111.41729086220707,98.67518835051334,264.6999014103324
290.3446517011509,111.41435135078501,99.08291919857545,265.05080612158633
295.4275940213144,117.5150459527477,97.71840994734764,267.49110431084944
296.9679321962649,111.91183584693437,96.1101572701227,267.36800620429983
300.1462782786523,111.46257688787713,94.52803652411018,266.57930760210485
300.8028284621065,108.2779045635649,93.18208487096922,265.81151769872736
297.2853870819756,106.11973782824134,95.30099921310969,260.6662565877705
295.8051592977969,114.81765940732333,97.61829813378495,258.25780776249223
292.3341846402504,106.04463375555706,101.47021177192177,250.12112171556092
305.5577110943721,99.28014084717107,101.77173979629553,252.4439660604701
302.07795953877024,96.56604501609371,100.6708839063396,253.52432647338776
298.8193074578132,101.46720689939971,100.59380959687914,249.83824225450525
295.52952293275825,113.2341677629555,101.19386023344532,247.99527282841908
295.5292675592828,121.37356735929842,100.70736756457325,249.08709627062092
296.77938402081094,116.45301646984133,100.07930389772729,248.20541209982807
296.580378255326,112.56018305918562,99.61591023489139,246.78939015466
299.48958913909746,122.23792342049484,97.6700971290002,247.79130269681207
301.87182060906497,115.38756742705479,95.54801776450458,249.90342596909255
301.30187171428594,124.57697777788786,95.82192205430682,251.97777222909633
301.6347546208104,120.22343148803125,95.76177257235834,251.18136577774266
297.6303060249546,118.63462481257496,96.39686376431408,249.70536079293137
296.3051071221958,115.04936604448574,96.95570835861955,247.68033408625092
300.52502307961004,123.18206184124851,95.72441640655967,249.715725650074
303.29803588019706,118.0951734494472,94.60602170672226,251.5217732466649
298.7896055158392,115.52880633372612,96.36243445646464,248.4209488233219
296.7307629174366,120.18313067861007,97.71080035738655,246.70152590259698
295.33117985416277,117.35664378183401,97.82058965287956,245.0670880063908
294.0972190418788,122.95741239282307,99.34617877126766,242.09194162303572
303.444538447778,118.25575280470576,103.07681766943034,239.79238470826692
297.2868211602258,118.2181726736855,103.57357624966153,239.39653285482893
293.40536116471634,122.22442042744336,103.24397075850278,238.49962935018186
297.368294399477,133.573905219257,101.1817507962446,242.28208600556826
302.0400631691247,128.45527582510857,98.48406486904022,243.87945698411167
301.30375758005056,131.02930791045523,96.64540581021963,245.40746064255046
298.510746996245,135.38612430133904,96.86148669691634,244.42841171545814
299.031285535991,134.33807341736346,95.84578723557334,244.48072147405566
302.49159763632537,133.6465511851215,94.97564483116919,244.9674563839627
303.8304041416832,134.6641968675438,94.27232767502204,244.53516697128944
303.5515657579518,137.11948857730806,93.72069155052479,244.2409942840302
304.41977894617224,138.23186979705483,93.08073576848993,242.54495353471458
306.880644591208,141.142866880251,92.55882575985152,240.37343200931346
309.57003951944404,143.7550662199945,92.03665526144219,238.42344071660622
311.93966516098374,143.95480287298204,91.16330521012858,239.17813327462193
313.66957415962116,143.4686846089566,90.31904655237699,242.22414294834846
316.22562354445984,142.0125008668968,90.12571904963691,245.44763034652294
318.470375507711,139.76196572234005,90.57268849273298,248.11334523459735
321.3196234234268,135.12489634213753,90.09047932054213,252.14706365351066
323.93231184919756,124.12659971222152,87.96162551549413,259.8933498302128
327.1044931527423,112.50574936385854,86.32325179237685,268.456756345115
330.4838677747079,102.42823984523386,84.17356998847855,276.91184519132435
337.66677837545535,107.14520512120748,82.01230429845832,283.05098611917447
346.36406466519924,105.6011865970845,81.05564370627518,289.81751118354896
351.04418906420125,93.05032646434677,80.14669076093232,291.3707733496592
351.5593943446444,93.04836100204756,79.04697255240058,295.03300729664227
346.69373652971694,114.56570181957642,79.9236806001632,295.1206019677369
341.8986846552855,111.74084816128106,80.82651704555933,294.7825163155776
342.90210193010626,96.39522743784201,80.08795418056431,298.8017320819137
350.6676428354962,101.08700000931404,79.79160785867603,299.87669543048577
349.83349121800285,94.27289650715551,80.04389308447696,299.36181314036924
350.3118058975498,94.0716060976545,80.82505347548225,300.70251438411873
358.9882639952409,98.75201937208118,81.44206029950915,302.06035009722825
363.4721991800298,88.43558225721506,81.70014875408916,304.89558448015873
364.79455830757587,87.13893479257749,82.63947924701337,308.16114732325224
366.4105250596783,84.25359108605932,83.6269561622725,311.16505102199415
369.32858149176974,82.2548478905494,85.09345846380018,315.1510220685209
372.6698784470271,82.95322229949133,86.58910819037041,318.311778858242
376.6926743588288,85.32138795499077,88.91855737476261,323.00108574609567
381.1204133367836,82.566036378982,91.94188744039839,326.46988874018473
385.5964918046224,84.37552820304577,95.20202794429603,328.5651098802652
389.4050497007629,86.1553420779615,97.7013615080941,330.7010006240861
390.9718768200235,88.64682968659764,100.53659889020886,331.82975598237533
387.00698889403566,91.39505820496072,104.2120288483247,329.8371739628153
388.12390809460186,90.98015082224222,108.96447804103386,329.77009242555226
387.86334954289583,90.85187073106994,113.24438325327165,330.48226520774654
388.1091742863498,92.5045804109485,115.10851341419087,330.3940854662908
389.70495522704005,100.48611238541042,114.21917974516695,326.3554514108606
394.45897717670664,112.98904871690337,110.11159418171016,317.3827742434802
394.6563555655943,130.2192553594428,106.93294501082269,306.8572555201689
392.6628407902347,142.89962771362235,102.52474045357062,295.4160550317805
389.0702055173829,161.5699438009938,97.27641915662299,281.7495828606997
384.83381398015143,164.4883030935577,93.3958067690497,272.6185916143628
378.9997791499062,173.2250992634946,93.19603661630772,265.1004254906145
387.8135470348949,175.46138035955806,91.89787706703345,260.16408969027987
388.19651184836044,180.48012649435677,90.06093840022355,253.71049787234261
392.89387930889205,179.53234788527712,86.9405522149697,248.15075285203756
397.0784335231449,181.38088606132374,84.17365335448773,244.45412376426384
397.2380447277535,185.8496891796152,81.85040381705085,239.40483582792808
399.5265834496459,189.79642056864884,80.12623164670354,234.304294116145
400.8038346232066,192.74857914286056,77.89665770248274,230.2021633376175
399.18231478662995,192.19650435622606,76.48330289397725,228.45574270901272
396.0110071252496,180.56452894689178,76.87743188861296,232.51922355697815
393.3906717494552,168.79867809917533,79.05331692128388,237.6204843497011
390.7583735411382,155.76818456156064,80.93315534231236,246.25122697912968
388.6897055449321,155.00876226969677,82.76964404277815,251.99401241216162
385.1434325701344,155.19943680168475,84.36162207931818,256.3962484197494
379.86209483218255,154.92801207727655,85.94315837217742,259.8270900121968
377.5124024752579,154.8990113763026,87.26278949639658,262.5329750677854
377.59340841670684,154.28331154294733,87.63501416382981,264.2410067633141
379.5622226625074,162.06413019480686,87.65344488968177,261.70715189978057
382.9130871607537,167.3212600684384,87.64945406381287,257.44700678035565
384.411343979638,169.22878364640914,87.77388039606078,254.41227073204965
385.83093089503257,170.885038704073,87.2515698636878,251.04129750520215
387.8908091225329,174.64833480541478,86.66423380549195,247.70338404397364
389.15924622927736,176.064153295185,85.43304916529097,243.56364910586842
392.02798888418835,176.2549317414694,83.84215504199243,240.67873694863596
394.8802083913444,179.627663016122,82.23900339264003,237.5998119226004
396.9630488036318,184.79928152844766,80.96910265458258,233.28940656680282
398.8070840217478,188.54847270289645,79.74925936640663,229.81413126975463
399.53533479807516,188.81196490281098,78.47011268597859,227.77320105197816
400.8149056070914,192.19221191641182,77.16030158857603,225.01541689034656
404.7218419600314,197.98483125441587,74.89159823618114,220.7424817574293
405.7492749959675,200.21316969521814,73.17884384124037,218.22612942073138
405.786918407344,202.6100584078841,72.65198859378565,218.10207741349024
405.5470772172191,202.1046824806789,72.67960404588716,217.42341440908262
404.66284073964835,203.09923403732844,72.62281862681454,216.783580805099
403.2393991784715,203.007911385892,73.36700914510321,216.3705056380203
405.1990004480995,204.95389064485886,73.58426214173582,215.47927978038012
404.5705695456513,203.55541731715923,73.85917414041887,215.3991705523718
403.9350986147336,204.27763972391182,73.68324174135196,215.46307646880894
404.279535655914,203.3622086081636,73.6429702042525,215.46730035935536
404.2072964299407,203.6216883610358,73.46728811824094,214.72590269700615
404.23319101093324,202.54267823168325,73.25642476897713,214.7312504264907
404.58665352064554,203.3407557652994,73.03992378653219,214.5658653988168
404.4004432798747,204.4399508827364,72.89129739116649,213.8610727906289
404.3797506421819,203.65038203536523,73.00746192373052,213.45477344981066
404.843597517475,203.34749543937122,72.97609996025362,213.1646689228732
404.96064703315704,201.64109045291264,72.9623705808032,211.2471599680255
403.8928518978943,200.34278814073582,72.36023821605951,209.06782322046138
402.43287538148587,199.79638676982978,71.77260167024784,207.34206726934136
402.84627661765603,198.76769888572642,70.66246252870083,205.3630007577324
403.9418289439865,197.6479552124709,69.4385439693703,204.60511452331082
404.42719963540594,199.53139053334604,67.66440767285809,203.29839722285388
405.28284188322993,199.66249042237615,66.27457415572752,201.12882914244838
405.2094075772239,199.6411922364408,65.49320538914246,199.7652642060305
405.1630788917736,198.72501778394127,64.83786321113092,198.61134268332572
405.31109856692206,197.38971922486985,64.22093128843105,198.49102240492311
405.89433832169317,198.87051885430435,63.50555835700049,198.67945423583686
405.9154821068631,199.9085681549846,63.18043831314412,198.18297921445523
406.2631505839537,200.99952999489926,63.00199850089649,198.19535976245496
406.6998808939682,201.66743890643002,63.24034916111797,197.65718864072932
407.0632876751554,202.67333212210497,63.584231118190914,197.1347880526564
407.7285565427527,204.61030881210965,64.24671618248819,197.7452339913421
408.4455514660473,207.04531625814622,65.05355413474237,199.4356105253554
409.45666134738076,204.65859176264564,65.5019769387563,199.62679890768345
410.2961247907424,205.13954906876563,65.71744778762874,199.5424881243505
409.6904706576636,207.10249820763738,66.04346942458636,199.08266717433528
409.44138045473613,208.7001256231572,66.17382947812541,199.20769146469456
409.50862683313574,207.92743852727054,66.37102396311883,200.1085801232304
409.72514034902036,209.50314416590095,66.23970989135448,201.25962808592928
410.41256940759246,207.3474370486519,66.4850974693244,203.5818506690831
409.28676458564485,207.36848876967176,66.5702961902155,204.55573974928308
409.62367783558074,205.78615866080588,67.09399590685067,206.5607634695173
409.64724278739516,206.36544193443598,67.52336913699556,207.0111941480185
409.59655744549366,205.60184826566478,67.78823108478429,207.36290052376125
409.312381311046,203.89600426419676,67.78933846632759,207.5135943307592
408.96230468744454,203.7134572893704,68.00284580636679,206.7073517487728
408.44069396691174,202.52561558459007,68.41019851927156,206.50200455110996
408.92962944294237,205.86995903009236,67.9412773834373,205.94083345295206
407.02656327904504,204.46111234367413,68.72379625832056,207.14333584296992
406.3054026223863,204.0512980276749,69.29367824678226,208.04313691686815
406.1849509888143,205.62173700968515,69.08291736416506,208.38699420332068
405.19892253506856,205.0533035575813,69.24847145259528,208.7811663123967
404.95986007099486,205.39294505225098,69.6756295963846,209.15050998435797
405.23087659857396,205.35923416490857,69.98911673003484,209.49527050225268
405.4509781828717,204.37562125888635,70.540743373966,210.14696887517965
404.5684245768842,204.35985484562744,70.87835379505523,210.59077481065668
404.1970717703535,203.60592719950122,71.28704967134021,210.64642194155505
403.0451463988246,205.06546706971758,71.54570030491614,211.31189639652638
404.34435081323045,203.92135496176238,71.84630261120584,212.25791270380643
403.9774158296528,204.51976031358984,72.05445400860562,212.6722498807057
403.59925176375015,204.5653794907144,72.1275132357249,213.03392287360737
403.28129363396874,204.1911965197786,72.47625434656221,213.91968287120315
402.2320259848278,203.20329081345835,72.99819147742464,215.2100826517826
402.01616587467925,202.1348326973757,73.74077054343255,215.99465043710188
401.7227815646291,201.61340165601635,74.80264710158409,216.8061583726248
399.81018764459395,199.3297135162773,75.45251383951194,217.1749076570162
400.168683696632,199.4599173747923,75.33968389201776,217.7133506551466
400.7076761557578,198.27942064855213,75.35428692161169,217.90209264469053
401.9294453708024,199.03943993011438,74.8949238159624,217.9834902197191
402.4671079913454,200.0711103963285,74.38734050536121,217.3315624800399
402.5597066449289,201.39850942468672,74.03231718236415,215.9819051570423
402.0429127279109,200.41653160380483,74.39389304492641,215.85825913712398
403.44659452430693,199.94725857958827,74.27701826744207,215.51923851418564
402.61169045909764,199.68058618379666,73.88872069069198,214.87560412161812
402.8185322338138,198.7922394073251,73.19877789777134,214.23437040939405
403.19339787359803,198.91851295000282,72.41129946977854,212.98148786909783
402.2180232039805,199.91286425248225,71.66462678142571,211.89155160296417
401.12796974960673,200.05266284518518,71.15038344755854,211.79884980294287
401.81573937993386,201.2792891553679,70.66694166004879,211.01649287826373
401.1419882830651,202.88009167679866,70.4457520040778,210.2958470124195
401.3043563882002,204.2157627299006,70.63246286583667,209.16234157709113
401.79137326323325,203.87187812104867,70.9884947237952,208.900944735301
401.67214524668407,204.21633934706108,71.14727260141171,208.72927449007852
400.9693451894654,201.49466540646034,71.52810853566568,209.5305530315278
400.05471338624983,201.3789007872117,71.66192565085537,208.82509916150457
400.207962827624,199.7766828350546,71.8687078750558,209.47338653676604
400.06204251575525,198.48323110764773,72.0824747885902,210.18818594285085
401.0623127545939,199.75526884015414,72.06303785037974,210.2817767032714
401.30899035199235,200.23142595493331,72.326540706406,212.1964778354989
402.20917438150707,200.46564917452264,72.94108105649522,214.4689843649177
402.6483271087414,200.30601346076986,73.53684901206078,216.24687324123002
403.50081244857984,200.77131941660366,74.00741830278179,217.28479699125975
403.1104241795762,201.52357252353238,73.94225937688373,217.0405030796103
403.79532448732664,200.85314783924014,73.483138518978,217.68466218683082
402.7166088224618,202.32052767304287,73.2708067127976,218.17159226798938
401.7570136062698,202.2550816866617,73.75293249750703,219.59367605708167
399.22621104770633,201.25421481173686,74.31988820438615,219.23749822016987
400.5340717457327,200.620178239922,74.89902798196317,219.41487097584485
400.6763137550473,201.69654412049437,74.73369316395221,218.39883531493513
402.19527806536917,202.60358883827683,74.25740432907513,217.15212755938197
403.2744106917738,203.46078595987183,73.56893776038595,216.1192174789994
402.5116335065931,202.83411982109624,73.16550438927706,216.13317273476105
403.0912670179091,203.66097727982725,73.15649698063585,216.9119019129106
402.86146584899006,203.51221099937038,73.10909291168993,216.77308302552683
402.7108138550755,204.75668520180173,72.78948941403397,216.22586106681587
402.514228879183,205.02206043579966,72.79824865667622,216.02979777218655
402.6787134605972,204.07750718823576,73.10448285535918,215.55507489300103
401.82278225549214,205.1690854545401,72.7523854286094,215.50814382235217
402.1819241625532,204.70476970885437,72.88693369342107,215.36926351677232
401.51165923023166,205.57677969037633,72.77301783834518,215.51674664935524
402.2402507016034,205.00326415527644,72.88785494946521,215.47843505006804
402.1466271883414,205.26509152072808,72.80641308863144,215.1948703317151
402.7155866629733,205.40069342301226,72.87271479194798,215.2510090075678
403.07601099717067,205.12572188422664,72.68731801259133,214.89767015803028
402.8931917477813,205.03290147703825,72.49843125521308,214.75757543320915
402.8937537861969,205.3833918374066,72.45096216798206,215.03927968237446
403.1047295677382,205.01513572740134,72.54427302984531,215.1840023587563
402.58608984573596,203.6727484296801,72.68739679271651,215.31566158630937
403.3232049372019,203.23172797863967,72.87844373323583,215.4296632022536
402.60238988357247,202.65958836269834,72.77222931134284,215.3154493683022
402.9828873208398,202.16315277725158,73.21951201993045,215.74466665287753
401.96099414952425,201.81183120655305,73.45737645036814,215.829202713815
399.8094767801978,201.14048423076576,74.00280539792917,215.94399592190504
399.45145479446126,199.2897739331121,75.0540324832157,216.74863125796563
400.06225676094385,199.7088204130753,74.99555311156027,216.66436730041954
400.1306382266215,201.07650627910525,75.21061809968815,215.94736285885648
400.07162398221135,202.1390080322638,75.5046460362119,215.9509148888095
401.2513883237662,197.211173460656,76.17791874279636,218.1410056666992
399.7277994701752,198.9390904557596,75.5050597049069,217.26559670052455
399.21981129893413,198.67110039849118,75.55895974104595,217.613932750635
398.6692334517458,198.8880054192739,75.84188927680368,217.43367991426976
399.27977915807014,199.43999077777522,76.02769183273722,217.32920184253078
398.2629335446545,199.27049363750163,75.81728868777279,216.96066389603862
397.6671920808949,197.89082763825024,76.17395420577662,217.33504597197975
398.06902059677145,197.09124414351717,75.97538570599455,217.06041840578183
398.094189390755,195.7441421332956,75.92543442483971,216.7902152206433
397.9381749059778,195.27131488733895,75.7167347466852,216.6009102532518
399.03553167381426,196.556905129832,75.9133164056382,215.6082033362284
400.05633008058555,196.5531766739483,76.07890462207914,215.97280731578104
400.8321592309443,197.27186103312337,76.81903823725526,216.18520849966018
401.1914428579177,197.76791404825377,78.00937136344298,217.04858886237423
400.1270603381883,197.22813522063555,78.63954343014628,217.19658987555516
399.63013172015457,197.8282419580006,79.3067540700205,217.20464373194844
400.1074195588214,198.55268671651064,79.89185958889964,218.1737954441764
399.61325646247633,198.99086891617307,80.28026145564672,218.29521041420577
399.7921808017249,197.8697597630091,80.98706045171018,220.08676163727029
399.55644388932234,197.77030278461433,81.70264161232112,221.17245007440272
399.19821969526606,197.29929750519574,82.05679401521188,220.79761152072925
399.3458244636203,198.2059122733257,82.04446892727003,220.40576691507994
399.9798215537338,198.28072227183142,82.07372227607293,220.88027680946408
399.35630695085797,198.32750767262485,82.0708336170251,221.48278955356204
399.6945236668146,198.44249318412352,82.03035790300736,220.9205478189043
399.0993675271968,198.61371425153018,81.9538168497233,220.85907193617953
398.88224540420913,198.51033621402243,81.25700264118521,220.92341427580533
399.4686628040683,199.15917765517105,80.69510591367148,220.398906811885
400.31875844014917,195.61627886539307,79.99326293719838,221.08327473827325
400.72676594996875,196.14119452309728,79.1442679486239,221.23960325295818
399.2138032094414,197.3466426920615,78.880991931647,221.87922614301138
398.32202665975956,198.08891489846678,78.4530043320056,222.07873634331418
398.0959285538087,197.51816303446674,77.95709526827635,222.38064785291522
398.4883242996614,196.06346252951204,77.43727634412932,222.4016280425884
398.99457636067103,196.56057729342461,77.08004261977301,221.99461924316063
399.16751194772394,196.43294617202682,77.47273712903214,221.5944172539883
400.4902425556538,197.74983972979132,77.0334619693094,220.37065358931073
401.05470576606376,198.57070837354786,76.70516075352958,219.07292465813043
401.5191353377961,199.69371068512473,76.5931055422547,218.57431388148854
401.8849587041292,200.30319670380993,76.40272364160842,217.93470471338082
402.0550287583313,199.56396041851409,76.09537980807485,217.18079617854954
402.5778418110333,199.455094490115,75.90999732115915,217.14934129602221
402.4413928237094,201.50004090741197,75.89080520767789,217.50990221966802
402.7542151856829,200.3034071839313,75.98389206589569,217.5683324683719
402.6687990390052,202.56973858567284,75.92712698850737,218.06974635556264
401.7799386769226,200.84873117682574,76.22838558689428,217.8110370483484
401.5926070000483,202.3660566476509,76.35393922541957,217.55575450727179
401.91363574304694,202.34229111967542,75.70232909578789,217.9936369481009
402.43095559260536,201.30923483487717,75.20760460071929,218.24480322386654
401.29189744011376,200.84841371813985,75.70068970624718,217.64821275413226
400.79893410706455,201.93231301561607,75.3311789743888,217.91229034173597
400.9920980598406,203.27132881616728,74.89105611113933,217.53355917283872
400.896719451442,203.67478798748945,74.73043980446282,217.0480728544349
400.21779538032104,204.5347079391162,74.60175084782009,216.16816730024146
400.075982486911,206.66479510360904,74.94541613627734,214.80248130591156
399.533280812201,209.082001837711,75.17528534940209,212.74356098269664
399.7871844052412,210.37289478057232,75.17544843681642,211.62324033649887
399.5709477125376,210.9294844017884,75.00491575733177,210.90212837745867
397.98922053125165,213.15955657151096,75.3132032078248,209.24316153969195
396.83740741589946,214.0239895425389,75.63015405686872,208.40704007919965
395.82635270212336,214.9910957974898,75.78453548950205,207.28386892443092
394.8940173836586,214.09633276390244,76.07513531515994,206.83255503341474
393.3406511938081,214.84071349558275,76.46512303352975,206.17612224723155
391.9057900991952,216.7879401530924,76.73634425572985,205.31646254755344
391.1900436481851,215.11409273830964,76.74124170830234,206.02178119265545
389.86017203777993,216.3606597909644,76.94778792670184,205.5061770899399
389.51505947420765,213.1568022607362,77.32348581047057,205.57005107449908
389.2010319935395,214.79895143284332,77.3270092643148,204.95708723536603
389.43738388173506,214.72490225198942,77.36622319822796,204.54445662988405
389.2954250959829,214.89545036280583,77.18225050712849,204.3201998469281
389.061926823442,214.97173803804404,76.99565088941438,204.00001619063977
388.8239922610409,215.37589369727476,77.11254177253446,203.88069182925156
388.4431212731328,215.4405059163778,77.07034047194527,203.66065472284117
387.97221386629303,216.82158297464392,77.09005670860236,203.00775282074068
387.49671599818464,217.60124856115726,77.1453672488962,202.6792103554471
386.09862245854436,218.55352110347854,77.27822711107481,202.0071469888679
384.7274063529364,216.8018752607079,77.5461806006721,202.3538329538892
384.09654021198253,215.73135625814894,77.71680146099467,202.7299354655379
381.1090324066354,210.967976351825,77.20040109421102,202.825417049426
378.7890838754677,197.1571112391742,76.55971525173057,203.06168165277933
377.4210651272433,177.96623349990688,73.01342604987617,205.42262032833546
361.14574451686025,143.48097507764692,72.30219211805446,207.65420742432022
358.3609692916968,95.48175480886776,72.19360669649414,211.98525904586293
353.15957787854785,53.80303122100321,72.06550096535798,217.97690727139673
347.41597308455755,28.04280113589425,73.53729822271109,221.78755146261074
339.84143108599505,-5.81475884252005,78.27200500731166,215.45193594580653
332.50635259397313,-23.77878162089253,81.28886742806203,207.45531032945578
319.1285452680239,-36.15044781340251,90.29106792590781,194.0978507833234
307.47249462736795,-30.007363722859438,95.88668704474408,184.45417203552583
292.1478270364862,-23.010926946575808,98.64887623041388,178.64423991972615
462.6616351032874,3.2239523473356257,99.38725130774907,179.04159635265523
458.36613263957133,3.5734927829102503,99.68899537092328,179.62324477532923
453.9834947440703,2.5501836506843603,100.37312778271392,178.73284702949658
439.53158595115656,1.1312497012010851,101.6334154765737,177.11794994051758
437.14520271641607,-2.198165901104403,101.00430168177238,175.27847963908607
424.25959329934057,-2.293987079636466,100.78874988604058,172.26695098136443
421.99901111090446,-6.32361120176067,98.90077510657125,169.44633930129643
420.8532479330629,-4.022211114738582,96.79468555267792,166.98797953977362
416.29341917863235,0.8485506251519155,95.89280241975436,165.877651128352
406.1324541133845,-1.1997065515081289,96.17977847920525,163.23090605174045
412.7716569651445,4.693213290555832,95.49194417918862,163.14698401592796
418.72501678086473,9.455923593181467,94.97147408998443,163.90219924441692
424.1199220882788,9.683234040353597,91.12146802914188,165.1643143091257
424.1783096912287,9.620671098634716,87.6058993643035,167.66747120795958
422.20316606269455,10.411406298952372,86.05699962872659,168.36698830846868
422.83901959158504,9.319170127379593,84.13324302947213,169.1078793089171
421.8476741561841,6.645840323939126,83.08344078580261,170.1867614728659
421.9578227090204,6.396540256965409,82.46244948867422,170.56781308147993
421.569484190933,6.504358568199933,81.52077444545748,171.73069849747066
419.927839962516,4.469598523733254,80.9220541113217,172.83789706655233
419.31265289738064,6.09585102500057,80.57383093438716,173.0871866406626
415.5361340077005,3.8957779950154645,80.6541824230064,173.11086928739428
415.9090846888568,5.036687124191317,80.24885180854616,173.20850993330893
415.5021999829389,4.530580794642987,79.97766254785843,173.8562629883807
414.5290347218409,4.86424184131954,80.12167902700945,174.50260855001875
415.02134124136205,0.6975491183856235,79.3720511905181,175.39618419669225
412.40507244904893,3.637707362108145,79.58910158108306,175.60576438817176
414.6770804435401,0.689926493191308,78.73577110273608,175.33160452261188
414.27292895226554,-0.2324886689894612,78.06979372792429,175.26665804014206
414.86338115281205,0.11716751986608642,77.10333880700728,175.52054135353967
415.94590294687174,-2.5764235539553937,76.46847901100215,173.90009362981422
420.3046119462081,-2.535663780532758,75.42908673483308,172.24010111105275
425.74790923447495,-3.7164016440728176,74.78714872110464,170.48442510091974
432.55701896307664,-2.409363666725639,73.07253853971902,169.4496707690739
438.0382392932073,-1.5946191881681528,70.82425689129855,168.35307278743423
443.7434917561705,-2.5125808211251126,68.8907111938878,168.15650270045813
448.7129116150083,-7.05042714508977,67.80892427925176,165.51685854876587
452.56150072467767,-8.61095541578183,67.20369743015223,160.71060653073226
452.5197443812937,-9.945145288102552,69.19809938484163,153.76858321446062
451.17275325235556,-9.026944641002956,70.55328288135013,148.03660544321065
449.54089889566603,-7.537714905440211,71.0576644214962,142.47647759516255
447.59779044944673,-7.334948113053088,71.33077530159036,138.28236454642956
445.8954025327364,-5.72194137056718,71.20970703787356,133.61142205774223
430.404608584768,-5.95578342108692,76.55005958224788,125.92894918398923
431.6125958818161,-2.2888475643797292,75.1191771512377,124.07097382906484
428.9676995329825,-2.697814270239384,73.6592173273899,122.29881243602036
424.863894122007,-3.754521125450026,72.49056834556889,120.23097938893432
409.1299928176438,-7.775479678649617,76.85542181183924,114.33252688931543
409.29126573102053,-1.3929725973009823,75.34443351644265,114.18070051653515
402.80336958878917,-5.338101474412895,77.13503083172813,111.34760965320527
396.46309450398473,-6.1711438300650485,80.04467073827556,107.21250589557647
397.19908611391884,1.1549086734670126,76.57620609979764,108.38714687545082
387.2374271308065,-3.6097489447211473,72.96531004624691,108.77390401398779
388.9432628690041,2.4929434837373208,69.75437670185164,110.52544168819878
389.8585684249463,2.3110415149529757,67.17110001064825,111.54285633209682
389.6804155981117,1.7917961351938274,64.68577353655559,113.11067114633313
382.09355563707317,0.4344248325649289,62.167307103041935,113.84249775408574
383.3491331069513,0.3112290257596726,60.798660074014116,114.02022955548426
383.3624579447088,2.301464636775762,59.572221589676424,115.3002253859118
382.4711858672481,3.959452019225175,58.067275138289965,117.03795965116434
380.7941604259616,3.8681786906779507,57.03523621907455,118.17571997422101
380.16814660376485,5.070398006576426,55.059880965137424,121.01747570506444
378.841054718652,5.492177890193098,53.55836119074644,124.20930679171293
377.854849094106,-1.3334453178342898,53.11471652209852,123.92621368445228
378.4272546405005,1.1101378415558258,51.43858211559641,125.19287694025701
378.008106667339,2.465057118327401,50.58968311849143,127.16580244005858
378.77931344030594,2.8008314297254344,49.65031670504963,129.38890356129633
379.74903881222144,2.417072802038035,48.71404956450533,131.31991361547637
379.97712378427025,1.7330336303110414,48.14589193276035,133.00468291051612
379.9044031212568,0.3063601785209187,47.95905077520955,134.2023327067813
380.13281250415855,-0.9841621900316113,47.732524955506335,134.40869907054957
380.85676399733524,6.6672887284357785,47.31211794941565,136.4959396744107
381.8478977465596,4.689751517104398,46.7343244709712,138.5229873016862
382.3827981246144,3.634472548466121,46.45369225152465,139.87274982451495
382.6681016699136,3.4160042723041926,46.15218087978695,141.2363982341577
383.1223844132789,3.7402095789571064,45.89551979721962,142.34622092964398
383.6191954172158,3.640911814021763,45.764261723862816,143.1521008862038
383.78383217138224,2.868234187859386,45.49375082176318,143.96609135190366
