172.5,153.5,90,134
176.51754580515552,146.8436193030444,91.53491952860495,135.47639378679452
183.7002981352448,140.90948881856082,92.78024231441029,137.73637743489985
196.70688695031026,139.03345212492658,94.46882402265827,137.7162035077152
202.15986712425774,139.20062457281136,94.54531702101576,138.02995249116853
212.45707003510924,137.3067759666026,94.0283514611536,138.0869062953829
208.6832348770484,133.3490338050237,94.41057549584215,138.66337084315006
208.62971189604144,134.81611573565368,93.70905452994623,138.6506330397057
211.38001275620186,134.76440906048776,93.08243142443253,138.26123447177886
211.86300182695976,144.72664050486028,92.59047918804904,136.96841106362461
208.69918400346256,148.74779218884467,91.83570020796824,135.3112195044327
207.08788152532748,156.53164526987334,90.58955421056409,133.910995718474
205.4871027674176,161.52699609513684,90.62270714722122,131.71756484278828
205.2984937329237,168.33959984812256,90.12127413369332,129.95259159737594
201.14884201989676,168.54650718907706,89.18444970635365,129.26858098427073
200.98957775240052,174.5425903256981,89.39054345180774,127.98403628543056
199.86555956612466,179.87691232263336,89.6271483687473,126.60440329314692
197.96028495671146,182.15710664367953,88.55991381224408,125.70254011797348
199.5230325220514,182.96319984242825,88.8601071867369,125.08294677047914
199.60116566710795,179.6377512345814,88.83651375784228,124.2748224178745
198.1802215257578,176.93740677207288,88.38388166242981,123.38471410930998
199.83766177044785,179.98609519284798,87.08522961047339,122.62094589507913
200.45481975355878,181.75449481395464,86.56805843156309,121.60473481242695
202.34747894107022,179.54556331394934,86.5461232066409,120.8446822393174
204.53111981578962,179.42694755752703,86.15325580580442,120.72252921541889
207.90801223220006,178.25134285085966,85.52201907631606,121.27485721720123
209.6565106775201,178.15289034497079,85.89491001450287,120.4026160726679
209.79350921294412,174.02948525952388,86.3267152650889,119.77071454312224
210.66904788876369,170.85341560947145,86.9211770064673,119.5536766925008
208.91281018167217,168.18409693780507,86.6385407644614,118.82906587833239
209.8128020221108,165.26230072227412,86.47274204013475,119.17100654547822
209.2413265561227,163.46767966327644,86.4935762871973,118.40970945601507
210.0139340957718,158.82560230657697,86.38024895375635,118.92023879557371
210.23475708634305,152.53511674503773,86.37618081627987,118.40172738233628
208.18411858861953,148.93062160991218,85.87479238738001,117.56169211700384
206.1780320137869,144.25131613741672,86.00179245469363,117.2698895488112
206.94128211313182,140.76974542745265,85.85281889689574,117.8329064188736
207.8357463374831,131.59190848116617,86.09923147259201,117.87221220841926
207.5886221210192,123.07235574545918,86.74041349092518,117.92184052224044
208.93997372849063,115.45218565828597,86.38347920451012,118.79286650286127
205.2661453948544,114.42505219562844,84.93645718373331,118.54973366888372
203.10912859032464,120.06198581840886,83.73801959375714,118.59074393339368
201.13817257480633,123.20039651213087,82.92097376193979,117.86856522325681
200.4864433014991,126.27056001946514,82.15736993062455,117.77927933483949
199.86241317612433,127.97417815158633,81.74867711817217,117.8779138896889
201.23117101493568,127.8643885415155,81.31400739544448,117.83658784402247
204.156429754326,127.51984719398632,81.15290537152835,117.47989226454469
205.0237669294246,129.72061488830718,80.66218722956023,117.30210651350669
206.01161689627094,132.33258716355135,80.67389819884453,117.58625198224445
208.93164252119232,136.04577204151755,81.2208460792508,118.08769766362894
211.05352922352046,137.8953722110969,81.59775396045266,118.07503792810792
217.4080315897457,135.55454336552316,82.29276953745045,119.47204124036443
222.7327278422132,133.61553631447737,82.55030604862873,120.87498057438964
226.52510453746802,123.47792354487717,84.15040048984515,123.99700405670524
231.36161485129938,107.17693093128383,85.94470984112529,127.52897051558135
235.93515950252018,61.95052497263189,93.51692557713585,120.37176656374463
218.08784670034717,24.89843781495781,107.89163922469476,106.88534944842873
203.76979134222148,39.5348407846777,106.81590645034554,107.896795675737
215.5189431802645,28.000634945669525,105.94247688924972,108.73138167015959
241.30954096166494,19.19313521988741,102.03802769485706,112.87766545399921
262.7212937091414,14.12807359226288,95.63857157734556,120.6550233875167
276.5137430893113,-8.145174666308492,105.85774233604874,114.6363839488489
269.61391440117933,-5.2141750469798325,116.98426991533081,105.96040079295526
262.4063456236154,32.78256210805438,109.94089039587385,114.14157095310168
267.80613996172116,83.04631150883144,100.93642911147744,125.59852344549287
285.56137458345484,150.68145877274267,93.53615502792223,140.4802827506782
285.6995070443376,175.67636260714406,94.45734801574062,141.75653495736373
278.76483181011906,192.52730792412098,97.28245371794243,139.2117793331755
279.25410771275835,194.87666366821497,98.6796715278372,138.79291689741672
277.26179459306564,197.7134589934497,102.60015109205315,135.38630880233666
280.74496875272024,199.97329644554844,105.29065358756324,133.2365434230568
284.00473153221037,201.97131273439666,105.5040191113467,131.75132265108545
282.0770394501054,205.464792695532,105.94010939509398,130.81853810570686
282.40750012866795,206.0505514448916,107.87013232813007,129.2547938811709
283.0931744150465,204.7997373892611,108.5473233938921,128.1832656356204
285.19197136311345,205.92409994744588,109.27857633384842,127.58953405333895
285.8044876904842,207.21638248990473,109.16149841963117,127.21470793822415
284.4720657778429,205.90280020102404,109.63296379642745,125.68233329326824
284.41528634602633,205.44101896665094,109.00360989074295,124.95100450949673
283.74138182476304,202.48909265764797,109.17323001324853,124.36505476696803
281.9736332719607,201.37312110768517,110.14049815881592,125.53626931693636
281.3992051578103,203.6906747875177,110.14359647352728,126.5000250821187
282.352600760616,206.72683633506833,110.74776799260158,126.86403659700278
284.8086921583963,207.03960604622708,111.28110988957633,127.62207154125478
293.0206459190138,215.82072921248732,109.4522198015078,126.3026592999208
298.46952374723116,214.00770250329302,110.40577773607652,125.75700985652354
302.9106743051979,213.44042748528034,111.04152967495259,125.54395120705541
316.3127274958505,221.09220748150187,109.24789273029296,125.99801488709772
318.1523955392553,220.01905772910317,108.9735783109638,125.95991073398191
330.61639798057865,231.18034327453944,106.9712345153532,124.51930337296781
339.4775762831699,232.08377152375303,105.19537773469459,125.1397797526534
352.52545743622863,233.76770425870808,104.51699290050107,124.51392702192484
361.9474580722905,237.330888397359,104.52173315974943,124.06391124553852
367.13199204119337,232.9704367045921,105.69258030678253,123.30848387393124
379.25250626305893,233.69268773138134,105.31477589259235,123.25311658502402
381.3564052649791,233.70046970653965,106.72413248698807,122.15163742684453
384.6226710505744,235.14807572070413,107.69334613979656,122.84343935840027
396.0410499425763,234.20077729326513,107.95486258674975,123.50784891641086
399.5227366830675,234.89639388303618,110.05305450493734,125.09750505724233
411.99434508161335,234.53276016911656,113.63847273286999,124.94314093190846
417.8840375525788,233.08062214537023,116.79154952952555,124.90728603038079
424.3164511060795,229.6563427340009,119.38312996952112,126.68132140417532
431.81046996446605,227.61906073543793,122.77554917718652,128.7292783647107
438.01769288954245,215.82300289305252,124.51534298157478,129.2401009434024
445.4043731120303,219.86548897650346,125.45581443814929,129.9727070922354
448.79847700471265,208.93717750821287,127.54298526148833,129.74596363477357
468.84497072103403,225.309994291458,131.3606042131229,131.1801777855685
435.9305798352781,211.7687466220202,130.39303741285738,130.97420571721756
435.82099406940745,216.12920026636505,129.1919672310748,131.0309149293823
457.5082482086438,237.3630795072014,129.95561584347124,131.4834826806198
461.53583952840086,265.3072688989596,132.65606369712117,135.48669401551155
378.1321470303719,197.22085588844766,131.25563924493693,135.60779274161357
367.52653906318756,200.09524064521815,129.88097489976457,135.97416032829236
367.834490788149,212.09387374301713,129.24922454174916,134.96404051025783
426.3504815506184,279.8694656858573,132.4749792228652,137.00990252301509
416.22367761798574,290.4455566325781,134.90518277599662,138.81148077666816
412.4398980453206,296.13061819807695,139.7632468537305,141.43904307810453
404.7967327953098,303.4205724145079,141.92940771416465,143.5596027085971
398.37111077958224,298.47628287689037,143.99124115449433,145.24507490364417
394.1620463962348,295.99418962465563,147.42867515037625,147.3854443934194
383.69535972708394,279.78697246085005,148.881781917633,149.01325762728055
391.2650257795102,279.00111260091194,151.14883904923067,149.77813084771373
397.04647956984275,279.04676648120216,152.9019381290271,152.39425082723042
402.62915604758905,275.2284355307258,155.05243066303643,155.42546734320388
388.66488912522914,263.06262426439366,154.70681175201895,158.8220293747695
409.66033554800543,266.037644951449,155.77692735983544,160.8737351320064
406.633821918272,255.56264175253068,156.11947965134578,163.33176193084407
407.08074099859806,254.34977963642592,156.97417521643214,163.66266447154052
395.2864737454548,246.7340707702295,160.70083228131233,163.87387956721463
380.2546028844114,230.5556021332954,161.6751060010799,168.28378200526743
388.61495925422395,235.58672692567373,161.7540110287888,170.8160062593169
392.83435490534146,237.4528199501318,161.40617450713242,172.0469158753788
375.6670242957713,223.84448086025017,161.40051132441732,175.32862319942916
379.3036595281682,220.62137223428968,161.47704621469543,174.79304514037602
381.7647533382151,218.44515460693162,162.22106924599936,173.14242291523374
382.60020242881455,214.2341648199954,161.25127928203986,172.68584528390596
384.16186121922726,211.83022887717237,161.9666939437986,171.5792937038233
383.3739787223185,214.92436247636107,160.9394857148837,170.06516075990143
378.3506732489044,214.04413819539704,160.0836604053031,168.88523876213713
378.6163796390495,214.07881846084462,159.73476642014558,167.27894707412983
373.41137049015583,212.80750544766298,159.68154027976146,167.2258430341937
390.79699170985305,208.79475627566939,159.56407210184165,167.01377633759247
389.3782374464162,210.18676812316278,159.5298119157179,166.97064624497693
388.4134417088336,228.5408263362832,159.46949052333702,166.83947607728103
392.04077429422216,231.11913619317363,159.4525301064357,166.81298570081094
396.44041248864414,235.29747183087608,159.37845437066787,166.5047362851473
373.4600245459167,238.5117075189284,159.25021048073214,166.12195735289026
380.97442251817677,257.7860483311971,159.2437667548399,165.8552200032552
448.3441511012672,337.56487307861687,162.1368169128779,159.60131196349386
451.48137495168965,358.99752685174315,164.71629968536058,152.5293164899951
437.66192534361005,360.7325098220025,166.53785423599248,148.64968332578445
424.74219110943994,382.953252383151,171.08474877549963,144.96626247350704
427.20375812924294,375.628272699439,173.43957312899062,142.1806330042611
355.003140553345,304.3716596433739,170.0739473188724,142.99808885271946
346.84154920473486,306.6821410691649,168.51292324424213,143.79251696946017
370.9092317264957,318.4015155877059,168.5042671850954,141.63623482080595
377.485172048904,315.9583279557637,169.19575983892378,142.34010066238807
405.6512193233488,310.8898106781377,172.87052793041508,142.18613580510345
439.33645544726494,310.34482367374915,170.51534498922342,141.45578467769582
456.89209498054316,310.20675679669324,168.47699149029395,141.535560809065
465.1362259171158,319.15067814559256,168.27382292464375,140.34482542632983
526.7931435420364,374.7775032255611,172.71919635400164,136.98418826688106
543.7874896941237,384.8903274419374,174.0079851289287,135.6927363062964
537.675126619263,395.09276070947936,177.4871143929691,132.04502995798006
472.7960494820329,311.02321902921074,174.43803294965568,133.87158280093928
369.13971888030693,73.29128608764114,177.02559649685767,134.77972358642216
364.3382022336903,68.68741489123914,176.96054373815002,134.97879135764413
363.32476371363356,81.97393804610728,176.98653743742796,135.3684754556227
259.45937478324765,5.469155081394462,172.52500877964502,136.0960284455952
267.12179029789286,20.864059180520414,167.8130689475593,138.39470215041948
275.44688295486554,35.84047367092384,163.11413847827941,140.15093383855793
269.7590245732454,33.53713986141811,158.59242958996933,143.16426690194348
263.396627010433,48.45732695983662,155.88686678254973,145.05646526064845
275.4983078810682,36.774930730097296,152.4014539548536,147.05494378580093
254.9153974138849,37.09400980236778,150.55292781280417,147.20718239123326
285.09695268946143,27.856696221481087,147.87217123503981,148.5182734812293
295.40719720719414,24.560917423282575,146.55646888170332,149.08648417668638
309.25462804328544,18.58335180867101,141.9151579297355,151.06843749605844
321.11039419496296,17.22402191054863,139.89271254044297,151.99531109845555
331.41095035647925,12.43143903808425,138.7091646095002,152.4622145524297
342.6221271712778,7.841380524253282,136.44721518522545,153.19125125782602
319.0126441727899,13.193775683608408,134.36642227106842,153.57369829720903
329.6654933885897,10.861925823377035,131.31900363988385,154.7717691552908
324.71814496098733,24.421741123376776,126.93511887582588,157.06215175414385
322.7704645411259,29.069231930138514,124.95334968396313,157.72089595543972
334.36162338177184,38.108701969191,122.53649106334015,158.94294121363845
311.91562254734004,38.40004995585822,120.18843764797518,159.54797519502355
303.1750736973346,49.76465119927339,118.79251928048123,159.39138928534166
295.3754517387566,44.71158150458585,116.81785534546427,159.2338548923681
291.2343918600883,31.055190870483983,115.15474747981516,160.00869708891656
380.07334503831555,166.36369283166385,113.53622833039184,158.87503056890057
454.97844126212254,260.49788002045693,114.98009472066846,160.0309725975644
458.2313817965099,266.22000165048183,117.78636746811699,160.28544359380123
451.1236130697914,263.16190063382663,118.20202870848019,160.54992910870956
445.53999551702077,255.4314151438635,117.57031552605764,158.65872914442195
426.8914890419497,242.77166696076654,115.32330686975445,155.23040179540592
416.10217118753854,236.8553932863349,114.30660947921149,154.5540971392643
402.9860616156531,230.78300084557173,111.54344059197649,156.08389464743857
390.81921750569666,226.24093090556119,109.54073354821759,155.85069272295524
381.84522845142465,222.60912173679554,107.77208644313856,156.42340787368846
362.8971104730182,217.71800194758225,107.77860148320332,152.7583799197664
355.1716728178236,212.64550809602207,106.47585473853884,149.477291687523
345.1840845654954,210.079258957626,104.89475682913265,147.21783840334106
340.4384450626551,209.19364728566245,103.00699702408343,146.51094618864386
335.05733270499155,207.19810670115282,100.22515340292361,145.7823751817598
334.9017433628526,207.66927539315446,97.77308888880678,144.43056890852006
329.49647532210685,205.18913128271686,97.36166108785203,140.74288311511305
323.5649809262967,202.12846130851887,95.55947920991662,137.7925429945393
322.7785719344366,203.02423015020292,94.25461713038902,137.76225628391902
323.1835322225319,204.9456042400233,93.38635867203749,137.52294791217008
323.4257149093315,205.70378055672154,91.72145392885514,137.6747658501008
320.34465913562747,206.64346167010743,90.26298241885954,136.7556918499335
316.05376391250724,209.19369374810353,87.96715121440423,136.53376344146938
310.1875289493361,211.63404337331264,86.73278707244808,135.99667733878672
312.7563889883852,212.82622244914168,85.52419158808466,135.48115392109167
315.51071804786557,211.46441723150483,85.10610153476733,134.76803111051578
322.37747416957274,207.16904150700157,85.59825629116983,134.33775785554278
341.13013597942546,196.8291920096713,86.3800916375288,133.92601474204906
376.487713792088,166.57539078345513,86.40216440575836,133.0036702950673
403.15323184013914,133.50699793125833,90.17166847078893,130.12406043061327
421.55393972960536,68.81971887152389,103.9830723634874,117.59769386746494
324.61696826216485,86.73566289806143,104.91974418020442,115.42137679827657
369.13094639920064,109.01350445686482,107.37586535974611,112.39396058740809
371.927640743959,115.97115235081642,107.3762490815758,112.39086858826222
492.1341527087478,54.12496100029973,108.82481267641222,109.44869165794795
474.5408882026228,-7.698169432318707,113.01407682660175,105.51208966918091
533.4683501692272,-3.186352449499907,124.70724859651786,99.16129439144004
538.7743175306794,3.062125184100708,126.66159519227804,100.37375646737846
541.625782261128,4.710290638145111,121.69297534508539,102.16407974553843
538.5872414109355,3.430655169500916,121.62629493380672,102.19867984351713
430.6346020096872,144.42385740444223,109.02913233005329,114.70092283457198
431.23967019501714,234.85793279966236,109.58496273242656,117.57157209295988
416.8811526516932,255.20320881731055,118.3366772319163,110.86257981108142
406.18027318335726,251.73912898441867,118.58138889685962,110.42414230126705
401.13630944722877,246.8689242775937,118.57993991953163,110.42068097974855
397.7321200903471,244.14452690277344,118.57988367006864,110.41981685869204
390.7186768838233,247.58404530176503,118.58497862498629,110.41217278760705
352.87564118928003,262.90310215374205,122.65901235538145,107.1118715073591
346.64841170701345,264.5862353271468,124.0306418445118,105.95696776087607
