212.5,11.5,262,310
213.42264418425418,1.5663022232038202,257.75829306001947,307.37124267578474
218.36095597959294,-5.395736167879136,255.43545193241567,303.3381413421059
222.95277009744473,-12.853317830425397,254.3409874769245,299.86810798140743
228.43655792592102,-17.30060164938527,253.5093037343396,295.3352216245762
238.10680549264492,-18.189582025721194,251.50442375897288,289.01798946800733
244.03508790462942,-16.80662776619465,247.80179341376362,281.36595443070473
245.9954021964707,-14.673128580361833,256.86935929571825,269.7978529439573
243.23171718644184,-9.632118623419956,263.1618049397651,262.1932686189102
249.30135804977647,-7.862075847926974,266.5044196135475,258.2361369978254
257.1486630201689,-6.797286808589448,265.44668101065326,254.32550704498956
260.7832661184683,-6.538006753745094,264.8023622804851,250.06967967951778
265.4403887385073,-6.062989298598296,264.7089527261371,247.06203688004877
272.1828127743562,-4.565541170601392,266.0650184270224,243.95265539003282
274.6989994710531,-4.207891751541112,265.75463180425834,241.61492884996218
276.8861393984748,-2.6699898060045655,266.38013689585654,240.20936917580804
278.5502328930262,-2.3103605301358385,266.56599729101595,239.19804103993934
283.7521448809264,-1.2382351179896602,264.3713531934504,238.96046591201997
287.78715352428594,1.0006734477604482,262.41682014440227,238.83978741424778
283.86443774109784,2.4472875621810033,260.0316065310298,241.2633712238283
284.68807819771996,-0.15263223281863247,259.9549599828674,246.33343298000818
283.5045922261161,2.8666625657109535,259.1855812943613,248.8796402884666
286.9437219348937,1.959761999001131,258.11291679791816,252.26898899783686
285.5501413842511,1.7146631742407692,259.1151340801573,255.6066304664036
284.09676412432947,0.5867578329295213,262.61309157432004,259.4424657490551
287.3444357709012,-1.5081048763584306,266.09827997368143,262.48686991766914
288.9889589381011,-3.513613493889011,268.6236586308893,265.7013159576047
297.6891554014383,0.6627171213887095,271.9211836424473,268.1744384566025
289.37529667062216,0.10898572302832576,276.5779595605005,271.43985928402395
304.33770573354144,-5.0490744017555755,283.19431346224985,273.27518462697554
305.8036876879558,-2.6200091160127386,291.43160290272533,273.6586340649503
315.2885236771276,-3.4043166732443524,297.96636360260436,272.7438798289802
328.16203485247445,0.32716232464605355,301.168693516315,275.6272190972985
337.6384701533568,2.845563896347187,297.86025021404976,279.2885456078269
340.81576787419,-0.7990539922807045,294.22896071301153,283.7880560814328
343.6032281142782,2.745913967847372,290.4948704397062,281.9347200833568
350.68291228299177,-0.0867561465707638,286.5821404003136,280.3935182971174
354.76692660233664,-0.8624192082635602,282.63318648772866,281.85813557679495
359.2489643979923,-0.5022556958022051,277.8285542748657,282.36330102928923
360.2758123833383,-1.598773967356749,274.2943382941793,280.40456507331385
364.81882545948054,12.752395506401825,270.31546889543483,290.6820540066561
371.19825889236347,12.150782337489346,267.0509972857114,295.35005638360457
374.4328107283002,11.91488708231995,263.3993853836286,300.503525665916
373.9315700299477,11.04664421872971,261.97267209153665,302.35178296920304
376.3011787016516,13.219316242967153,260.7309570750941,306.75579232954163
381.5357586232574,14.044671448982513,258.43049268171177,308.4700196997985
381.0840373817896,14.521405278342002,258.2406887046863,308.39916063358976
378.59806908594004,10.528243315727565,258.35028436926143,307.63912473368435
381.27161347676275,14.135906200580877,255.84034043930058,304.580426619007
381.6840449787161,19.278219878091903,253.91015722016868,304.07588005927306
381.1094866144282,23.005815333710785,253.19260000236392,304.92879270943666
383.85629438293756,25.85224015737873,250.89274176095364,308.11652301052607
383.6614572032478,24.097196453378587,249.39634765700777,309.35482706662816
383.48168062589804,23.31287158701008,250.76349265531223,308.21182070576776
386.3066542972957,29.44227586959238,252.28043450319075,310.01142469248305
386.50084670721566,33.993131063610065,253.6380407941525,311.47998388910344
385.089534093829,42.06555963469961,256.072295715626,313.27740465524954
385.26831684768035,54.99859756230833,260.3611645150217,314.7561202123856
380.886046903421,64.7131802336425,264.435176964423,312.157876042813
376.4263659060028,75.12392229740078,268.41541771292157,308.5204663171519
362.32029445049227,80.457003737207,269.48842907792215,303.12528904087196
363.2752324194644,83.88110368810266,267.15859121065654,297.9050663910872
358.9919606756902,91.9819764237343,270.40174469118585,291.90086215670135
360.2187053811566,101.88386595581215,275.935698250529,281.8967247017375
366.878755449595,107.9803257881606,276.52651062738505,274.69404179622643
367.5300372106379,114.64697738879386,273.5010398005355,268.30101617140645
371.4572155375339,122.4703424530818,276.07829420783975,262.92331661381445
377.2754472203634,122.92836121471845,277.04997560231254,260.3145373388703
388.02398853660463,135.56600030780265,278.754932688458,262.07211514025073
384.9520546801716,140.16060986833784,279.7586903854548,261.28261239643865
400.6187000636637,154.23755966887748,279.9750440886855,258.29674448786426
395.980454766134,151.75275696961248,281.8082487416673,256.0931759819753
396.51747706527703,153.63225878010476,279.5624524057867,254.99555408248733
396.93769314642805,152.81312162349036,277.0745669353792,253.0369586886086
396.1156546786232,153.80498713802191,275.39877769056903,256.02192330010945
395.320067820365,159.25923684798653,275.88827482379526,258.9532552324141
403.25170690989626,168.22412566098473,276.2735070054504,257.13722615683275
417.15425490490657,174.55900229342552,275.70377020732445,254.30896077647267
409.9409528573813,171.4557475782987,276.25761639069276,251.0106541514284
396.92974135989255,170.01881394606974,281.99272020232064,243.38833039110608
366.28864616285983,189.09971298179255,277.6722189459955,242.35466418611557
398.2170170196006,195.35307161569906,287.2526491685491,237.22203139095876
365.96738164586293,202.08525816222166,279.661854913583,232.20790129412939
357.6959774824451,210.66342049687933,269.01672264288464,227.25407029241657
370.5351393456283,216.86368380186263,261.14711473683064,224.13745252644412
372.0584175320529,215.16520611139927,251.48718365389843,226.41363280380182
394.01767469023537,216.83821651704667,249.52180578162535,229.58176976457122
453.8455359564899,195.67227189324927,246.2963734712842,229.54283992036915
448.3864474344364,204.86813269604846,246.41143848536188,228.6756220226565
424.73872729029426,206.602152864936,246.6694832963512,233.5014182785094
434.9636145740261,191.8586669953719,248.48660020837968,233.1865845214218
435.025021403551,196.5424661141979,250.17099878287334,235.8252156844045
437.0626798793496,181.5254094012917,252.14619939032764,235.78656566722373
431.47493946709073,183.0395473744381,253.006933358156,238.77247705689902
432.9119620012508,179.47180025694826,253.11466738834656,243.06740012679379
435.24097644274525,177.62845049089438,252.90630309810064,247.37575768607365
436.4459794879115,178.33376180506895,251.57337856885667,252.90893932179313
438.4702731715027,185.0211205922041,251.07021280201604,256.18098268807455
450.7111024554255,187.90320381684415,248.59040626969295,254.62008047524466
442.83441115914013,193.29525121787802,245.50958895686813,256.97229338954656
438.9618335051852,195.47853546457395,245.55204269617445,258.90994080420523
450.870416484327,193.4888533520966,246.2161370375735,258.7012790777744
444.5120670393326,200.90814210328097,245.04389702375374,259.54288498605024
442.39883185032147,205.4579945782351,245.86305357807595,259.5649899955536
442.89690865249634,209.92805746452984,247.21568823513988,260.3355461382473
443.8913694076331,211.6409354977294,248.8778149083075,261.5622978538306
442.51980228708567,214.98336542458532,249.85521197346083,261.3137172969938
442.7189647574684,216.94491648481673,251.5565233489948,260.96465964254963
443.0956915114334,216.46413967380005,253.75951315084876,260.6964039803728
441.2069953282306,196.1889908952864,255.40456508604098,251.78364306572038
475.2213852394214,179.26502337561934,253.0895532690305,242.6798759871346
480.70830230879153,190.54786052391302,250.07041816974942,235.19793429552772
486.6029586370473,199.62098210822015,247.75569962944883,228.2892723799652
488.24742659992,182.55449303328925,244.058177827477,222.8971841540946
490.3651522099924,189.63453652168397,239.25567758084293,219.1967434022807
477.9557938073634,192.70976907394703,237.65932480602288,211.08012896761542
473.290218729462,193.9262193826219,237.38283374173284,204.06697617970298
480.98424665522964,196.42571471092288,234.21886751269523,199.48543365633122
473.28549992342386,196.3183821986136,233.68209870061096,196.68548076102792
472.9950534335052,197.25296042772962,236.51379491264123,198.67774970257614
453.8637088195296,199.37548811408882,240.7939440099772,201.2663434883355
372.7860371248818,208.91141843301926,240.48184965513218,203.7694187635606
297.49710027629504,237.91706050547037,224.56837508570413,214.16310288037707
289.194003458727,223.4915332471789,212.8766065321195,220.13152990977744
304.50199433549636,233.42944166640325,199.73636139662275,230.26275881717837
377.8464679753266,186.43472110606695,204.7300923396185,227.79954796031186
399.0158091895,166.28570359310729,212.34540847694564,227.03609006630933
414.1152640130734,175.0728007494348,220.4119483537246,227.0647571580732
409.4743551917449,178.47428673027014,231.6203799232691,229.6882082692175
418.20467259710364,189.51180066827905,242.05449761499304,228.18852066419578
426.0281632735398,195.05596550455783,249.10040452200832,227.86760031628418
417.1288112502691,194.9311618662146,252.50080362927977,228.7708490552967
418.0099510109526,192.78560033638757,254.06379309175367,230.16093060722986
411.9978916255012,193.9942087786307,257.7646143620461,232.08588634542423
399.3893643041565,194.8690346678227,261.33224159079515,233.64547562348253
394.2617490237845,198.27663502985618,264.88446254613143,235.8226111726089
387.6010377883308,204.26821232206396,267.559841239573,237.08376792089598
394.5615699418755,208.98074049825902,269.5019618613776,238.74865450063473
385.56394598683625,208.6991742421035,270.10541747409286,240.86007261646904
378.34519953372677,209.0197868036174,269.775263590761,243.4117936890437
380.8160696867633,214.91408374536593,269.3180208318377,243.25550495081032
368.87024738600866,207.96376405057333,272.42120374816625,242.89567108905274
376.7329522011736,219.9799036670049,274.05971623697695,241.21806905650698
371.38560876736085,214.70622930865915,274.4075574777714,239.88088865942893
374.7834174609747,221.650064312003,276.94100827444265,240.34995483590774
376.4366098357468,215.9970355811139,281.3315281841696,239.60171485048136
375.4080499684673,226.68430142120081,285.4136606502808,239.68131334303698
372.1349191177234,219.4747683845827,289.4045796775132,238.7429317920667
369.74547101470836,228.92077994815418,292.7785680609344,238.52509155676947
364.45917300933934,222.55378222433018,294.58699056398206,238.2606557986679
361.62218754307474,231.3244238981293,296.0830545064599,238.62898129201204
370.7810139417897,223.3973402950275,296.85187708134447,237.84618942228795
358.97005336057214,230.57320413361163,298.3511633560843,238.8460814655787
369.9035564859903,224.40796946078623,299.6442389686513,238.1332425531728
352.950094193233,228.4166342352014,300.8780945539217,241.29126414722577
349.10736531684523,212.86512798691533,297.6738828883623,245.67789938549714
340.98427071379217,219.77396903729482,296.0747447171491,248.58541030841977
352.59383216049207,209.7845633524606,292.8625435919377,249.78275042564684
340.26483889423497,224.7094358669524,292.21985377862677,250.85671717339667
346.58343413481066,228.54374258163634,290.08358359319067,253.40039641523236
355.1522840043537,215.2013387053292,288.8235026437775,253.88160233068842
357.5285449232765,225.82584279022086,288.8264434524162,253.66843896376153
344.78207570542475,220.70777025266298,289.32955377837857,253.97316180529577
347.1023134579921,231.00206928095747,289.23007387108316,255.28142387138746
355.2602431253323,218.15307133046895,288.66839925930316,255.91367918703736
343.7916042402181,231.97256627911673,293.3391479462797,256.35768565815
343.0330420239073,235.66344994912757,294.0697756800449,257.448085333204
346.24361466665437,223.18279253180805,293.1302769323315,258.8830253509485
343.29789825669707,232.7699079709139,294.3781746150696,259.5435227137036
349.9089798116939,222.4618039704509,294.1296290587869,260.23380450613354
334.31684849425005,233.0805003199832,296.7694485631814,260.9161944456187
339.737900747976,216.6662605730978,295.98091194208206,261.71412202898915
342.4374427146272,224.29800940259094,296.11915720570954,261.44939222278606
353.13200066500985,212.27459856709262,296.419376174329,261.7552547263022
353.2715997861679,219.47500711985347,296.372671451796,261.7050874544597
361.79897881455105,205.781777848241,296.2959655343119,262.18987554175203
358.7694224208984,214.69479676839103,296.14837847344216,261.6188273254754
348.15181220392685,205.3078966670159,298.1008649901489,261.11928730300593
348.33031649144374,213.11963921877256,296.2797156422956,262.2308676596977
349.00485595974095,220.28076161963716,296.0399649756597,261.9194413394138
361.43138572312716,208.5032963934751,295.3529821090435,260.84386718358365
348.4982632427244,225.59644267146382,298.9356234016361,261.3476838805359
351.8434804287711,232.20751959996784,299.345293361513,261.81384827609133
357.27990780211155,217.2012220187631,299.9960229806768,261.092545275659
345.6662934361972,223.8214897200664,301.22888983506414,261.85393057312564
356.69638102575726,205.29618032799536,301.48390973956214,261.9998214214767
357.08915637711704,214.52010271246138,301.3430432323611,261.6675562576472
363.8095188727082,200.19474154686387,301.6902878304121,261.0124543090571
367.7127848661032,206.08004486169898,301.8098251032657,260.8052908632858
377.021870268043,193.45441379948133,298.54921445716195,260.46682940068496
354.4156318404564,208.62338922947436,300.1315681739074,261.1853913733405
355.47665968066957,217.70875032911033,297.50744629847,261.92055868517696
363.39023767414244,222.88201871735538,296.6309748589486,261.1058193177445
350.0565226907905,214.67762247735345,296.05972112509096,260.1699538997991
357.0572150968374,219.8488501630502,295.6926203324673,260.3459702462401
366.4706983057898,211.21859283105894,295.9663638297236,257.8262038433281
365.44323662803083,222.5108686803025,295.00978634982295,256.71632064764856
358.08431648239116,212.97941324089282,295.3249424293713,255.8098311205841
365.0532352899479,223.1730120519361,295.13141805430905,255.485598891564
358.12895634184946,212.72386943724553,294.7625887511041,255.0442349205057
365.1249518032878,223.10132377240325,295.3799156077685,254.70906692707015
369.8668460377515,210.3004514569911,292.0910977465986,253.33818010342662
359.54697953552784,222.66811300114307,296.0825782638633,253.21124591587954
368.58209056929746,209.73187731811862,295.44336358157796,252.51213830243623
367.7650446270719,221.6328233505173,294.278114741084,251.8221770848069
364.91211350211375,212.54678330331603,293.50086799365533,252.78127309412636
371.02375410355125,221.7064067705642,293.802018019418,253.43330339656853
363.90134204479364,210.5137381835868,294.0593686490792,253.1720093296786
371.80780817824717,217.9759519386361,293.53589084231623,254.44056926159664
378.03431877305707,204.28087927330813,291.41522705931266,253.36818636349278
379.1553811137613,214.6043224839936,290.1509743323453,252.2112024384597
374.15760632980084,207.8676967494709,290.34886021160645,252.81537908603298
373.26393363091023,215.48109165493733,288.6295523005193,252.62971647999512
380.1643643583702,201.6914686149393,286.2116120644714,252.6379328969052
380.17333081512015,213.46303676939453,286.3059797332016,251.00779288010904
374.32478796860016,206.71953246658342,286.8189595531337,251.347412073805
380.54528611490787,214.51976465745264,292.847161487447,252.3441347343029
382.3526547593215,206.7295099684777,295.9962901463431,252.0011698004241
372.08569306516256,213.6757340440541,300.41830366832806,252.84502783976205
375.19917499261715,205.86408979603334,300.7179702150302,251.28419806492957
371.05393761300076,212.26249997935986,305.26484150632166,252.9595847676735
373.87490893684526,203.31874283645124,306.0501740394493,252.87025617324176
378.7822815836048,207.7503645415645,308.6991538359571,254.9351362371363
382.5379187958665,197.89437091006317,308.0891383568988,254.5514184677903
375.7596365628712,204.07900153458561,310.28432224580195,256.04774254589387
377.94330639078305,197.4087759299322,309.48714059473906,255.21971574311573
374.8907031831409,202.8850573221894,311.9436682304213,256.2595063979324
380.14158598469976,192.19570280840932,310.4613842862391,256.64538896370055
371.51644714584137,198.14540775277695,310.1215054087801,256.63581538630564
377.9027934862571,188.18633004722417,308.12266126157897,257.5759167507803
374.66024078083126,197.35286569466217,307.92943625098286,256.72255889584574
380.63042203590953,185.79365455763843,305.64754198728633,256.8275763237018
377.2598945972901,195.63285582372535,304.81324705678594,255.35305410158657
378.0905744149737,198.74601760414006,305.34488320808566,256.45601473188873
371.84295182237304,201.4398416773807,302.50671336185377,259.12907081666964
369.58194576671565,208.3870228103965,300.3709739129574,259.0412814647616
379.6745817372312,210.05322664169435,301.1545530614038,259.23272233579627
370.6272586199416,201.34731202443794,300.97876396273114,259.5012543748745
377.8311897818272,207.54852644751588,299.8395755357494,258.65865714798133
373.7028428237161,201.8754517300813,298.48074897467677,257.4397707628432
378.570463710144,204.74876355239482,298.0902137371603,256.9513854337984
379.3184184296958,199.8250246471185,296.82216248382485,256.1112688305937
382.69219027830684,206.91085675300246,296.5302505195435,255.3911884811305
387.5481076054165,194.38532763809974,294.01373599471873,255.0300000068344
375.97105658880037,205.9708778510804,295.22004788207687,256.1253809804092
386.58888412552704,197.01316782529355,296.21479670877,253.65137003222702
380.713053688377,205.40724440730708,299.5881912485364,254.3956360729119
389.4791640627803,200.97278831030113,302.8487752177474,253.73764416078365
380.1751013374413,200.87511282239785,306.22059161691175,252.98540448746223
384.47851701785714,209.23959115644908,309.1308224432748,252.4553232466059
383.2310425647769,200.91796168925458,311.45685624158904,252.69724360372436
388.9398146071212,211.2495681292301,314.3168380586948,252.57854824086317
386.7143564992437,201.83490480984133,316.20334239586407,253.14583188037312
389.9189912868792,211.6468347395454,318.1612813014281,252.89945729623355
386.1184018424983,200.12697046035458,319.38005920065734,254.25014853161713
379.52280286711584,196.52450505919927,320.96398500329,254.87895323529492
378.94154904423516,202.9057266235037,321.90013392243065,255.0103394523892
373.6557669190446,191.17267947343325,323.2474702675384,256.953059195035
370.27112454473155,199.72776775735903,323.5883902624413,256.28105210655355
364.4516079031116,200.94111862507708,321.99174201186764,257.2143440673302
358.73422849667037,199.1938557346851,322.242110756696,257.94924846635456
355.8795510074387,199.70578458310644,322.3416062686066,258.37133090642135
350.8424499319927,201.03296737180776,323.21507428100983,258.52744997676956
345.4920483005966,189.74821126573573,323.4014150727938,259.7208978883765
361.7845430048409,197.95192958947746,323.3601268361801,259.27585786259715
353.95049027769113,186.8621560971315,323.0152012846203,260.6404367381582
354.4712499762806,191.48705779330552,323.2268114889199,260.6334731590426
353.9935155295049,189.27217263215138,323.048891386347,260.85481271429154
356.63056619218344,188.23461137257738,322.9998448018958,260.9499213860885
360.0018006039894,186.56673813843474,322.38237740879526,261.30774684531
377.32166207585504,189.68636499731812,320.06307377658743,261.0402166840618
369.4621925025955,191.23473189356838,320.4334735706895,260.1928978123682
364.61728933287674,176.96453674535073,320.1534856367506,261.6377089614646
380.513038462263,189.2336544747443,318.04712226567335,261.5353713298259
372.54397881948296,180.58526362808732,317.70433868868463,261.9551560291213
370.15987969564145,187.88048430591067,318.53191794451584,261.3186102423223
379.2112386779869,189.10165021081505,316.68465499691473,261.45430401196603
371.90008830762605,189.87306645617585,316.77744810061256,260.80641708313027
383.0238910254617,190.91591264667522,314.59472112868644,260.9154270889876
375.10929341983024,182.01720773150987,314.0177159310137,261.4283501486884
375.8787196329658,191.078652039405,314.47326078734307,260.4275623629763
371.61197557501055,182.35591959060898,314.7929122333316,260.6277632072236
383.40639277549167,195.96796194867096,314.17565070834604,260.2521339201768
374.2181665055161,187.30612455432617,314.3287298352112,260.2644969870646
370.47164850882774,194.2920017106732,315.43346779391993,259.42397207500534
387.6773274273995,198.47110254165196,314.72633358958893,259.15708282149507
375.57314552091384,190.1285199026814,315.18248678549486,259.3893863135475
374.87104568848156,196.64695637567743,316.4750355736585,258.67604070367605
373.01155661725767,197.3371386621644,317.04988086355195,258.9425350612899
385.33775898848637,200.37383996165028,316.46551315417565,258.854200306709
373.24720897437203,192.1629797754284,317.3045035022285,259.7368362446435
369.6241581135978,197.59748295713058,318.92227356255256,259.0128494124891
381.5497276010599,201.52210388415114,319.29405595908844,259.02132793350904
370.05172906452555,191.8391972545402,318.3251997454139,259.69161125498675
379.6254631384045,203.75904928994166,317.09096821569796,258.84112875705983
370.5631585774725,195.94975828827782,318.1384594176401,259.4301745131341
367.8319748726791,204.2802699289355,319.62644585722563,259.1689238758617
378.95195993272006,208.14808980792586,318.2334586930764,259.26939423293226
368.0146030754009,196.33081305835532,318.7445344835204,260.1395834895196
366.66361079163045,198.91896558142847,320.3140620331627,259.9534021921526
362.83891671332003,189.0440537272721,318.9930350744271,261.0972993867935
381.34599033415816,197.81345198411296,317.02022770701836,260.01205702655415
370.66024797810337,188.5089615905266,317.8072817245479,260.78314718872684
372.8258632579239,194.56463607181985,318.8594001067098,259.971906182073
368.20581504366686,183.5509364377087,316.4193665303411,261.55186434922103
382.6736685683215,192.7033986211191,312.01191685102697,260.6007779493192
372.45858275139153,182.03140185939657,311.41186273110264,261.8522860449078
382.5363903413388,189.54352861359536,308.9394502947384,260.3649177980459
377.89280090213987,177.54204237081402,306.674680625773,261.6488961429836
386.9068905099647,183.67066386797256,303.9993666292396,260.47141560746775
381.17096704235985,173.09556785992007,304.12565921264263,261.03058322476903
394.7683040634243,184.76286941181678,304.53944464317,258.3140812409707
384.7144582019639,173.32702572211377,305.43614355298047,259.21729327857986
389.06646703335457,184.5013768812044,304.5899793028273,257.2646404599103
377.46849372198864,174.12758453140424,304.6589937813941,258.33700085531143
390.2934392919706,186.47435311491165,302.9344356645014,257.6297784618562
389.5941261013944,179.51266472577322,301.47837888487203,257.3226626482751
392.7378311587673,186.7437835027326,298.6295235339202,256.8751221692465
377.5462374740409,177.00982468218632,299.0629695398476,257.6071141359006
390.1995286734194,186.89790143054594,297.2071050671159,256.79154527968427
377.40678177464827,176.8720574775773,297.3460027190283,257.84208877644187
390.393939074471,187.67585808910417,295.51428531786917,256.24124910429146
377.7003348206511,176.9686040791867,294.851387776925,257.8084422895317
389.09222979832475,188.16876916204734,294.31571145377984,256.8656736167303
377.8909766464629,177.5089119044939,292.72462263421255,259.13977388928345
389.2523860018727,187.52416232097377,292.3178592212445,258.48122892790576
375.3569982407824,180.1197179056693,290.8554532859056,260.00578357577547
387.55223260711045,187.23774084589812,292.0981327466088,258.98267123566205
386.52813928994726,185.80252939248433,289.19267605894424,260.1849154649307
390.1017063678472,186.12598686329682,287.02824654257915,261.29531127140604
393.4961033945114,189.2460113890109,288.773373731011,260.93431676633406
381.4633786650969,182.83249582696337,291.5424822474572,260.8005067115351
391.0706260020189,195.56778716388087,296.9402903537646,258.9459213521532
385.3321227894006,184.3766000432334,298.0742792008761,259.9044350435214
390.63271999055166,192.08570500916517,301.77737938475565,257.96616361873794
380.5058151711663,181.30845873546502,305.5033188453037,258.95622211462455
378.87647910611423,187.3102118339592,309.68343872931416,258.7389097652925
374.5951877656443,178.4371452830078,313.06132282855845,259.8184245200273
373.337310137409,188.07519458613905,316.20114163645496,259.14798349127943
369.8569476990225,180.25549772213816,316.7952583703752,260.2941940832949
378.4460431240871,188.639256385033,314.39428633891055,260.4649435116556
370.76415943688124,179.91876575490573,312.03002446222365,261.79077241290133
368.947898648546,188.4077768193946,309.0699194672388,260.13600105449245
376.4110496937684,182.2162495312889,306.7176463456051,260.2322857637605
378.073302083755,186.16551141313508,303.44699491725476,260.43785459802956
383.1943243640571,181.01838943567313,301.50508024709245,260.0652904245965
370.05132330771045,177.00208790716314,300.04934308671443,259.86156344926786
383.58295463683,185.91211450296484,299.0896055902185,258.6411978339584
382.5221581765153,174.98240089866917,298.7250553986653,259.88985386335054
400.5320522665172,188.68756117840556,303.9960654059173,258.20802985539143
391.4300465042919,180.45738505857238,308.457488887155,258.4511083828996
385.13261237612323,187.41348007213784,311.54775852593866,258.0966003931222
382.5157186715878,177.6017825553853,315.1897193768964,258.6310958142005
374.0177490486566,175.90241005650785,317.6090718994312,257.64857040332504
391.55066348681873,184.3021516904211,317.06703910464995,256.93051566333054
383.45254000691364,174.78191025285437,318.6933207019112,257.92115570399136
380.3141243944662,168.59401707603456,319.67546799354807,257.5383093977189
382.2748633771231,178.3750283550313,320.7367380598505,256.9798459522742
381.6826961657052,167.5011502043644,322.4306080337575,257.6984140974801
382.4206298747209,175.62380564478252,324.3140085657841,256.42950263833575
378.99337051644244,164.46508429135287,319.715944923027,259.0185021994431
388.4745659967774,176.42102701122946,315.9107500072789,258.01688935795653
373.5248899805304,166.74495118639348,311.3449035229272,259.31661943780426
385.51484198034603,175.07583996603503,307.52274297727547,258.34040115128727
372.09847912667743,166.45984950501037,303.6049746813168,259.8472596215544
387.30835027404856,176.82071128595408,300.58069060801006,258.8770142548574
372.0049472982374,170.36317744980607,299.489572899354,258.24505338558845
385.06472757489485,182.47997813907517,298.32253271652263,257.3213026997993
381.14605393250815,173.11671365909135,299.2190421411886,258.8430434517591
391.2230142036325,185.93250666787077,303.14292807171825,256.81461829235457
382.74846454371504,177.13229643354163,307.134980882764,257.3553730810812
379.33323815614426,185.03129577579057,310.01562529875946,256.48161546256233
376.76057044415813,174.4369902690937,312.40499978141696,257.75655879712303
377.16912617837187,182.53760737146064,314.89161975448735,256.28676227549465
374.8184131804205,173.61040949551608,315.50158981395816,257.2156933972568
375.9393689537306,183.22873804678022,317.15087904820655,256.8530635469258
391.57357531643004,187.75204582907043,316.5571546620411,256.40618324235516
386.3415127438408,178.4754429911665,317.90026902688516,256.99322146821186
385.6032896391737,187.2306106215743,321.00322156480206,256.0398548963611
378.4563424100181,182.39243290460323,321.1554782209892,255.39215084391407
392.5182081279853,192.79307249383254,320.97807780922477,253.44971260783822
389.1762823657595,181.0872300920622,323.1400649194612,254.26554742053418
381.7721461669567,175.70233022108965,323.72911143358294,254.86823385834114
391.0752263514768,183.7894803375201,325.0958495478192,253.80797018553878
385.8569301816161,172.6357374752699,325.1726110312173,254.99568395264174
382.3627133686061,175.55772775202004,324.12341457606055,255.58659223886315
374.7203971418424,168.06995459136454,324.6647952290508,257.52700996672934
386.06783345767735,179.9414948045643,324.0124812674248,256.770230962449
375.0395821107439,171.63848303292968,321.2383202802615,258.5696548887138
381.28384158318,184.1861608922634,317.34509342675887,258.09199783948
381.77883951743524,172.41704261021857,310.18413617824353,261.8687483501028
386.3156402709105,178.80404908675894,304.76208591793613,260.693503631275
384.4053726502953,171.3685123629371,301.289934219927,261.8044423819582
386.7959818856501,176.5103448273053,298.38943040413983,261.699763048925
385.7059748053547,171.18609690143262,296.1161421813079,261.72113888266495
388.84922310246634,179.0482510643832,294.58199210274006,260.70816192425644
390.08316920501704,174.0863512853918,292.5952581541694,259.79270519561817
390.613943784431,182.2586631139598,290.89076698398515,258.2036347840266
389.7117427721521,177.59360780884904,289.19937781171984,256.85636197139655
390.32459336823354,174.5801535560571,287.565970656899,256.37444946639084
391.45849393216133,182.03404312631778,289.00299373825675,255.81378107416046
382.5159760100596,173.76993759609962,288.3345666002824,255.80675386860557
395.0554888889526,178.42284533342735,288.9654293007484,256.4332608960864
389.0067135156146,170.05069826412353,288.6251786863404,256.8087272148698
397.3282764684713,180.39941155091654,289.8768014683711,255.0915328800533
389.4103608728319,171.8168549929096,289.4049410855532,255.72555239865505
399.9025900398062,180.82797373974893,288.2698899476495,255.1832171724325
389.31055670721804,169.8689059960589,289.52156258511593,256.1271323839336
406.3154271977395,174.16669537247282,297.2928198340535,254.56522024182357
394.35472175144764,160.97618503148882,305.29317207185204,255.47175171175542
387.21889200639487,164.63520037016644,309.51404935828333,255.67066067444534
380.12684459924026,153.6023618849224,311.14785025016823,258.7938670943963
382.3297886473561,164.18596594043342,314.6792461467038,260.80617100730007
372.903672426105,170.63461183152347,316.56312531772164,263.9025582717508
361.940965609541,163.00843714976915,314.10502073185546,268.6627697263239
363.43564967476755,160.9890040017558,307.3740477964097,269.43126816155655
371.8290949727823,155.814695668713,303.02142805914485,269.9375920419976
376.99477945073806,146.56668243558394,301.3891634123154,267.78859516230847
380.7556888203292,146.84278492902013,297.87194567487256,269.78443628749665
381.1196494370342,144.54737861140927,296.06386739991297,272.37131787718613
382.75086967165475,144.28119296793005,294.8478453590928,273.29820306919294
382.46800607828817,144.55486235954118,294.4107265432473,274.616477150465
377.6190645438394,145.43446740203444,295.7042011572498,275.30753676457516
375.1745992076877,144.8778460543909,295.76458530550536,276.5464448563142
373.27260367670647,143.67366342350968,295.7063680010738,277.92102966248734
371.3899614964387,142.9971182663912,294.3150294749517,278.67729205247275
376.2075833214369,138.85691612221888,293.37083063238924,280.19718398882765
375.58454133628476,140.793493899965,293.3481768097248,280.13381928302107
371.4843750128279,141.44710188160724,292.996029712681,280.2456033493005
375.28808053029786,138.4700005379434,293.2409202753363,282.0069049021372
374.83956174013247,139.95916330406774,294.6938467468871,282.1435266889193
376.74630368404274,139.85571202615222,295.55822931795944,282.3594908513512
378.18973632893574,140.53467170936236,296.39473219605065,282.65386469019217
378.4749786171751,141.43735086109024,297.50692584222816,282.0878464536462
378.88305676056154,143.55972192215938,299.3669697068987,281.40269014121554
381.3754195851306,143.4568555504636,300.27000898848576,281.5336528139947
382.1459893340069,145.79417181558543,302.08292727958195,281.5667434244676
381.5266344981789,146.33036682531124,303.43677163746963,282.06156396009254
383.3645891696653,147.04203836736673,304.15290779239115,282.85234841656995
382.70181980215983,147.0840698772624,305.3762909388348,283.1454090506673
384.88312135566997,148.3793864558494,306.34038661187435,283.12757104615747
378.9517623511298,150.0208708332429,308.35539782621595,283.25312084415066
376.9743113003963,153.10093141404312,307.6269155091953,282.14453099740007
377.2132540792907,152.7133929022421,307.58817974836927,281.5265155079177
378.60397777311715,154.8524451514078,308.1061992090898,281.25091440466684
374.1396411391812,153.40300155720243,305.53055900802866,280.9245124867086
387.5919209003712,150.8568578009303,308.50981906572673,282.63066752053885
382.2621683013424,145.96856891316443,313.35361658022117,285.61826767308474
382.56815055520605,141.38709580543545,315.9671900878594,289.20466483535057
384.078285342694,139.75729935539826,317.4832645642446,291.8750742260751
375.6550054150074,132.8570529456132,319.26295754492304,294.1306947617097
379.2047122548156,141.31232534647833,319.45726792536516,295.2409858364443
367.22537001675596,144.33801998449502,318.640454964961,293.97868242543166
371.53273345257696,146.1754314620927,317.64051519506455,294.2910523394227
371.0213334616998,142.30575547574085,316.66273272023017,294.6837189025805
376.8400913194651,144.79537577248755,317.10841936676013,294.1084971880239
378.20072577463895,136.05984794851463,318.538392712577,289.1271182961748
380.3260511487181,145.97927050980923,318.2691534214805,290.03922875525063
363.3369745768437,145.17584347038954,318.64166615385227,291.05490566858174
375.183716001931,147.39351997294804,317.35410142501564,290.5287352119877
368.4529610383496,149.7183347249856,316.5819325344294,289.16615023305906
372.0905043303129,153.77070005607163,315.3906085962241,287.248440349543
362.82541697017103,154.4926627884727,314.41615799607337,285.29569655636027
364.13518074168184,152.92250009003484,311.2087498416321,283.10481563151967
366.1114844395865,155.68995971776692,307.0066171670161,281.76883045427206
370.26706930370256,150.41350560500516,303.81142281872786,282.49276777067695
371.35092174832914,149.91138826061925,301.5235434544604,282.36092958537955
371.68496039545437,147.40736871813414,299.1215724081119,282.770312492829
372.64196897185036,148.33848264942748,298.09463687839735,282.1715276234064
373.0694309725293,146.26036036268644,295.8168631026788,281.91813856041387
378.56263198508407,142.83870966322516,293.5722680615169,282.28633276634326
386.5322353963036,145.11800323216826,294.79617769415603,281.9323054314661
385.12421231260487,141.84039549055345,294.33195423875077,282.7259356791
387.2480436690213,142.67949833355624,293.28382331951224,283.29353954814815
388.5166360142429,150.31234125943652,292.39962885104626,283.18971797708826
391.1873993488377,151.17319847866537,296.37750964493046,284.5048909459334
391.87955239649455,152.6191622556998,301.91290369533823,286.3521582618597
386.94688360435026,153.52755727214048,306.0003973274478,287.2749865303699
379.2101735910761,152.4041263025722,309.82054949358354,289.0247847135174
377.3257074496638,150.34371417645448,309.16133684461494,291.73253316104245
384.00669067446523,148.16401758078234,313.47658215648664,293.35711647689845
381.3942039727046,146.2944970399443,317.42611093319977,294.7238204556845
379.0433021868213,143.69707285799802,318.25246222492177,296.1658917199677
377.0508429266846,146.03581937985064,319.55221939303766,294.7669557384115
381.4973609439472,143.5016010315906,320.28479943212074,295.5716280535229
373.04007569481814,144.3071123940828,319.99505283748334,294.5998723559166
374.6331013321726,132.77729396709364,317.84339821118147,292.2083907406566
374.21178123650526,143.1699335237357,315.0237969436233,290.736149499687
366.0358785001798,143.9880616528396,314.80575149464335,288.6982231729767
387.1948532924516,138.79626619950517,314.8342450863692,290.0302603534493
374.9948899567593,134.5283495084085,316.4476517534814,291.6530292558148
381.3885906821295,130.93272332017733,318.18065511841485,292.93112798390064
381.9527688909594,129.17734968339425,317.7540935635022,293.83952931401586
378.89632455792054,129.53970599233463,318.7574455817834,293.3894433087984
378.1107239801115,128.29518885829302,320.31377150609063,295.1802022491991
372.2665119414721,130.83226394611407,322.98652385332804,295.8461953726598
375.1978823673099,136.55064714961648,323.0576900336654,293.7656892653376
365.99772715388735,135.318335990239,322.63690785491957,292.84744424781934
375.57636602172886,135.24930578123744,319.02873385611406,292.110670187921
375.4724610829659,139.59806257431637,318.9554808922246,289.48563203511276
