232.5,320.5,69,128
212.0990277358322,291.299776134346,78.23475626539613,115.1557120135345
225.19681580891844,258.8535000364698,91.12288983602055,102.65503758575174
210.58253403815925,211.61889160870427,85.76111753159167,105.99662230016958
210.4985181346463,182.86073884301803,78.32778281868954,113.24279004467684
277.51915625218635,235.56356956373114,78.03128807775016,111.80135437229359
301.980634455741,224.65614331109344,82.02095984446893,108.72353910718324
304.8615265255561,208.48890179075835,84.38826982867913,104.38615477724797
307.5390166771376,201.94722460529175,79.89565220833533,106.29228212791747
300.332194308433,167.63638714176244,74.5697434942066,109.3498701409136
316.0830124270701,119.42969818235422,66.82289660934931,118.78576240299176
319.19477646432716,90.77706431642532,61.11812885835967,128.89882279842377
331.5580841438,79.53523103119907,61.2652336684814,129.16259495969658
355.5659203747173,86.19954793465831,61.27410878355117,130.94129433606668
351.6626352754823,98.85318267316507,64.14293102669888,127.69308781681684
358.3846518252719,97.77971458463864,67.8097511223101,124.4666872018775
364.3915956949828,98.6916992203144,70.40718387849365,123.30525151178283
358.83100982954915,101.18252540842002,72.52069760460026,123.94654968946564
353.52760739890545,101.83025990528803,73.4540968186099,127.52381619606533
340.2921867781814,98.56269071420742,74.624618388427,130.56527696210716
335.94275074193877,101.8427644768948,75.35979779581226,132.361428837062
331.21118922565006,106.26263926265689,75.21745112471534,135.18312106851633
315.7006839209766,97.4717151790654,76.66374898076637,132.88660085801376
301.37460212267524,102.65368458873073,78.59201655075772,131.2819918345205
298.94824356571934,107.24544133900457,79.79704813686803,130.29354097130192
296.06604021124883,111.50828456895185,80.37798411979584,130.08607560363149
294.277754941202,110.4149571555289,80.75704131798588,129.11342342745615
282.2105687911211,115.68913025189462,81.65256397825507,127.96501104972714
281.10846354691074,121.27443076756106,82.39509107415113,127.50148609108716
280.03734703768083,126.7224339760889,82.81534793160776,127.880353407552
281.5719359590712,122.69301467290235,83.26997546869461,126.74762268561696
282.76105248851485,129.0554445075553,82.82205003653155,127.29073691615234
281.88420455580695,135.55198872975947,82.60578390110044,127.50813393011806
288.39537419710814,131.26441220454757,82.49476149014117,127.64201138392323
288.15903683107496,125.50515257254463,82.36870565809014,128.37982138126648
288.367820513765,127.04170056817199,81.98320321858921,131.66153610473344
286.88670941372936,117.27742660573102,81.8416208303426,131.73974566596792
286.60207055007197,120.53285801364393,81.58474086856293,132.76836210581837
286.867177808502,113.55336764783382,81.29164934934447,131.62288498221398
288.5798522078384,119.6017386575513,80.62581464407063,130.95724953016185
290.4487656863426,123.23182247724836,79.96951945013907,130.8335865408837
291.0595754071004,126.35098628007219,79.82540869659641,130.15921185805706
292.70003505228294,119.60365732435795,79.21681597102024,129.54853071919257
294.84183447648707,123.78581835075234,78.68083985095977,129.46678713472656
297.458690356673,127.89372344713424,78.16942242118473,128.70741309918932
309.7052445672771,123.42329365473395,77.18970549472765,128.59721582211245
311.61878656228015,126.6413610547105,76.57718964284398,127.79128474606682
312.9930783308351,128.36799099636016,75.94966147034293,127.04161597108961
315.78933470667187,131.57035783915663,74.8458104847216,126.44635961475085
315.4479153992955,136.74225299678642,74.92512697756813,126.11900396898588
323.1039372163035,144.00906583864804,74.99457786564673,126.8837743957973
320.56495773652335,139.05143783692438,75.07762372401078,126.98993692390286
328.84073190392263,140.29152676591272,75.13094141704426,126.89264428359282
326.78425140713665,140.38349556461816,75.81412383471896,125.3081831428241
333.5024171101798,147.08576483180786,76.24189669956772,125.2791100015111
341.2897671326414,149.86236831972573,75.92555370267931,126.04735278229766
324.60603128784385,146.93703036133795,76.96225680706928,124.28471645465794
333.5354039892819,151.60968352110604,79.24486691871945,122.14085714516204
341.36571114166986,153.75021408767117,78.67657019512039,122.59609934149957
338.0160337054314,171.34192008687654,76.77069187515335,129.77247051569626
344.282376058397,165.70647839867604,76.74899254367287,132.20984730792978
349.0730226706584,163.7599029383156,76.9933323681613,132.42801520405345
343.6522283090809,165.08511424031755,77.496411531685,133.15855687922436
348.4565151410115,171.9668877905441,78.44879673012852,134.55511071566093
344.2884254912185,176.6882662556165,80.20829060109511,136.72895572948585
342.5781872654519,190.1972627808108,82.05261866185833,140.29821052760798
342.42902273706704,196.2988341079932,82.78305215717131,144.35865773225197
351.740416737366,204.8973052967554,81.78325762581179,153.36473545055273
352.7048214549134,214.96331011951753,80.98861836531563,163.55393666623456
365.4676106546085,230.3954912662449,79.19029101878189,167.2679358840103
379.87997783785755,243.61228059299324,77.55365365240587,164.7912072823935
373.61579420912784,209.15922931859592,79.08563533552442,167.9484008346061
344.72087868570327,196.61927909310114,80.5262728093756,166.65713696369625
357.1444468139677,208.3100989776609,82.02004078868647,167.62688803319978
354.87061358069815,207.99399436809824,83.07332511220496,167.8092921416321
364.00307872709,215.64923728453826,84.95758381478265,169.11351997757532
373.7146936867887,220.1476997941367,87.36492793102981,170.97655932910595
368.22151567167157,217.60094267719114,88.64295762154228,172.70797868384668
362.3458053104785,222.54902916140136,90.41917482982936,176.0579252146328
344.20876778664336,223.45637815073968,92.19145315508754,180.2169153615665
326.80243523847497,218.94588530792592,93.15896062813324,183.4145897183061
322.38125511549276,223.40617996450007,91.57035449683934,187.49575993427158
318.8177247610115,219.5355505706699,90.36495003398801,192.76946534478046
314.10239910366516,217.45397015274688,90.11540649394429,197.4552178311125
297.90147592184536,206.21075470509453,92.04656880607021,198.1503183888927
310.20169664182,206.9781302510313,89.47691578775185,203.68198546794815
290.94644656041885,195.16641305510726,93.17659060265368,200.8871116017396
289.1522800464274,189.14471226020362,96.04139000026552,195.1467493060488
292.93295163417474,199.1948733831398,95.91246803219879,194.29358320336496
292.98986309469785,197.15684286856197,95.06909021956635,194.2616921146007
291.53587893277523,190.18383372228308,93.78390134736665,196.89448275365504
289.45852697125963,187.92955096871805,93.4754185295226,195.8136150675783
287.87663033565286,180.3645509272435,92.63413014714114,195.27110786445567
291.73117190528234,171.44114570180454,91.77810248502456,194.48221618215487
292.0029435077489,158.22661940140912,90.8061823074161,193.83961160215955
310.80909358419547,165.51209199710513,84.40817277341944,204.64562716516207
313.9584302097017,175.4584331099091,80.11092383499849,213.11051368039887
317.3343151355809,180.10356529798383,76.66728710854534,220.07793210454236
318.19216173624784,191.7209669719251,77.43415597233592,222.8226247588571
316.33865450426794,202.8356661960977,80.30287104264187,223.52416884591227
314.9669198239304,197.82962087061614,82.66279837226718,223.8441093809086
325.56736250608276,200.8793045859643,85.28054704116563,222.34067824858266
319.6004858298701,200.9648143154458,87.41675019217493,220.69369698522968
316.0395072976229,200.61641812043416,88.34454155003479,221.07467496957327
311.58835575313446,200.75432696385744,89.59379707736619,220.3995643368649
307.29994600362244,203.6811056794076,90.64978880615708,219.75359128686807
302.2781058984348,203.8362226854107,91.83047386882733,220.34453360828934
297.23335838484786,207.3101318861349,92.49477701672862,221.98931984398692
291.45809974457467,213.9347404705646,95.1765856867404,224.66239156978082
292.1109843749657,236.62560791054267,96.10973854509888,227.43673121375048
290.2854408919904,241.39911223043777,98.50946271045139,229.8938891770487
290.3036892675204,239.35067226721105,99.820165041766,232.34831006858238
289.4066873996699,235.17534254525629,99.95867706775776,235.2702819400126
288.59575675067686,222.10274602329014,100.6803829406722,238.24729070354942
287.01013836417883,224.67195609574065,101.24038409507695,240.94129233828093
285.5871512724658,224.5089828279612,101.22784826110798,243.46861936509657
285.6294667700763,227.02174084323087,102.50411361484021,244.63138725484535
285.34498554777804,232.53803197968995,105.57484703264234,244.45360234520845
281.76666110965124,239.80907085289257,111.34220366875306,242.11426336070502
278.04007892120757,245.92410563758145,117.45450553305196,237.55574072736243
271.1248278733491,249.4349814898672,122.89029136595147,233.01658756595805
263.66988748284143,250.33201979370537,128.30541354100976,231.48352571782226
258.67641188001653,251.92767744171516,132.5415240827497,228.9784066894075
264.9587613878065,254.2616194534774,135.62006504214543,227.39857660760973
251.4944283665904,252.9614785480036,139.96584534239003,226.99816175946916
258.84170691698387,261.2104374364038,146.90959581301428,221.55428107678495
244.9793485999879,262.2639150958239,149.38904839366143,220.92976742168685
239.69693440148566,263.66356195162484,150.72798377003602,218.8233855138073
236.12843348877112,263.02963558557985,151.23533357214964,218.4919707631397
246.6346746658566,264.4143215876438,147.5772365939553,219.6386699355408
235.36092669302576,261.36537041476345,146.29832606073512,220.25228740352438
246.58440176354895,260.8284003830812,143.71896014820436,222.803212444611
236.93930924463842,260.5726679276154,142.6617273546045,224.1561338284164
229.70667598052228,260.2699774184147,142.45512365120842,224.44231310917542
223.744922299522,260.50312536879585,142.86334361391698,224.01413737388037
217.4060460476859,258.0140337187959,144.3240026498768,224.34640802663301
210.25471953801713,257.7714275909438,146.19395360470017,224.8589538585694
199.61084716556013,256.43167545857943,149.28330738892078,226.0150712872462
187.49170943574,259.03718912159457,148.1002762384536,226.81582613055792
176.3921771432399,257.4437462998084,145.64489898995774,227.8663008225159
171.8293168249284,254.24183391031704,140.0349266486754,230.58775899192528
167.4101416607446,250.8817913490952,134.84950092266067,232.0770644665418
165.66477786098835,245.59597690640737,129.22857042585974,235.26361825960183
166.91729584143445,246.55227991066096,126.43849349035054,236.45044519634607
169.1819345659347,247.61466180991067,125.981951827788,235.95990879290432
168.3079165674754,253.08962221757932,124.70442029312093,232.83969083172354
167.0762308597681,244.90535677557293,120.99882446152628,235.13567857151025
166.73645300891056,235.94235533499312,116.12133422665687,239.2597062024257
173.88985351763694,242.86932409551025,113.95462224423832,240.86131696782945
175.4451560975064,234.77315647177016,111.20293977465249,244.21884386570025
179.74384695443877,234.09689620372362,109.537250661038,245.8034839769362
183.39869933919374,231.11573952903387,107.39371744227878,248.08722514842873
184.72566944069132,227.3435074856027,107.17544856878189,249.02078072699035
185.67606116265665,225.46274984239568,107.95159364505389,249.18838055091044
188.36091746525048,228.42048471355722,108.85769366575124,250.60213158037692
203.37684862843938,227.84700285062596,109.72797100306974,251.8107996214846
211.12466303166116,225.84493668842504,110.06790490261986,252.59033496865254
229.50092950852886,226.6731591756699,110.9750666205153,251.69998217536858
235.46475867866357,232.41706560859683,111.4022228096648,252.01658024396298
243.3208347964719,229.80487362497325,111.28854793763459,252.36767271874794
250.60876618295913,231.3749648328521,111.4067369072138,252.21246230311232
256.2768221364159,229.16823693735878,112.35215538054932,252.8077876009349
262.1459112886126,230.5235959168681,113.79953634892205,252.6458875149174
267.8851987650784,227.94267689382798,114.89980737377353,252.688326967095
276.03441507401214,228.44565840567043,115.55688584904573,253.7788693469288
295.02233493056667,223.8268994269983,117.46248534492105,253.50806268116511
297.47395679015005,224.36906490311836,117.52140602776234,254.78397647990158
305.2296294437501,223.86551466468478,117.97031634342598,254.31007736780236
322.00830401833605,231.80418572948022,120.13498257511355,252.6033504344395
328.1935478452264,229.00337607224805,121.22278406775618,250.85634027426397
345.4093000721615,232.3950811280219,122.7238014339544,248.59844285802876
363.1085549978176,232.4674974365661,122.9807671990973,247.63165438127925
369.89738902914127,234.54226144774782,119.87484653482633,246.8942395486131
377.9409165246154,238.29646375755186,117.06117659179074,244.99125170375473
380.4081049415769,239.0799653104991,114.48491709986301,241.64951791548725
383.7957134852234,239.91404158878208,112.52621450460484,240.20348933944342
386.7073583079916,243.03579365125552,111.90586103155375,238.51918168666452
387.6520156637634,243.79464581308252,111.45798368363478,236.4828870319329
387.78089323420147,246.69795621806952,112.07520023055235,236.2789960193222
388.3491218612534,248.86888817665903,113.46730194594609,234.06087635148708
381.7201190474326,247.69336084491394,114.38602649143446,232.265114284478
376.5908210824912,249.2094183695252,114.11386451726455,229.8881498275826
375.326277045565,247.32820665464504,114.17473617189694,229.39941549672278
365.9142059381328,251.89797369921416,114.72084608390492,229.12914028819978
361.46497562626786,248.88087560154972,113.01268210436328,228.96691390662437
353.5087051853053,239.73432562359724,109.60323392684015,232.37769250480227
348.3266898338173,240.75591912922832,107.14780662200374,234.41614955176766
342.91612251374056,238.6037934256448,105.82040171900535,232.63525024024574
337.80017317718335,243.8023049300177,103.96006864163144,232.792122228143
331.79516014495545,242.77409626124023,101.7789907708456,234.1085958825505
326.1942922968451,237.30727554136638,100.21020816414878,235.5584335732137
321.9642122215988,232.19291435051437,100.63611042584745,235.84694084413894
321.79302989570044,230.4790953948186,99.9175655679853,236.88398403469006
316.1647012475056,241.09718937778777,99.57186118529786,235.6893533807634
312.96053790847145,235.99604648708538,100.07187935735422,235.55343668566675
314.47194356166415,225.5796897999986,100.73077853261246,239.07601707949362
314.40567210342294,233.45383962018238,102.56174686127295,240.57844795365241
314.6283723807115,233.35445425374627,103.58065027703272,242.33752630848053
316.00431861246756,235.96535270604693,104.64662390048045,243.0866895441075
314.8920257876959,226.87582707656924,105.51982812893459,243.89111845809217
316.1807411928048,231.99205567020346,106.84323497855257,244.72776069709323
315.45375447773347,229.13639507334022,107.65371714053737,243.7105719878656
315.02648160515946,232.6747947606721,108.43283583777708,240.90064931074212
316.6776929223283,243.25033462521833,109.7316977073762,239.61746661534107
318.7723266633624,244.8389252985137,111.38082486718412,235.57449424597283
321.50598678125806,250.17912143160478,112.00380662190187,230.89905536419002
324.7325717645613,253.1331579200305,112.03882301470082,228.14425883082004
328.47377950069523,260.26811123268357,112.85990485688617,222.04040502381227
330.9165935665377,264.74477228990713,112.8398706354185,219.13013367535632
333.0068173566153,268.3889356514446,114.25575894317232,215.13728219680337
335.5797312612369,269.7454637466289,114.24679818028528,212.0796853210196
337.70184213005996,271.9770317215288,112.40660962669062,209.2004853472482
340.457871640613,271.3625441496279,110.35388354854723,207.47504898439715
343.77357151179274,273.00990874093674,107.88443248706541,205.89384950778086
351.84238142260045,270.1939231906407,107.74648936985668,206.21796834015387
350.4085188321489,262.0387262226055,102.16751540830376,208.5462560674231
353.66400629480347,246.38865740286914,95.24590203141832,216.29198467979614
368.0655852135212,255.00062896367038,95.51812261195158,217.37533831112336
365.3034519585626,252.27821128216976,93.57703420243523,220.8547316127003
364.9807596299889,249.27871016986057,92.88089616594867,225.7076336738589
367.13461944143415,226.74005298417134,92.46462051087734,224.73549049518857
368.6996881625902,241.44943752237344,97.34190837679287,217.45941398470234
370.82606186510054,252.5131756687568,98.44031577600184,217.93077459073936
372.4953872430009,258.68153873244415,99.56243371984715,219.47042652275184
376.4890390425438,251.7699844860736,100.22865928793655,218.80202367058325
375.28439490089914,245.4827491487065,103.49967743153171,211.25215238059582
379.2726195297119,250.12934968342913,101.44763994758782,209.41590722087955
386.1530503272859,238.42210647816657,99.94274358528907,202.8425739597738
391.8708088731224,238.1240757251454,97.03580715920425,197.37287962169995
398.7988832941352,232.9310295006027,95.60427894553578,186.90627660569743
404.66212856362796,238.2105861497358,94.24757943743394,180.9091173288851
407.8579263136605,239.31192085591798,96.50727483092345,173.5657299332749
409.93073133322014,235.53925205322506,96.37295200417608,171.4258086733043
410.97741706123827,235.14904068583223,96.42711634907369,170.8378714847272
414.40223329222493,235.23442007679415,95.35114073219316,169.87768941588857
419.26971737520887,230.05138688182996,93.27581287842004,172.34836672576935
423.9837390570827,218.96402684904905,90.76258923207966,176.6357042840069
427.2073303011238,202.90163392152027,87.63380617331875,181.9967724876973
431.01586583053916,185.70104294007518,85.09129194203322,184.77246235464017
434.1925332423447,177.25125113750946,83.13871967640546,187.31895281249382
435.59218837259465,167.84262664512875,81.39394826192152,190.49761766029235
437.56605865520794,156.99665758508564,80.12751191307984,192.617303506819
438.50988623098965,150.2579795428641,78.80971209389101,196.16013982350086
439.6504917228842,142.64180366397855,77.51405663969624,200.05804372055417
441.1172816237889,135.95264638925477,77.22251399113094,202.88098507816824
445.2592604907211,132.81428051793048,77.28006130792568,205.0557060938881
450.91364562531857,143.72657316931185,77.83894107077428,209.53389331309802
451.6381309970161,196.08243015412262,81.63159229850955,204.266278769746
450.7795962120876,211.70290881624396,86.15155336121018,198.51263376239783
448.0920632952016,213.19002095177794,91.17545965218315,192.57840230062556
443.0065865657958,218.41932369298743,94.13456056048818,186.1833744701841
442.0365578398447,226.44731661198585,96.06967209999195,179.81458727110328
443.2995464085705,231.47037312574253,95.82882141021794,174.65381922573718
445.9385869816119,237.13735772755626,95.42033436127265,168.41882711103787
449.62240533783535,243.36423551759628,95.40550993901743,163.07958063664023
453.38901764560256,246.63925026613265,94.95052714858672,157.66708563873587
453.3887096274903,249.80915252340253,93.91355435004866,153.94139612396725
456.42907436930005,253.33175805574746,93.3121616050156,151.33217825385748
448.46711989016603,254.48356064927418,94.00487511345457,147.69471171579085
448.3924293503559,256.66815044784516,93.86682438674887,144.18303660568648
453.06379272823585,255.5247376452516,90.48329276801296,142.49494813692957
450.41790446893947,253.45683267045922,87.30009656169119,141.83096675045476
448.5930413793816,254.12877620534823,84.37572081591061,141.32891273569615
442.8665598833933,253.96664772631087,83.16465564016261,142.26555782777353
434.01538861215,251.86659084667113,84.0168661941238,143.35720114714212
423.68660736190037,249.51206769499677,85.50875829972559,144.4641184679469
423.5978583064639,246.49371216064347,86.74401819896683,146.05957587454412
412.27547359508463,244.95809394158928,87.40319191860031,147.88390770106497
403.2495521608618,243.05766066280952,88.08639770208504,149.81740258027213
393.5524347254192,241.47054625387258,88.51631715854157,152.46722043508754
376.5074790902317,240.01344229050693,90.08720071895561,153.9402691134668
360.8324814943338,238.63221814147528,91.84287561351022,155.6309800028921
347.29430306776953,233.54668767893622,91.29003820699522,158.40349995430688
342.9004263051798,229.65782347898244,91.6572394784515,160.4933783557403
327.6985380174899,223.21283879352967,92.17147252050614,161.22093126851595
326.65484219460205,219.29306287268457,91.66288900568301,163.0559355142284
310.10068301239085,205.07830746216138,87.98658517772267,165.37221658368787
309.3761135630965,201.39487319480793,84.8099806871817,169.81572691641415
304.47113896918205,199.05117704325505,84.74074992048183,171.1534621608041
301.8622066274959,198.32739297800416,82.44345642743204,176.4492649447788
297.82003828909546,194.42285261906991,80.85860746580516,180.31767088084797
293.0451929753906,193.67102996211878,81.54605825556831,180.55235571882858
286.5318418789262,205.56206084648838,82.36660848621689,181.74583411122222
272.38704129565906,203.34813834881174,82.25250787052465,181.05754827771804
268.2561655559053,216.0088692079303,82.7320981142228,181.6055151941245
251.47005479154743,216.35116252932437,85.13275744811433,177.6003649965726
252.13197766039318,222.1745038680435,84.13641819302397,179.06733073374613
254.36494639979804,224.889403960679,80.23336182631294,184.93226073493753
265.0024123991249,224.48240122875217,81.12019206520799,188.8066447502744
262.11694208852504,230.1657772434411,81.58501992014195,190.98091120691942
261.07705644733085,234.47676347377734,81.75699338911481,195.45695643881285
261.5982998767932,237.10534470906984,83.31954851093349,201.96134296419956
261.8629798774798,236.31808061716276,84.608375269509,207.8991719483372
262.9410042408224,236.99104398914042,85.94430638024141,212.73817600577348
275.6860130219198,237.08111053415956,92.57213244597627,214.0676963647937
272.9002920603571,239.34782576030244,96.72013140931617,220.47648278567692
271.3296045986392,233.29618421269265,98.07222901761224,225.150932873084
271.1154318960837,233.40630745968264,98.26033563697955,228.4314819819025
271.77620416941954,231.72209605251697,98.63217991000238,231.53211525355883
270.4848953212737,230.20951467590297,98.14378797036872,235.45873311113786
270.63100360605245,230.42442227400875,100.03848012273505,236.2770913901918
273.7711684618313,232.17563198965144,100.65662939601026,237.91261141203142
278.46399910749284,234.15280957530376,99.87327447065385,239.41998767459518
280.5305939317578,226.95451472371045,99.70087116474481,241.15935844467634
283.9916235015028,223.69091060478527,98.56326207942361,244.70259675569258
288.3646655033466,234.21397502871523,99.0080474070958,244.20766114513737
293.0921274730184,223.20092066403035,97.62707709629217,246.9134096907913
296.7572441655688,218.95448463520162,94.84251708155274,248.20544222894802
303.2768139034753,216.30549306119926,93.6247286570704,251.64092566305504
303.7116780754946,214.28778437893772,95.01069923232794,253.68189984940128
304.5198659319261,211.85119522283716,98.73941820025105,254.91157926404986
304.8436822241274,226.9728742839598,101.87932032959364,252.30629220198523
303.05649888238736,233.5468963478019,106.84090763418273,250.85823357845146
304.72554711898414,233.81213608779086,107.09027787775554,247.729864198266
306.1921022157423,225.88560274745532,108.66639209906464,249.75125153475983
309.32530968968797,232.58978409175094,109.16125768782484,249.42625333286293
307.46127362828105,232.397513279706,114.91378893425023,246.974978573591
308.7472815278504,247.19199075646537,118.8477274007059,241.18034086555562
306.8990823714898,242.76473182603206,120.68923536690008,241.22931578056046
304.2516810454386,245.46556352109414,125.68072869759897,237.76243406100667
302.77580721303275,250.67975088407846,129.40121957940212,234.3097678196877
298.730472731636,254.94710236111445,133.16434432985434,231.37644902851855
288.1940110879816,254.99837363200348,133.10842240231935,231.0604744280485
299.79258309600857,256.50385308844034,132.15731110110917,227.62086874207492
305.210132315969,261.0602609092041,129.4166693338567,222.91966465755428
303.97920665860534,266.1862360116402,127.30397431145639,219.88541827195692
297.98641930960537,269.4078056260758,125.95977319921468,215.91229790676368
297.59741364766046,269.6652803370394,123.50991954240683,212.76607736095033
295.1719162643504,271.6116064388626,121.50161655664661,210.184317500825
296.4622284210147,270.3174466142576,118.65044091942733,210.33531000350493
295.4728777763497,264.8384829324918,115.43987028187733,211.7654196409013
298.83551193069917,261.17361600818367,113.76958558905372,213.36163631956512
299.1930884536606,254.2513472250003,111.34629467329586,217.6101112257146
301.0013706893875,244.34955220224157,108.78698165524179,222.1435377351603
297.1713083988585,239.40421450511025,108.45233904727388,227.08951098098544
293.35771341415443,238.92267973825284,110.33135101146354,231.25553051546322
287.6717426511116,238.30772210178307,113.58780829987836,234.4911149053766
289.8561235055511,238.99974196669112,115.31234931774485,237.18178840569357
290.5214854727597,237.0934529282345,115.80780786795451,239.06480605970944
291.72156511934935,237.49049557299782,116.11166549867963,241.18012171012424
295.33162880051884,232.96188288094606,116.82730817113071,241.41802641551678
295.8487335738436,228.43784264920825,115.31676444007293,243.00995539354932
295.6917810155886,224.7110241612299,113.10188218208646,246.25745375866617
296.9673574812504,219.50879683587127,111.0307887552718,250.4652192805077
296.76427555557075,218.6951393269,109.55738855977145,254.72547125294855
297.63865397583913,213.60676278356203,108.16129526603527,258.91923455156905
298.7882361175422,210.38318270133448,106.43012665008663,262.34803648543334
296.5350380292208,206.1229267109936,105.19123207050387,265.55527312889586
294.623156220331,207.0623849308546,105.24746810802232,265.425579444606
297.6940775912874,212.6825199667196,105.11493465794914,265.8044805154541
298.15520002888877,217.2357905855936,104.71387220061595,264.04592692953105
298.40029921303625,222.1600071834238,103.74398435344672,262.2340137381431
298.15210774473894,226.5708926067611,103.21650898124925,259.58026027885865
293.6626964892301,213.56778654815366,101.31966392024553,261.230564955888
293.2299241893776,215.45068352556711,99.14634843732419,261.6402985736929
264.695926348671,206.71869928936079,104.05374917855178,258.469119951379
260.09047243837,202.66251603956016,105.72868249659034,258.3759353035193
257.38997519876096,206.07138589098906,105.34975019892238,257.6492338277428
255.75123977619995,213.7815399093553,104.40121978137961,258.3809948828072
261.0659635094681,213.8414165430931,99.73217528038906,258.4326325064068
260.9977158106477,215.02169555012404,96.51085803497861,260.7253213719225
260.5822033055149,218.72778758367423,95.1206561146259,260.0148232102787
259.67254899243005,220.50067953060753,95.38343903355077,257.9959230377637
256.7974318081472,223.1254792404506,95.77229330186617,254.9501397935384
251.67478536799302,224.56572352300145,96.30951351982104,253.53202829981728
248.8580548350648,223.870118251001,96.23410751261844,254.72498439266252
245.53351131301525,222.95001157173957,96.57583009291137,255.99047832216928
241.55633348479972,223.29702608249966,96.8859162829423,257.8329850405478
237.8861518937538,216.1729721819333,94.63290139801751,261.2195253444271
234.68380322823805,211.85810533232151,95.07974207392819,263.8604160794783
230.9924213028041,209.44636893933546,97.54174100170036,267.069241000155
226.13554829706072,203.43741412867863,100.22758631738631,270.4008284092494
221.24827607585044,212.23818597573538,103.8595869670823,267.82347371049724
217.1033161472128,222.61401864536992,105.81785799775844,263.7805066439332
212.27428769357124,215.72903058132755,105.46734328028569,264.6681900245204
207.948393342185,215.9414194284808,105.2687672979996,264.6380115891136
206.93362897559706,220.81252228918584,103.84857445639219,262.1726036391574
207.80841164298988,224.9031411613655,102.07226402575748,258.97334717226386
207.84770049457558,226.72009907268702,101.76651294948296,256.1609758180237
205.14035489316058,222.5595209014363,99.83331425210541,256.4568950770901
205.0512678002686,226.71588481602996,100.6777946951373,252.6524151002282
202.6975510447843,226.8065741665206,101.80713777679992,254.0680957683342
201.5818571484201,227.57166132573428,103.50164895066608,254.1671228621077
199.11004111304194,231.66808284921348,104.27576636535552,250.97807925362588
193.84696586989293,217.2498351285796,103.5843207975764,252.4322886231163
192.96010652766634,221.35008647445363,100.31699810782305,255.34686485745465
192.4879028884781,221.43520261268978,97.84775892662009,255.78062075160614
192.49017515259035,228.8671126401456,98.78837770796969,253.43472309812273
195.14025437762226,231.88035520264526,99.85007524164,251.04122761812766
194.4393281359885,223.06222233904114,100.45990579468977,255.1475689526357
194.69120747292266,216.86472342089897,102.17632524811029,262.1277952320658
195.7672711540605,216.77601673445054,103.97652108415309,266.0430697614263
196.97151634668086,213.1231248042625,106.15089402975346,268.37642243894106
198.37727368489584,212.04935425274653,108.89119915465403,269.7808007907752
200.37002880233737,211.81629338765728,112.17094246362471,271.0121566336932
206.01618709777588,219.45474249678065,114.07784653009634,267.441151931987
206.6211482689756,216.2208452958671,115.1766574125657,266.1774113759284
206.14907088488388,211.78624614293034,114.72915649723168,266.8689926087428
204.9761754018994,213.00106057462034,114.13099084965992,267.23973253122097
205.8299922454896,207.26547998436934,113.59880546093389,269.4256811949383
201.8486167255668,206.8084517256877,114.76040951667908,270.8039363612312
202.89239751479943,205.93131207230982,115.12307734457067,273.02421598651415
202.81697902517507,203.7931208191671,115.78883080340694,275.8081363345965
201.78943284067475,200.81590618251386,116.68360086386727,275.3009157131886
198.8222362900712,209.22592767144948,117.42916072837997,275.9891716092187
199.05715218530034,209.78897781420113,117.66668801346799,270.3454293025362
199.7623638239651,212.75323501722,118.94442324825394,270.88611598445016
197.36099921595755,212.10665943365927,120.60804380643212,268.46868274948724
194.91496489365963,215.4340258894619,121.97654668183242,267.6907565738744
192.0586786750955,217.24196227690936,123.94151594093634,264.3125425976741
191.94296973117594,214.69173126805043,126.2015073418065,263.74638912924695
194.68158268827858,217.82753967026707,129.99904930327259,262.3289707806242
205.61690501488414,215.3808366042097,130.69409182962696,262.24945077290744
204.72099158538632,216.9074657452747,127.56815879329787,261.84224866600937
203.0137400719285,219.9922507324551,126.24177703932968,259.59851358582887
203.66155477848702,225.71529157297215,125.53505921917304,256.6110519762059
202.7003851752877,224.83136531725776,124.34533597134808,255.32918348505592
203.3451906464183,229.31886846364753,123.90194862184498,254.56351538044777
203.9832018251772,227.6378881190441,123.52038104156799,253.78219747086922
204.03930367005415,226.49950458593423,123.38874439732388,253.80358033031715
204.82930208874933,220.19077365030265,123.93832686558235,254.05129027134348
206.7097265826445,221.0563491712138,123.67024616545069,254.9942944648117
204.89970289794326,217.21648332031418,123.9044102035543,256.01234642189047
200.14274168257725,212.98214870879664,124.60924583466479,257.2976617440161
197.35232669547838,218.05227752265063,125.50666802535417,258.61529462686724
193.10094392214194,211.9660277934946,127.75378925058547,261.0868596750841
192.6449424341871,207.70756343503422,129.16516393393454,264.9980449838017
194.21290514383946,206.7834199164502,132.6984093711056,267.2537590338901
186.45462644545444,208.19508867105264,136.8675088821335,268.4655873114284
182.85061692722093,205.55809251061999,139.19514108922428,269.45805783511355
183.01956832689208,208.08603102676693,137.92911684231882,269.99588407277815
181.86020513304018,207.23014353417818,135.7026261928217,270.37336426196566
178.4036354142802,206.19715193688532,132.1191959968578,272.009543071843
176.2607836170924,207.04327489340227,130.8629240930339,272.37311547812976
173.48106286654794,206.58537905135668,131.20990841409963,273.88489942935274
171.95655412903236,204.06601790702024,131.21167013465998,272.87053686771435
166.82926633609554,206.19084399868657,128.52728278413224,270.82700684433956
163.97065562366893,207.57648913152053,124.96988224548447,269.0902116939518
160.05555664439711,207.79265176298057,120.71540822984599,270.96837155561974
157.44529594091227,204.5364812869137,116.27392135129321,274.3611885056783
156.38068034746757,205.31317338814813,113.68354613864648,276.7141494322225
154.04114396708138,206.06180868099602,112.75507638461787,274.98363967263754
150.60861501174114,203.5399164315891,111.67773908503221,276.303930356983
145.5428746447215,202.70225758629473,114.19182012653604,278.832456231814
139.00056249868783,198.88099265672895,117.4008378817382,281.0855527070039
129.94311042398107,208.49065313462165,122.03628989797303,278.67559034802025
125.72196604173311,191.71645446200887,123.59633216817572,281.84568225806515
127.49904121393284,199.76240113111743,123.92003187947083,281.69603917161805
128.75062682151668,198.66514079734918,122.01753088277084,281.9765319098485
129.47695420634506,191.4660420748247,118.78645053881142,285.2424585419092
126.99750360142258,190.44726610905857,117.13391109008705,286.3023334261888
126.9914102573148,191.7842466992737,117.39009144805092,287.3006573257146
128.4185333380796,194.5081844683895,116.79422999111112,288.0210509448927
126.66153492434121,194.6819690596325,117.07142519428984,289.6996954083417
131.4710648613659,195.40414482315435,117.20342008403438,291.1325959831962
135.59118069064635,193.94862576514902,116.76143004076891,293.02994529648777
140.36556614315595,199.31341513121419,116.55550314514912,290.82011906679884
148.41258195312622,205.01739791013182,116.65584179498401,287.5762179163122
156.55416979723347,195.19534236693994,116.6968505244941,288.42565126832096
161.22685832425537,197.70312475161484,117.58477654051867,288.32275281977195
168.91232120855034,190.35139289881573,117.25350836470216,288.1107311432901
172.7866179975687,191.9576720315852,117.7473206780839,288.25663664194184
177.3466547574563,191.90482287595108,118.0925505793292,289.33378355350226
183.52760949085564,191.1169510650701,120.28209088822635,291.6450996921824
186.79347511635711,190.98351695341367,123.48330698677168,291.7472093524536
191.72571477623435,190.68643076097703,125.26215824105287,290.1907042947762
198.9574050949082,189.75065442191112,125.67240622003814,292.20354507458114
207.1950079286562,194.34658280087993,126.89717270525216,290.66649159270554
214.34620631966374,185.84569598714512,125.5849664292185,289.6792877879242
221.56558380971913,179.87334000758833,121.83896905561409,292.1109744632243
227.0318821961225,180.6106776905532,115.33458587915135,295.0306534407089
235.93834270664036,187.22004698997318,109.1554424765238,291.13143388483763
238.28933988084208,174.63984582462496,102.86416764201353,296.5918812289618
241.5818536946853,178.6177297303709,100.32387306181245,299.1785814884538
247.2376152612593,180.63789319702525,98.41538318519518,299.2836636623534
243.96017867790354,179.10183042654546,100.95119860120481,300.67100908246334
255.8093628992512,185.7709331995572,106.55221522931024,297.0603216181049
253.8929415595735,196.5132683822997,111.14512054361057,289.01709755694117
254.18657165204968,185.82795000711377,112.03656731456795,290.2159432306529
253.3646067332113,179.31571675904138,112.64137921992504,290.6127089211336
254.71746968263068,174.87856179063078,111.12035321408408,295.2073295459736
256.523548858191,181.78960186100647,111.89097779905954,296.30633571656256
256.1886486100307,183.0225581147036,113.46314988074927,296.6220677919167
255.07664306625412,175.4400820903547,114.94866931390642,297.7364779628679
254.5048354195632,167.0679193120918,115.53034065901937,299.5150375663298
260.080395553811,160.1611124923,115.09921112080944,301.73914219559845
269.2025906200587,158.64085800154817,113.58559682144386,303.6326942564783
275.90896192559114,184.07010040460383,113.29882600450739,303.20948166716386
284.2998448814395,166.96929635514397,110.8444631613531,309.02752577072226
289.0824303605516,171.06910695569124,108.73624143713776,311.70106874656864
297.31211059481745,172.59177871069147,106.23740075925548,309.29407614055606
301.4075292905148,179.23981810320518,108.20378706933786,302.81477792269783
306.17740275272496,183.00457398199836,109.59537559413627,297.38377952990334
309.2950731114963,180.5603627305744,108.72645371509452,294.1983809649412
311.8532336414671,177.64121099629384,109.51452394391029,296.1624790826265
317.50032370963567,174.73680871866932,108.99477312886222,300.73732694327254
323.33746628735844,173.3064484075978,108.13706588479357,301.78866035838433
326.3582186882455,173.40895702682016,107.4495668966182,302.14966670812015
328.9027235759511,178.88341251687646,107.08945087807348,298.70054448914647
325.41446459382803,167.94974332662116,110.37042436104207,293.1664546470008
