313.5,287.5,51,42
315.09376430129464,286.51641993369753,51.28035116959698,41.63939335652001
317.17403425894713,285.1187910858323,50.72829099252749,41.811775600208904
318.6349545343645,284.30550344882215,50.41191895327414,42.171657758994805
322.2195517885956,283.54184096213027,49.63308384651485,42.31037594565065
319.18177285349066,284.8915765752304,49.796312042957595,41.72217800817725
320.7720959919509,286.05086474756496,49.7449284518129,41.75081922332254
322.62443344804893,286.8478463205661,48.62948169284566,41.273364561207075
323.33306324747804,287.4710204418507,49.23108267252443,41.174943006831995
322.28575698005193,289.86647609129716,50.51426797177328,40.85083573549655
319.7041185225438,291.76012704339934,53.23246055336968,39.33555107181641
317.9390043022099,292.5883481219569,55.343950390445585,37.28260951933074
313.5562281343595,293.7755305884259,57.70162194306534,35.694986617967096
311.2553846604858,295.1534987228881,60.0906934008531,35.042777928159474
311.46297834952924,295.86234106829477,61.7987782033234,34.805659429019464
308.4763415864584,296.6624315933807,63.92036525180407,34.54172880323265
305.6450197524453,297.38576860968305,65.4887196170042,34.535117531934745
303.8021867850364,298.0132563375408,65.96281385840169,34.917346842492755
298.37104668724896,299.2591719508259,66.26287061952823,35.291125738603206
299.78287613212035,300.6682889285826,66.28465760113866,36.0687124484492
284.58578921546786,296.3920217694351,64.18970713634793,37.1026534554345
284.6318811184366,292.3208482235636,60.70491540308814,39.67667502761572
287.04821159642654,274.1789850648605,57.874249533778084,43.29441623759997
289.42688644262296,263.3676581802406,54.56627988155398,45.16863975476467
288.44474300619794,270.4966879829197,54.04255062586402,46.33736275743861
288.16957600161356,257.7410610798372,55.20545563608556,46.04201790027355
290.46000329480205,255.1827881963724,55.419245405482535,45.74157434072613
288.1228608498028,256.20098295943404,60.36886325298718,43.089571532875944
287.77157041282203,251.94436709279742,64.5037570923418,41.36737445602961
288.61974620196935,251.37466196868533,67.77306036405335,40.12622144512904
287.4965193303104,250.6972831159778,71.33659281697359,39.61563617588132
286.41892021162585,249.74479880937307,73.23970384869432,40.14223223908011
286.4138105788151,248.90867158661817,74.7859158559005,41.007681193142425
284.8654070560415,248.6429122313418,75.89375703249787,41.88555143782339
284.95029355686995,247.8934790458739,77.71694412624652,42.5873055226683
284.873433997797,247.1269450037792,79.45847817149352,43.58064317720832
284.1027168390528,247.6519596217815,80.72746493272473,45.15999535943197
277.5274267060599,257.8050479647035,81.7357884619552,46.601007241703215
270.8611490044414,250.81815297724523,80.38709520033619,48.16130119916361
280.72810685559176,253.13149803692417,78.16717943700031,51.076191756838206
263.2239458009336,253.0850582346126,74.87821074431463,52.03289209310121
254.3584251419466,244.71343108457665,70.59775837942729,53.497291069381646
252.587593202419,239.06758497652683,67.48796971713122,54.93701356654816
251.87765131833532,215.32403466212156,65.14705669994393,57.430644957077476
250.28441903586187,215.4043532596978,63.441310781339816,58.79421678444693
252.16475518082368,184.04361733139558,62.09678262403036,59.57881425140293
251.88628058197637,182.11950741608598,60.36192560071668,59.37364787062687
258.86318439679167,179.65634700828676,58.473703107499624,59.47234770310155
272.40531990126715,178.80104098126026,55.3635951539686,61.58568774849708
245.9252066256281,134.83695517224982,53.77442137565686,61.76399669561951
246.46965556189224,128.2368515119628,52.42651780754715,63.06485480354706
247.693083773379,125.8765217703175,50.91761223410673,64.55168478854668
243.28430092045042,108.924477079182,51.985892718864044,63.9557703561204
244.3801834297522,105.17995944511605,52.203300235203045,63.3812079451141
242.25457094536605,102.58210536661932,53.02648708370562,63.8668216502033
250.38884507000705,116.39978361301002,50.17353675007304,66.1846550072754
251.039030934345,116.34474717432906,48.080199549652626,67.47274585853718
247.4889284316888,98.4957182782141,50.19327152884196,65.93478833094288
247.74271671683837,119.83558564373236,46.90468528447052,66.84972294194736
269.68772403510354,107.66029740986141,48.71644524510815,64.42479243642265
270.32042695875657,103.61848123713304,50.01400002249688,62.20819857033155
270.64449780830586,94.30288587547453,50.6576966117055,60.35343310163196
272.5301760409895,104.11684759591195,50.9390449574345,58.881073015249314
276.7618335394352,110.22326605333184,52.294146556002,56.16639360163024
261.30881544009475,96.56498329838374,52.104819137739575,55.07224210102839
258.451771199239,92.30919916645678,51.908100486730156,53.446040665785645
254.27286014562904,92.18351374152581,51.51850514399889,52.14733836882748
253.10068366889908,87.84459133230041,51.792326729203154,50.618955884727036
233.06942236674428,90.30879958548094,52.10843514894248,49.58734466477345
227.68348739248154,91.96968963690517,51.65558509624723,48.58816897972588
227.86427457833804,95.4905026858743,51.744920994748355,47.7608745086797
229.05130449427605,97.91815389163109,51.365065445632936,47.300783793790885
231.61758014611848,100.29201119082371,51.18002343073589,46.859235367433236
236.6399750432582,106.52343627927822,51.4444749313173,46.54239368204034
240.99443262798664,107.6946510604066,52.6673796776319,45.86353202044123
246.07146646698556,113.02872677559807,54.27318538983181,44.97174587020964
250.59312524193396,119.33999497774576,55.728932285430645,45.007821717196
253.3655096572274,123.81107292305305,56.83797395594242,45.38840733506534
256.54266386953003,124.52210091556216,57.50103146380171,45.79889889548012
260.4052074355752,127.28070269095589,58.96392975193836,44.99653814101836
267.62900539717174,132.82931635702624,60.155396710215044,43.190338831643786
264.5761153973449,134.24258114293997,59.06151879284609,43.91492739526861
271.5157258503509,135.68253112753473,59.71931761644831,42.30171505768614
271.899380110112,138.40998284303578,60.06222559530101,41.420598839055884
272.86248540023064,139.88061575124385,59.38641031306793,41.49023161272758
274.0429770781732,140.77190164675307,60.47549662309161,39.8773866852126
275.0948438538398,141.57860292498296,61.21278675530641,38.559862777510794
273.99169742665777,136.73289936871453,61.61241216258027,37.592869354464156
272.8108878863483,132.59544593252954,62.27392712580568,37.0800259826935
272.5923733581589,128.46128825001279,62.084598269167266,36.84611451819822
267.86469265320443,123.69144249525402,61.702471504637685,37.18119806415372
263.2990805981963,119.44701555546814,61.92723199160702,37.434817683166386
265.5215383100263,109.3579222288779,61.06229956393404,37.223214755048055
269.8073835952389,109.09811202296129,60.094263854959124,37.19643086476105
273.02831869769756,104.87647984684952,59.525798152910404,36.870284129948445
275.93646036958916,106.4116681445228,59.68396539735357,36.06478747654219
294.1823203071673,102.27165376171382,63.1278763205371,33.74827674478468
301.1350858330377,102.22280825197168,63.559506332944274,33.390223020921795
309.8212715495315,106.48440391896982,62.659733929497634,34.5191827947136
326.69311190766996,124.73951100207222,59.64471761141413,36.60704449520802
311.0900685407471,99.1927620942852,58.70221425736922,38.61356339842853
306.8239739728555,97.86515799607173,57.990592739465754,40.13370401272503
308.0620120853375,96.72563109629814,57.29429797526386,41.50825285745731
309.5240218783626,94.34300526860869,56.54420355057538,43.11413742833305
305.40701022765376,92.3102113232402,55.73719406085539,44.734566360634986
307.4678324486018,91.55808816762172,55.50824790692309,45.95125119564129
308.4407836501664,91.92778998283823,55.54973280333161,47.21505810979445
309.3505430507849,92.46169651019298,55.83645546670953,48.56773651207044
310.5690750989744,93.56367678985046,55.973348336730595,49.47550795882849
305.6710728072467,92.26460100870362,56.432523734700226,50.42389009573
307.4868326480216,92.41625414549739,56.87798655131933,51.683529307257515
309.55131692325324,92.73915657326425,57.32294921804965,52.97693725079605
310.15127470802406,93.3384882459952,57.64764643289369,54.02487119537324
310.48020696156186,93.57383494981691,57.97947717680609,55.37269404215484
310.6903698634335,93.75078625067829,58.33109005466525,56.35783529609921
312.6940068894917,96.51682880975564,58.51190775746221,56.69898111208757
309.3023593069898,97.05916333881382,58.6894948002126,57.03911602621549
269.57977745311354,62.19009256506656,61.03018920864872,53.56372607956938
268.1719500733707,63.55350638614706,61.88915198777244,52.00620435800925
262.6508254182415,64.94198728545918,61.958684012874684,51.90348291010829
261.1223386080169,65.36474242785603,61.970778912086644,51.88583613973797
260.5891879014437,65.79993969548877,61.979777850257435,51.86960864863521
261.3216421725195,68.72971919514609,61.97444663011208,51.86578781231498
324.6958490772228,106.09749797831151,61.511120406154674,54.57108717957789
332.061974604375,103.04973041730733,60.04533453892303,57.05966033602534
332.7351242673652,100.38900612934897,58.71529336700703,59.37140956730704
341.9867904603769,112.23760339966839,54.99360389480206,66.2433411558186
347.1699286425088,111.45714607245561,52.43484648958359,70.3424917130304
352.48105505044737,109.43114798935508,50.871377204895396,72.96714856381705
353.006584141416,110.35356826234056,50.00972850245701,75.11510944568727
358.4250942448799,104.55829352479415,50.46314122552192,75.96547890521612
362.17126620003035,96.6890775695914,52.682517781834754,76.32205771198392
366.3822939775305,93.35488543427235,54.9078888320592,75.88689727055538
365.00147741965003,106.9502436022849,57.48648213358627,75.34869062386132
367.56042026576307,102.29496988840879,60.447636015029666,75.06775302811502
365.8838746663472,105.90062975351827,63.2857318177241,74.7049993531939
380.3517895883752,99.42445945486921,65.42208749002553,74.16840924828254
388.2713905285946,90.91043194550225,67.4490049943523,72.56673785710436
393.792280329925,91.49576338063885,68.51838376266318,71.56267846264026
389.44413763819875,102.10417616876063,71.94927255111449,68.72055724735861
385.6876195386762,104.39478411027122,76.08933888436071,65.88423062367582
391.2927263202946,102.58166919844237,75.51599570534013,67.54778273012464
390.58240700666533,103.04232042687191,74.32530573076151,70.51370900060627
382.72928962647427,120.88313993350431,71.64555988506457,75.3741575422731
383.8013473131477,120.021469547184,68.35533588439841,81.09859456354044
377.32985433657865,122.4554899717217,63.369618529431015,87.89293870134246
388.08285897384434,181.05327063148047,65.81529420668188,85.15696447899292
387.6930552603552,189.07308691690935,67.4386965159577,83.00509016314007
386.77923256845474,188.84959975857763,68.41368935001495,81.47413083455507
386.77502677823566,189.32665017591216,68.59575174653602,79.94406495300336
387.13687967595996,188.9772944143163,67.96402733971591,79.47257493620182
386.1706792767883,195.19202238473443,67.56299164895402,79.05167440765801
387.27978199364804,191.80502960810287,65.10090338032317,81.44936725538528
388.30654007739895,188.70289467557166,62.70255786211146,84.00560850831083
385.58679283093375,191.27891294635478,61.00447529815713,86.02710111484639
383.26966334574774,192.66531139318414,59.917060303075054,88.0837982206689
374.251644125585,203.93859925328263,61.64714667125696,85.45153104844553
375.15855368131,203.19333730124066,62.68243959365086,83.91917988195755
375.7907448740444,209.44463923961638,63.185444240691,83.0358463299132
378.71776922443945,277.5700997227642,64.84176388706884,79.97872724350032
376.81211200368773,282.2211190936377,66.06957079073047,76.88110000840616
376.05922061307393,285.8093842116036,67.20269016344024,73.50909276365485
375.96204733503856,287.6142518435023,67.85785316247745,70.8679419181542
375.58609510992267,289.1681124017181,68.27432973242206,68.6837702750083
375.77806386339563,287.5410174039937,67.61009387323466,67.65855896811944
376.3347244354983,291.78262579799906,67.54277404414617,65.68882332024543
376.128011454855,291.0043538140069,66.92450809659637,64.23296928369786
376.5206881853794,294.3751941256493,66.91583081352616,62.72435855711117
377.17065961807543,293.31309276096147,66.42131698951967,61.48415303186338
377.8481553993793,296.0214522274876,66.56148231110538,60.082138326258566
377.19027384833623,295.07031164342357,66.10704706800716,58.58495417189211
378.26625930931385,297.46328344395283,66.00553910724888,57.312091167757444
379.3347426072669,299.47981070444814,65.81427208390595,55.83597553340924
378.557935564538,297.0691511413844,65.02028499405549,54.88992491237496
379.87023722999123,298.81494886909076,64.61368231355492,53.70861526361804
379.65944764710207,297.1976301115695,63.88229498000463,52.901915288578806
381.07946871922485,300.2113639870016,63.40306502295387,52.260884953791205
380.96090600898606,297.5464498195047,62.844710192119265,51.84894159078699
378.35178278810065,299.7593768390044,64.80604535611906,50.01220245619129
381.0595948060945,301.9807967144169,64.16415636651814,49.8785057717725
378.9308544229456,297.0605367686215,63.225523546390164,50.59806638144195
380.48265895039293,300.1404124740722,62.84241662963328,50.123809870290295
379.1175127909538,295.2664513837007,62.19336806144183,50.798728282112414
380.16109370612725,298.3400076602146,61.822652392365086,50.502225508442464
379.7873771073289,295.6081976904543,61.37242001779531,50.3803933681902
379.89636565925707,298.9089535330174,61.18657903756633,50.15633834810307
380.0781230420532,295.3237635689294,60.81254702309027,49.848465865390374
379.7687836280944,298.2616841860652,60.675479844042194,49.41470179100036
379.62637193091064,295.38080958013967,60.270842245596626,49.20009878803815
380.1129453087789,298.21296654100064,59.97122785661283,49.01408829878084
379.8747101450151,294.56978711327764,59.61808217395128,48.723869967642365
379.8904875838274,296.7327264156312,59.29656148793511,48.63678473604322
