592.5,339.5,99,99
591.0015971918928,337.0872234343774,100.47910524208797,98.93356843008864
588.0335839091377,335.58671528458797,101.33406519916917,97.60584937810499
580.8281048555423,336.34953880436194,101.48920970772724,96.2314061944292
577.9156494779597,337.9433789443469,101.66296785211343,95.66907352874763
571.7004549015221,339.4665563812626,102.72427455412213,96.10841473226299
564.9090246496636,339.30422439288344,103.18070359269011,97.5509122041614
558.4754426418349,338.9376784871561,104.60662920502716,98.38902164041146
548.7466170987425,340.99517519967173,106.51196553291129,98.34955349919363
542.1522350497848,341.6760843634063,109.30273272836087,97.87801893513318
534.8798141080447,342.968166295512,110.51369895571318,97.60417187199299
531.0673305764196,343.7593441167157,110.10671602201496,97.2834311482944
524.6458163324457,344.20498501486486,110.15719251563897,96.09348254696718
522.2323846821031,345.42947732457094,109.55333262601684,94.36735355509178
521.0041973347783,346.3225990818691,108.47879706714156,93.41462067777876
519.797064508105,346.3389175204319,107.70688475150926,92.72734002662057
516.9591313192525,345.8059115323207,107.67161383444503,92.51296615098289
513.4530160565552,345.56716990193195,107.53818538996055,92.9045352469789
507.16062844182983,342.71357692669005,107.83948283620802,93.29800192484912
499.19845077716707,339.0980310050754,108.47596012903456,93.91252138801244
489.31915582792254,333.04636164156324,108.5212436005216,94.78377965544209
478.6989482867987,325.9092592129171,109.27269650930737,96.65623680918209
468.9316758070172,318.0586223506547,108.62600138708332,100.35086342372169
455.6067429386186,306.8689013263429,106.84761967209823,102.28786162468894
449.2495419557723,296.85985586811546,105.30663242422878,103.64001702478646
446.5568466696807,288.7236328465552,104.26572437809551,105.49436366452562
441.95013914363903,282.4820984075546,103.99563990320122,108.93547087260495
437.10314223418095,278.59969772110003,103.33785378437324,109.96541420947278
431.6770219310482,275.8994614116256,103.73797647071687,111.22588696193597
427.574099476465,273.98167145535706,103.56086773608448,112.42288345276592
422.96772255570374,271.1290327686254,103.62039853988719,114.09489809658456
415.93568575986296,269.91645269525156,104.93915848715957,115.28891107326534
410.84215078435113,267.1187963208565,105.93535719947472,116.79820049136691
405.0340590632491,263.4531528747385,107.06874206532379,118.52188860201723
400.38910358890564,260.9968474923841,107.8019036701387,119.83766065403378
397.1877471915132,257.8007713428531,108.09006778175706,120.94829735479865
391.2658651087465,254.76771785079424,109.64783074184619,121.52102236183515
390.077232432888,252.37344341140636,110.11858991279983,121.23815152472956
388.6588099229916,251.11881287370085,112.1635781668456,121.56982437572961
392.728071930459,248.83139038458086,110.08746546019935,123.90753370524216
400.26376270719663,249.20106126748087,107.76019496782038,124.00862863644836
406.4253362750283,251.13468565676314,105.7877596546667,125.64098932825124
412.7647841003355,252.31899324233257,104.34999387923548,126.82975650231197
418.5072508486967,253.15879942937565,102.8253341251889,128.8912661355958
423.54622367026235,251.49077096613928,102.27433836456484,129.7168803283039
426.07520031505084,250.42136960636154,101.42617482794813,129.65349527129382
429.6295176391165,250.29640401337275,101.12338162573958,128.90637462221127
432.55955639747197,250.47459767092187,100.95436751311193,128.66942112736066
436.32908762865736,253.5951283028954,100.97777787102311,129.05272662366752
442.21043102044143,253.16901466609048,101.35189757549216,130.5490992668071
447.6400044235467,256.77376604372387,101.12922251763356,130.5573394314622
457.4043807925247,258.20309457510797,101.5857927319481,131.52279502242632
460.67194303113746,259.62632904360186,100.02991296373749,131.58291201721647
463.0488064063224,262.4836841807529,98.20371554838955,130.5761394603521
464.6034811075323,265.68418889591135,95.81491286838191,129.40860333096904
464.1057011944852,270.26420231133335,93.3960027371244,127.75448355884089
463.9756994400595,274.3557228198242,90.78047361887012,126.16713422276729
462.919357043054,276.6740778085258,88.56577012629054,125.44418824530315
461.19219086394804,277.92351283212423,87.09055755881272,124.32119140615225
458.2990896222468,277.979031833929,86.20521692087736,123.55167210266549
458.53784968002935,275.85259087483735,85.94932140321924,122.70586970993575
459.58949854038343,275.3032156051054,85.40513646975785,121.57699797881565
464.0045100731142,273.87657730290016,84.68747054388372,121.88419184816442
467.53922066696356,266.1850653607158,84.93916484995945,120.08407020946186
469.66709092773124,263.4716593145247,84.00343856678157,119.7909549909005
473.76286946294005,259.41995857099744,83.76776738351002,119.05160211394126
477.0969885124856,255.81719623672947,83.19870521444209,118.0410041552189
479.3293237683169,252.09116847736027,82.55535356760188,117.30420545642804
482.92841621460093,251.03281184560973,82.86344146784992,116.74731256262623
486.7559643568872,252.04657572260416,82.95333743944194,117.50927550840544
489.27304505513075,257.6820878824325,81.98848861543411,117.81228111123416
491.6839136901278,267.91425680804775,80.49199362640013,116.20014090709827
500.23387544608727,279.5338071726612,79.49933940159048,113.661035218765
502.7969282178822,285.8181731351512,79.05310732449229,111.5228758035506
504.8435926829343,290.63118536260794,78.67698320357701,109.77241640066958
506.8694764536522,291.0723149966673,79.20024312796143,109.47017231504609
506.8962089144974,292.18283317171546,79.26452932779222,109.32367562635713
506.2429839507493,292.2129734547824,78.76309539660762,109.7722974907577
506.0923542238118,292.604666231838,78.57334051890334,109.64053011930558
506.87772775759146,293.2236047009443,78.67835527022983,109.66643210603499
507.2280461172036,293.6006921604173,78.69623716577465,109.8684644624797
506.9215519011906,293.05950229764926,78.34618089479383,109.87356175927425
506.82794486819785,293.9360866601674,78.18596753301057,109.77191865088382
506.8410056724711,294.99006388280424,78.29220250853622,109.49466472231082
506.17010140595426,295.9056210691698,77.9440077656986,109.67704412590115
505.85712324313664,294.7978653635512,77.85341344312141,110.35257488719031
504.85775603788437,295.45158015022105,77.73733476425522,110.22014681588752
504.7813029147043,294.5265676001703,77.66347195071884,110.71001967142121
503.20320005902227,293.8694769059953,77.59682257098797,111.3667983655458
502.3584279979616,293.0304812512194,77.0817427555025,111.94992888293766
503.11439146202713,291.4113646007181,77.2996994981784,111.89918193835003
502.84514989955704,291.4877303733288,77.29412531349098,111.3816618906739
501.69324235803936,292.03985991236675,77.13216085360344,111.56088250314968
496.75792688975605,291.12201465980195,77.2443460504239,112.02596634743642
488.6750006769633,291.59781309226884,78.23205402105343,112.95854919384456
478.2520990771756,294.05448771519275,79.51959725663944,113.90726574008045
467.63268777456676,295.47888104177554,80.68649946695973,115.65541197494588
458.8233955345247,298.61072996835503,81.51030893788857,117.8228712339085
450.18271529881486,301.5044197923867,83.81323293927647,119.46613276016151
445.1239711775826,302.75044001389074,85.5938528956083,117.22179089241175
443.22067330172354,304.1361607956419,86.34575232583889,114.36707485267931
440.55147892852267,306.5502625106413,85.69402542969311,111.55771745768418
441.117672388959,309.6516419870612,84.18624097564197,110.12379023473324
441.12140766908124,309.8600187585155,83.0117803736648,109.14746691576649
443.2532999885372,312.2120882950167,82.16729700619143,107.5351416454831
443.2702480093625,312.44906752400385,81.57964878062666,105.64085457041291
444.36216498315343,311.8430769362047,81.4091295570133,104.0756669952483
443.6519685269351,310.86726607292906,81.73842821400268,102.46262531161278
442.45034123607934,309.19260551361333,82.77407555980562,101.60911230091078
439.6607721811886,307.70069177647684,83.68067825012307,100.42571584482485
438.5801979081215,307.4138922079519,84.2192784545062,100.37873961347034
437.59925820878516,306.4592746775516,84.5040109415577,100.07697375492889
436.0828622918757,305.7515956152689,84.8905117578442,101.05756159341105
432.9812355511042,306.11298202632884,84.91960428205081,102.18835267605346
433.2312780376342,306.8021682602102,84.99482149261891,103.39187222184057
433.29197078274467,308.35034428051296,85.18169814195679,104.04678499179718
433.6966924071954,312.483434105107,85.82389871763262,104.75076296590015
434.39456888195764,315.86472886893614,86.56401360219938,105.99322219007286
435.12548743148824,318.1907135624307,87.29494841475925,107.16451406407006
434.93955621717714,318.2457784785713,87.45460596981961,108.19317972682211
434.57963530025046,317.24699694775427,87.69248157637989,109.26865577473473
436.5900162941804,314.5822039565829,87.84464124608229,109.56990666262561
436.88089998177804,313.5277361235813,87.97057358697819,109.85961463316369
437.834491690877,313.0610625749214,88.2889064880552,109.60444880915018
438.6183984103651,311.6599008487383,88.56273888590908,109.62974870766811
436.71414244416735,312.24029277206506,88.51972050481271,109.28922908125232
435.87171615577273,311.33088887543704,88.81072108613387,108.98679959652378
436.7771461245834,310.4020986966781,88.88657119623444,108.15513782948418
438.6642167502552,311.10397357854106,87.94047817410829,106.79598957324316
438.6999860280214,312.17077043616496,86.57037005852501,105.5443744890149
440.7832511721089,312.21030986735457,84.97858494857255,105.00966243338127
439.6373234438729,311.9123101030906,83.24175626579293,105.92778799283116
439.2842637194937,309.3198594615085,82.49038467432146,106.58221461321449
439.5926532795011,306.78851452667374,81.73874155184042,107.04167925171343
440.73897470491903,301.5640789508449,82.79961742544616,106.64641607262156
442.0508714873368,299.5301813732976,83.25328605696072,105.16247153502817
443.049106418856,294.7806477049673,82.33103303657361,106.30091169731134
446.5552013613808,289.31154524448635,81.3764550938154,107.38970751487966
449.53199762535746,283.330533276078,81.13031390939841,108.75771537656213
453.545669665095,278.84513304250436,81.78116578329252,108.61222384389242
457.33671431210837,279.0629805145548,82.5183723724444,106.94767543566499
462.5078571083569,281.4562316415332,81.5815643037511,106.26075680750169
469.27906728405685,283.45851650205174,80.4840234842115,105.16511786496801
476.4632100797038,282.95386931056055,79.03381059341814,104.16971158724476
482.4682700994067,278.35694545566963,79.79430231701278,103.79949050277617
485.99340413250354,274.7201108121412,78.83381315096557,104.28911695459752
489.77843758922313,273.44819590193424,78.6298937556844,103.63318967585974
493.299532219325,282.5270227461681,76.88183482079805,103.0952049479634
498.03624231678975,292.4693313407748,78.11109521363709,102.25574614498039
501.3577037952036,301.5141532489937,78.79937762485142,102.98159495854749
504.917146428125,306.3103832451673,80.5453738745115,104.77553614265287
504.5400405189779,307.0737124530646,81.43539746872858,107.42677899486364
501.5781092380466,308.9420621466278,82.67086166938513,109.57649365879321
499.9080393627653,309.15481543882726,82.9298122643691,112.35404126407632
498.6994165937784,310.21692281626883,83.29864023413609,114.29293161554693
497.676203574992,310.7016961445545,83.9090933427081,116.03895588564178
495.1713231699915,312.9722166579833,84.10132781222438,117.95306164833492
490.7611551417125,315.6481251913577,84.24466191565733,119.03151859129079
488.76714769052353,317.4705401341352,84.55455119814707,119.68172931318819
485.55779277826224,319.03772164498145,84.41987910280871,119.75766482970369
484.60871438009013,320.11163677489833,84.07886057948134,120.14843239205925
484.1917369140418,320.8704018222457,83.91692465578875,119.72150362239957
484.42503419179894,321.2483198020043,83.67024785957385,118.89131661292282
484.9583361218031,319.6630547739453,83.60969720887027,117.55298417361843
486.47193954141653,316.8315724186491,84.60706846412589,115.5559023067571
486.4534960692582,313.08957104188255,85.77848333011917,113.72847985124483
485.32695010048735,310.75993062500834,85.6188462427738,111.4732027511859
485.4599164714391,308.5675298233324,85.66002416809893,109.72047259718303
483.4738244206297,307.56168673294076,85.46211234915503,108.41714870716555
483.86811859477046,306.24985243697495,85.0550830747985,107.24547795316522
483.6440144018262,305.9145653619009,84.7621022788824,105.82520771053682
483.136753667637,305.8468599098118,84.38188233128336,104.56200540022215
485.09335411862503,305.9480797914556,84.20337710229619,103.33815648299627
485.7526211221462,306.4556403509402,83.49703495116127,102.28107785897971
487.11307108290066,306.3621299315405,82.74363023267045,101.61628895771264
489.61263917229684,305.9210620995439,82.17772969917232,100.8221422158525
492.00781468161694,306.0735653238134,81.14431332332394,100.15312960562377
494.87971364078305,305.0361923422324,80.47846922045187,99.68619070283421
497.7102774224959,304.81461293512757,80.36897739921373,99.19114808958422
500.06176323327674,304.10807405247186,80.13667743139953,99.04839609148318
502.36609535515305,303.2245642952629,79.72543712258346,98.64490817487075
503.86273318975464,303.80218498950455,79.28258221448871,97.8756867315322
505.60822520651834,303.44828058976975,78.82417688770255,97.56197134009909
506.8047515742234,303.491831109492,78.4264262334005,97.08589381611736
508.0026059427266,303.7650008072691,78.09362543058303,97.09935927734043
509.1595903277631,304.59983136812457,77.86387754674048,97.02071468662011
510.06414490773784,305.2248202188392,77.61277526945861,96.59324543951351
511.43814012010876,304.8832544109132,77.77467430432677,96.60461864205081
510.66081330716844,304.8852036417228,77.4846466672374,96.84686907962924
511.13065865769727,306.4709986572449,77.62098109454425,96.70132270207318
512.165903803645,305.9958288758456,77.74907917392551,96.69930157523179
510.0727098361001,307.2954868762241,77.57790599756521,96.83858535169628
511.5684623392366,307.2526936891599,77.67153335175064,97.24328474195329
511.3646942028899,307.14965495197225,77.46590382864098,97.60246604475876
510.48532715681057,306.90291265683624,77.0389217686085,98.00527060951289
508.73316341798983,307.80506880165296,76.7750834194525,98.21055729029258
507.1015193921013,307.39223489894243,76.89514794713587,98.65778954359344
505.38538830085145,307.69855210593977,76.82396474274896,99.00990303533005
503.33064114549535,308.07890990641266,77.00203538936816,99.28479107684794
500.5403812324272,308.303828047788,77.55119268193519,99.80909239833387
498.7421807011382,309.0839029934948,78.56768203568134,100.79053152860291
495.6675857848719,310.4901426685718,79.35108102425036,101.85403923136644
491.8875604028835,312.6926242087527,79.78008883092127,103.74265429889287
488.01757229684773,312.3738003768893,81.15893099071616,104.50559901726811
482.5457278704456,312.97068640996525,82.77442522529535,104.53917337140425
479.3232254488938,315.67034276031535,84.02217350330494,104.95602230324185
478.36642904575274,315.808104661317,84.43272432693632,105.71650960105404
468.67584300009645,315.848412581978,86.47421479288265,106.1470001316116
465.4733478784134,317.52053266294297,86.95909671791996,107.40689786717306
463.13395444415806,317.69446747704137,87.89839403107166,108.37556800338052
460.3230466636384,317.5333495871049,88.46808080030189,109.1065006433285
458.27986834341976,317.4344892417856,88.63870410333683,109.23490195165715
456.92418078229525,317.0639723517584,88.69905631451414,109.40852478581915
457.57319741866394,316.4563267633438,88.47849239068418,109.45021969971668
457.80618155257685,317.06110820090475,88.18586758759058,108.70698708463311
465.18348858392847,314.42776733589244,86.39165410624723,108.07620215511176
472.1889093842748,315.9631520018413,84.04075322515904,108.07739374926996
478.63295286885875,318.7717039412953,82.3909398765966,107.49015370474304
479.87739528558427,320.8904903648614,82.05135085003025,106.61399409804355
480.41646977758046,320.19550284257275,83.56139480579625,105.82087988633425
482.13294124505154,320.6208576667176,84.73545317548053,105.47316525223522
485.22544481999745,321.28325672541655,85.01527499363685,105.08265051057738
491.6059918345222,320.485041331568,84.78003793632807,104.15989098684258
497.10844581121523,319.2435546742102,84.48821134280519,103.61918933665345
500.9881661158436,319.1468628987933,84.5070357329381,103.26072352225285
507.75375125529973,317.35939796387584,84.40778264457765,102.39785012365513
513.7617250912718,316.92786205762775,84.26205420328535,101.96017966758907
520.2115477883895,316.2903313357576,83.75365465103002,101.58075266700094
525.6370837899374,315.7832692948151,83.43087244285609,101.4665452068709
531.6003479602994,315.9090172092485,83.03680145381675,101.10349702033056
536.9617904466053,314.3655899118005,82.21785191363888,100.93142236260202
541.6660387891765,312.036697259483,81.80530783469773,100.49441339386057
546.6650096726867,309.3225050922073,81.10758560350507,99.53166394316416
549.97600967548,307.008466948487,80.27186956779752,99.46317555622721
552.014727540682,306.46716112802306,79.715852170447,99.0000756798212
556.2793649975282,306.6518770357994,79.43748515470381,98.52183949678589
558.9402706367906,305.5991852447679,79.03060708082981,98.54280144417481
559.4111001729332,305.5891796238139,78.9259173245505,98.736387997982
554.4933088313637,305.1672272493536,79.48795855718897,98.99400846707934
546.9665974683154,305.2436562575415,81.27268831300974,99.94158070087136
538.4135139116651,300.1756810251717,83.13721533536803,102.21867448760185
531.4377558523012,296.697346546296,84.86908595391259,104.69380419593318
527.4572477140368,295.11704653666493,86.16725852621772,105.26813650546313
522.3402230453545,292.199405317983,87.88271502910969,106.36040937556625
518.2378267928995,289.6268443876333,87.37882452010379,107.09357969436508
516.072736748623,287.63280612873984,86.83219262745554,106.7858054583678
512.0412954284214,286.7488149718945,86.5663160744382,105.89145905196574
509.57962204570384,285.6205651498713,85.78895015905678,105.19529432070694
510.2827428434077,284.74478128425864,85.99797405227368,103.3006182412786
510.6545008150887,283.98814922316427,86.24588392115604,101.99706198039537
515.0046738004362,284.0105729114548,85.80939006990685,102.20293695250436
516.4993304228334,283.41068779718086,85.08212769219315,104.06615128286275
518.1407826663101,282.9491442956761,84.69121386686088,104.4627026556461
516.6699979835175,283.2045542431973,84.36513596605799,104.38091225512765
513.904732340696,282.7379196646224,83.84179514324154,105.95582213502911
508.72142516247084,281.4385604118496,83.66311378435995,106.33358288453226
502.9880289198313,281.1971612760464,83.32826385173121,106.06456196277541
498.54943135220094,281.5212055310914,83.3614591243211,104.85329163515385
495.58167945582625,284.67164289040363,82.9628164174367,103.32282888476064
495.2400698346929,290.3737523274665,82.09134804049407,101.65561047602793
495.60704076929505,297.31569279927095,81.42355712714564,100.5840464269503
499.1273012842499,305.48029999511516,80.52002759809048,99.53340793247867
501.22189782892656,312.2388152622385,79.5485903032623,99.17146773026322
503.04899164794745,315.58707937913266,79.78577224644302,98.98989310975622
506.97750202535997,318.7011419673778,80.01647140891536,99.61140401114679
508.14674943883074,319.69390035547946,79.61144349328973,101.78670056654744
508.88934604072324,318.9771225380977,79.97389163834352,103.55117952017383
510.7214952299754,317.5770191799275,80.67693191721827,103.74666612085264
510.83843858672566,316.31195192322497,80.75845128777848,104.95438194452996
511.19328110164884,315.2225874371986,80.77942461030713,105.86624840494775
511.0717091946137,314.1307854887413,81.36176316920282,105.76472990730066
509.68163482186833,314.5975558948452,82.19069462095428,106.80398958833321
509.8729842409472,315.2569539590334,81.90726855546632,107.36801668879289
509.0932831413767,314.28271920478267,82.05265617674175,106.2817624385969
507.5499184264242,315.56539017081025,81.9104882735015,105.55993065745115
509.2627320573793,317.5395998789875,81.62688481339492,103.67304707636275
511.0999747185303,320.8641998670457,81.11998987080787,101.91960906695155
512.7132473803441,322.6175931019644,81.06669951391602,101.15476977118651
514.929791347448,324.92793548461884,80.88021983700195,100.88830253517452
515.4219268506213,324.9210421799737,80.9834471378835,101.37119772600775
515.7566030825885,324.3721699130854,81.23085547621808,101.42169902228895
515.3943367450557,323.83510563908146,81.4792801963046,101.6808477786555
516.8581419385982,323.70980702110364,81.90551230609171,101.42366571439831
517.6224920343902,323.654513156732,82.0709338329143,101.18117701496666
518.0271527224509,323.6120038048182,82.3541096863691,101.20016422554768
517.6989655539014,322.4533475764335,82.50612310923782,100.89984977687587
517.8480717495179,321.9952695162248,82.14183142183305,100.68891484714513
517.3656165763529,322.48201328337296,81.4782763541159,101.70755949973855
519.9705812747352,320.58352619371107,81.17361371913111,102.15560522752419
520.2667587618029,318.80397056972754,81.13762566546683,104.19107977676848
522.0442517844626,318.70528349576296,80.07442633851582,106.21330329183928
524.3753899036576,318.9879953496315,80.21169538821185,108.18905709531748
524.6984180872053,319.4759262681765,80.43095493527053,109.56896203145129
523.7210813232786,319.65247137803345,81.10108649859303,112.02281642042583
520.7938159863002,319.74189765453,82.05727551681872,113.81255996823985
518.086559801564,320.1140606947632,83.37268205133003,114.45546130381189
516.4469761080741,320.8200849551057,84.45762913382089,115.46053419349693
515.4445417952638,323.44683141385997,85.52714155969984,116.0360937242611
526.16617996272,324.31715115407917,86.27979189104744,117.54107664029169
531.2023407931681,320.69992233883437,85.72538977055633,118.18636858322034
537.0318227564584,319.23475339527715,84.87127928330686,118.5871814287546
536.9464546736842,317.89303913645665,86.15014244680295,119.92137345805322
541.1717549119633,315.84496427710206,85.05633918856756,121.97018183002176
544.2444207147449,313.4999579850973,84.7056815026819,125.63433422363974
547.4717543769934,302.39911017399993,85.70900816240743,125.11031230127881
547.3764166182133,302.172351262475,86.53853311720448,126.9073355068665
545.8281444030849,300.8081608502498,87.33797318878804,130.64154316218088
543.9056695506303,299.24358543671025,87.92114239328536,133.96953666375373
541.9666837494494,289.91193013364057,88.57837606153451,133.53446622741262
540.3932238037346,290.19747965392656,89.70425789754424,135.97489687090737
539.8106922660993,284.28995127392636,89.86123572196037,134.83639947746548
536.0969294993697,284.8433400272363,90.8045784207942,137.22435578127033
534.3242874008035,285.3453748083637,90.78694109387884,139.89497312773742
532.6347620978911,279.0982969185028,91.09975091219752,138.21433757139974
531.4767432173835,279.41704146187215,91.7207787263896,139.40949139752573
528.203794883047,280.3416425284601,92.64732496171307,140.03952276769144
529.144939750986,279.86951112579413,93.3922496575977,141.48506188728194
529.9759646111181,281.8036983114761,93.45181584786368,142.47817013615725
529.5633369797245,283.2310607171821,94.28289832382282,142.6005805061723
528.7720777684099,284.59184671441017,94.53204510720015,141.80935643118025
529.6973388529007,286.2861047543899,94.34206351896823,141.3784950658052
529.0642851777312,287.97415105212684,93.88666951890427,140.59254781983384
526.3284763475056,289.7492457758332,93.99660094964975,140.04928347846973
525.0327414271762,290.6858387242334,93.80963103010029,139.80596942691466
523.6317889444688,289.02818260116436,93.15353819659538,140.30668025169652
523.5540307563874,288.41674156677897,92.41040833729214,140.64919450497283
523.8687064574247,288.99564933167466,92.13885119023587,141.6844920637892
524.6384062427322,290.01984548762795,91.99751957082327,142.62674063056002
524.7408840994789,290.15135141819053,92.01843545008992,143.0863167721166
522.3502185120763,291.8838628412557,92.50240334364526,140.91332843278406
523.1142638410743,292.4726696292495,92.27004899851545,140.58670217197442
525.3822173227909,294.59469653143805,91.53734227998575,138.53816209287797
518.6595131081931,296.2446087566665,91.86972027552646,139.91606105016655
508.147875442348,298.51961187249276,99.52818466361322,134.1029351209431
501.23828744663035,297.1576536470183,104.30336193678687,130.50640937218498
494.2379879800784,297.4979411217709,108.79579741774228,126.14466920432653
485.96642271596704,296.9815474141226,113.42403384196112,122.36571383703044
476.96457267505485,296.0859632371632,117.30419304548955,119.08365430856398
467.790871793102,298.4168847593168,121.54554717908528,116.59457651923105
456.814497213806,299.051361048638,124.74474294717425,115.80007354533839
447.37125517061276,297.469517625999,125.69272758287717,115.25294519934747
442.5672893192854,290.9561598847176,125.98625098322475,116.13633296889762
438.7209131638137,285.4661706327165,124.1672444898469,116.91784707928394
432.11190384253894,284.13437498134635,122.05790107184954,117.52381261145545
422.01106073208297,273.79841737292094,120.81564808377713,116.30679083184637
406.70409723515763,264.05268489032875,121.6717091718661,114.21295153677684
391.2054947461289,260.12679337851114,122.52510006300938,115.51701079027038
373.9906385913167,254.42929975284784,126.78317197651566,116.12501741262975
376.3696267593208,247.52038476509398,127.56210092920381,117.1264916828762
381.65687748857897,242.9168304937907,127.14516840226706,117.6466428661688
376.8940008632285,237.73555845240824,128.4253390724016,116.98936482826724
368.65893901050043,232.4037237668821,131.474357393031,117.89188383921208
361.14885413981943,224.2730488811279,134.67088058898287,120.22772892627229
352.8964648039301,205.31145251320325,137.66074856282455,119.81169589307858
344.50563977796367,188.14915831509882,139.77777821528235,120.39074748508827
334.20165454779647,171.9587804035253,142.86533241585107,120.08170686048135
328.78073560221003,157.88285785400862,145.6342552298144,120.04304216337214
324.1122929180161,142.78328757618306,149.95093462362348,120.96545313528301
325.58406799833597,124.29595404230594,154.46997515741117,121.99382351114275
326.85979079093346,118.76542786721699,158.71528345557806,123.88944960704819
332.1720285505415,105.08841425028729,159.97999670284153,124.25895878976011
335.7889555975031,101.40836398491413,160.63634894589336,126.32521175962387
331.36207777833613,91.04715014119787,158.1672276539905,124.6485992248884
339.3832300795045,92.67902527881554,156.2542184007749,124.02474176619666
332.5266036304356,89.01156745544398,152.45668905709132,121.13649190085482
334.3083364825323,91.57138277626949,151.7972470002063,119.31705266163911
336.4285656160555,93.22844012826707,150.08920698419757,118.5651294440026
340.48596116878633,86.29091831516953,148.00647268720752,116.88494579053457
340.5135876930406,91.58093279447343,146.94682880293695,115.96602770991751
339.80059826667076,94.6442447800281,145.94553915058023,115.1341038845296
339.9743688427285,96.47620716641234,145.08754054235277,114.61098387936978
341.5362940455971,90.93820333403247,143.80900809640107,113.34772572076527
344.35068093147424,98.12096040792579,141.94048107833945,111.86546276316415
346.6311202890731,102.54433000095335,140.65296643021935,110.96817120894498
351.4721464382978,96.44710076241775,139.81330419219478,109.95673712314996
339.1746012206105,101.36337589784554,141.30304604053327,109.77255282672063
343.20556359034214,104.2731363886832,142.8669157117755,110.80552846903825
331.5781523365755,111.1174703987528,144.8100850821018,112.07477861601329
325.8145743256789,121.20400460676443,147.8578900601938,113.7011868235252
329.25257130450075,123.9586310699253,150.12651127588998,115.63394048518563
325.94472107181855,134.03038314166471,152.3551744640326,116.01944139236598
326.11286252138484,139.05256044917928,153.44131385474833,116.91515025389938
330.3570431923954,146.7558654166152,153.4123946513991,116.7859241233488
332.6718074479004,156.01690042560367,154.30513920404888,116.26819332351153
334.8500787688762,159.8493400392745,153.36080559606333,117.03386943979781
335.38562476838393,161.79508442662956,152.011985486496,117.41488928630349
338.9547576796577,163.4486950918202,151.46646401438178,117.6282689900866
336.5376841524002,163.67792608865767,149.92211775987585,118.32063392741148
336.26982533478315,165.99570189651166,147.73773952223092,118.5262349797027
334.62483541196696,165.3699250904998,146.71385227573072,119.33900560174763
335.39099978255445,166.73941456932275,144.34254470755607,119.34917906605307
334.31526591176936,169.72715818129248,140.77551564965722,118.56888942435847
335.5323321203822,172.72642074070026,137.0913992064763,116.95887596325775
338.06597162761614,179.98915116249287,133.04967258401433,115.60487717869353
339.0673592255953,185.52097485843845,128.74869964177918,114.33226925366029
339.84866115674447,193.5542015433099,124.71188790136812,112.84104934339007
339.1638636249367,201.51776655533791,121.68493326329292,110.74873529833792
335.9634013057682,207.48385103539312,118.98053220277747,108.6336964270337
334.7786735876506,212.49646267903265,116.84645332199608,106.64754040812619
332.4931357862306,217.35215453030946,115.52669173230066,103.9692282235169
331.9977982765052,221.69762844187568,114.70325408848234,102.44147028838498
330.82626359121036,222.53436592470175,113.87273947469698,101.99955114224423
327.9528116273136,223.3414092832027,114.30467910805686,101.29358732239048
326.22276194129694,224.13137652551484,114.52464114145198,101.60494087983466
326.285260540443,226.48351404353147,115.67914132818493,101.65931996138562
324.7778988299408,226.40734300977942,116.41908185314742,102.35583246813303
324.7661733775166,226.31799364010317,117.37852577376191,102.55537098619197
325.0312331327842,226.29272867286457,118.38818330370827,102.67226658735666
323.69872569590706,226.3023870900887,119.75761719430065,102.74072160075255
322.86246561531823,225.5381491874083,121.11968310609635,103.3757443445327
321.7135873267025,226.60526026314028,122.60970108116632,103.50616538535999
321.8505540490479,227.6184039162288,123.76512433069703,104.0228482596944
325.443903816488,229.77064831305017,123.94431863660667,104.82810449168645
327.1718938867032,233.63059355496097,124.92853977867756,105.22308694029893
332.7405174655183,234.33232668316805,124.1565727724145,107.78639943907271
332.85088271149067,225.77642743664146,124.64190680273614,107.7980812023896
321.1449050319118,215.70874011891254,125.39045578982356,107.33454073774975
329.5121793334216,208.01186454463624,119.7870917647458,108.10645331666129
319.274056456899,197.52382719885657,116.4519475946953,111.0461968314628
311.93381576542987,188.34936555189375,113.79560837521663,112.89661548671657
307.35466864133275,182.61732666544805,110.40072192883082,115.0836794809214
306.48570956675405,181.30743812872427,108.56246176568649,115.25458398814584
309.2559730824892,184.62756957146766,107.1995737417845,115.10415159658605
314.2812513970476,184.04283598129788,105.53126408379822,114.82170935405115
310.8224492827952,181.23800317792393,105.36795143074161,114.67823451127518
312.44319097786837,179.97756548313532,104.44663248265769,114.35184608783355
314.82857051391824,176.84128119151393,104.90951932654308,110.98999713720181
302.98762647697777,175.6832389598476,108.06975136404704,108.66155368839456
289.33901561763105,167.96578356343616,109.99692646713999,107.86297449098309
291.12613800405904,164.62674885429755,108.84060919786975,105.98979249782238
298.1717586315161,166.90871533750902,106.08395694747217,104.50369032287276
304.71547064897794,168.02321177102743,104.48351811915258,103.82999125428262
309.3551287088865,168.27744729388002,103.78480083051218,103.17190433965143
313.28809852712413,170.29673500033505,102.57989244022224,102.57663084286375
317.52547226742774,172.2095512786168,102.36242149464918,102.0508406439358
322.94393563781375,172.1959992464413,101.09384840683134,102.94512618821767
323.18288006582804,173.98155517643434,100.64374044685547,105.45027298759437
322.21645675397,176.48092731022552,102.14146565352583,107.76672046577008
322.90474653688364,178.96256487214382,103.74643701962916,111.03980493818591
320.0305978118034,182.31554372086484,106.90987652911583,113.48859711104416
321.3282746323828,187.2885991892227,109.30644049812554,114.17468927644023
324.6562630639411,193.8131078282998,109.95556741384806,115.18437923552969
328.1895218958316,198.20680002666546,109.57214901993387,116.11147428520954
330.46889311885036,204.65790958243556,109.35432225382803,117.2746905832152
334.59990859856384,213.52419493356717,110.31725829726979,117.93165006283677
339.76363121196005,219.59654318874516,112.98051283854373,117.76786290001499
340.7741217966005,226.3245129590882,112.90426767313855,119.4850905880276
339.7538943422343,230.3555791321922,112.20937626457979,122.21294389855794
339.7708513325365,235.70381991769548,110.50731829631971,124.52413463742683
339.33188353476737,247.8162731408812,110.23365746489408,122.53232336012273
339.7242382326035,253.66085526684336,110.6246302563022,121.55075016502218
339.8251083200606,257.68164867722146,109.86021186350007,122.81293817794521
342.38298429876636,258.89346393295,109.59344271706274,123.23954289025824
342.52851021174354,258.71730845069925,109.98995371440398,124.7247189260564
344.2463277941153,258.7459954946378,108.99859988930586,126.12849917987705
347.1214304800124,260.20448897827475,107.90788033446725,125.52050173744442
349.1211976616444,260.67183808557365,107.44926098356291,125.91296185471768
351.54168654513944,258.25932487201646,107.33784931383225,126.55156545697237
354.5369988557129,257.16912366736403,107.2251791757176,127.39670175299601
357.5141207378044,256.14212959247027,107.54533326157123,127.73040627527345
360.5373502539417,254.33008308721003,107.73218111406223,127.29931110677784
363.26550827908943,249.67473557843732,107.80527304182466,127.69393995458451
366.47075188446854,243.3962437459318,108.46052403220777,129.11462925466634
373.5504391070144,233.64245665691283,108.57320712038013,131.7786651484025
381.64736858022735,233.4674012448044,108.311117544987,132.9956980531362
391.30220304593394,229.41630620628123,107.42577455656706,134.62345423125674
393.3322625129316,223.73893239662755,109.01603289613121,137.3666906200954
420.3084203230638,208.2114735219156,111.0353893339724,133.86951867835717
434.90177776263204,202.70580106742352,110.79456678882019,132.7878622216797
444.1280307672886,192.06349913757685,110.58801529305698,135.23207682966404
444.94180819725807,181.7244201454347,108.89831279715142,139.53808439280579
441.7716308251364,173.8369720362913,108.30912261570501,142.14002223706913
437.68401445956437,171.52565186751895,107.33685912339945,142.34907834228352
434.10429079211445,168.98467265756457,105.69410423356786,142.74017410655262
437.50978572564344,169.39835049171245,104.92530396459335,143.2366740767609
443.50870460909846,172.65566692549754,105.22364787645529,143.3349638776477
450.64283206674133,176.49668403202867,104.51384556737074,143.04494321439017
457.063635851921,180.75779936279335,103.9676214503805,142.98772701056345
460.1464864991873,185.8631836685991,103.58408425268024,141.72562401784842
463.38377276640693,188.35911777295212,103.17406879374141,140.67615721829156
