124.5,201.5,70,72
123.55632769929173,203.64585040087354,71.17985609438416,71.0065937424729
124.05874145731623,206.32255620184415,72.07272316604266,70.34321843737615
123.64194272420784,206.8330701581058,72.13648468331537,70.4404141919976
124.40978437958057,206.51459128266438,72.26843371395479,70.70364348876745
124.25649642140397,206.33879599387933,71.67226098595604,70.84848564037699
122.65588280386389,208.05817680886548,72.08235338674663,70.64166165727059
120.8062048826448,208.82597204400435,72.80793527288596,71.35680646989078
123.01821550250493,207.2493542734872,71.53048447727278,72.20716816105632
125.21319457438855,206.72251488510767,70.69822601383392,72.85485112182299
126.91582315660438,204.95197937344383,70.87380800650676,72.79908462455131
127.26322558257266,205.78803060245073,72.22877970867783,72.87363810754704
126.24556691993644,209.9208881979109,73.37646096846721,73.27333009741285
129.69692513388895,211.37932724735037,74.11828103577093,73.23830295640435
130.9342527739072,215.78893649736742,74.55945136112689,74.81676283161443
129.09974805655708,218.7043131312574,73.91856671089667,76.823286976249
129.0664668519433,216.37479454150568,73.53782743431421,77.87316826242663
131.2889848251746,214.54045453125622,73.00354545322938,78.01958737861347
132.06412268933755,212.41248793765226,72.70462883001363,77.55716967852277
133.5809509916626,218.03728010796624,69.8751888397291,79.83291111304126
142.00064928332182,215.27071091947403,70.9708680162984,78.97464772229499
143.20167807149033,221.98106483160063,71.23897216405192,79.42024811032204
142.53107074501023,229.13482949527338,70.96249577697307,79.54086419160693
144.76014611487076,231.64504842591896,71.25611601045757,81.12872272466394
146.29363074967765,231.54982902863966,71.58713100712494,80.89749185722378
150.01821723977272,234.7125711698437,72.30353019337764,80.40058366276737
150.87038534486683,239.0024915672397,73.1963121224564,78.99300601342212
153.70363294435847,241.02069844840813,72.84534865412495,77.6873106253376
154.91490106659307,247.59570190671647,71.73221773649904,79.07081391685078
157.80447295917247,246.21464106655364,71.74272582206777,78.84477427172173
102.83006638002325,247.600634801999,69.43632810390135,81.00789260145967
103.4312272433011,246.8242454455654,68.28297202888761,81.83917789134183
108.48418542147132,245.65333166117196,67.33550103082354,83.17984460006704
111.1055066021287,246.512358655301,65.71394383643994,83.92855601555652
174.93235430148678,243.48893680964926,66.01718813498938,83.28198883344693
180.17064941921132,247.30444538744663,66.94480894385188,82.39254024322082
184.40493774652577,249.0260366405921,67.53506541147635,82.67752026401425
187.06512457709624,250.35110654526073,67.43599473648041,81.42553554787006
190.23615665769933,251.0734044086425,67.02956900300867,80.22246334026487
193.068295469458,249.38681222795174,67.1136644111075,77.86414326133874
195.5374450288973,249.79394379970284,66.84207042375967,76.80199049479063
198.97221013546147,249.9973221764435,67.01463491812036,76.64410849502295
200.7380388365812,249.64436697979912,67.08134997529245,77.03735804517778
204.09167844426463,249.96262495818604,67.3018742763136,77.61987699860597
206.99834597700652,250.01269619821525,67.15249537614349,78.3103587198453
211.43383596205166,250.2138726504969,66.70470075456397,78.55072681261548
214.62358035394294,250.57359878054808,66.88406750438128,78.33646409051515
219.60559311689548,250.03034756557284,66.92800706636686,77.82524661270504
222.34470645174116,249.50164991023655,67.21914046213568,77.25916780228386
225.21000187030768,249.21830406742149,67.4257964244716,76.66528183307543
227.82888243109448,249.12435060178913,67.33523970200689,76.67187335718319
231.57599187098782,249.86892515328066,67.19894385307352,76.69692732579438
233.40216885208025,250.8146441773938,67.35990790503357,77.07855174514319
236.95091063978634,250.65013377454773,67.49853549371434,77.52894432670088
239.94727713210335,253.03860425198025,67.25193440605304,77.65699785959825
242.2487186104114,252.56151139130912,66.86217190994718,78.23783811647249
244.93857112738132,251.8812834491907,66.37983387658714,78.31692741402418
245.2954227695262,251.04032506050044,66.72629444785008,77.14170794186246
246.1052050289909,251.159332067162,65.83113146252433,76.98504270535663
247.0685002184605,250.17916047096088,64.63463033081185,76.62560745537607
246.55863170277217,249.7133684332037,63.285277997183016,76.06187121076105
247.92455760092125,247.83667159856054,61.84346955491931,75.07584780393654
247.91871391189144,250.19037614631978,59.71564916244057,73.83342431747265
249.75584634545734,247.1199230566927,58.233017281377485,72.93998582357003
251.64468601935366,243.8050108090972,56.90625327019377,72.52121727448004
253.72663265321006,248.91869120909735,56.13706815906663,71.82344040544898
258.6247909548958,254.43428579991956,60.44266691519224,67.34914028096395
259.5171579655155,259.5736638487132,64.08420767041156,63.028643765896234
260.6662119810809,260.9019364288284,66.86320897613385,60.3003258738253
262.8868855435101,262.56346752655793,68.09965773826877,58.0377572668137
263.1035771821321,266.9869210988612,68.91628971981396,55.26542936109873
264.8293204707268,267.311794621694,69.23164240844778,52.69581932982231
266.00249213510284,265.0988073304415,69.0965684583579,51.83688561764947
267.61177124800633,264.61186317203516,68.57313748131494,51.22306713018669
268.6577966467112,268.177981280498,68.08697791162737,49.18884002275806
268.77194533197985,267.5632189671993,66.81579952912719,48.252092485964305
268.67483673345555,265.91029661551323,65.03361515871667,47.866854234929704
264.463542931615,263.9952176624959,62.57508971002963,47.815938427661756
260.9963588104885,263.1550616987281,59.854869252941704,48.173883879138444
259.9021652353684,260.8010485345072,57.67776882765095,49.35016835005159
258.85370729476176,260.45475875536044,55.63565663650711,50.74768339943007
259.8251507238022,256.6117106679499,54.9634001380758,52.49395308575634
257.0117208787604,252.61061178672358,54.25852183301172,54.57336461239966
253.93314059077596,249.17035473548447,54.012593839339495,55.936227633792655
255.40747025011103,238.6895386864803,54.365874484963825,56.91192642796803
255.79526738408725,238.46302306060937,55.22940234549801,58.147668470344
255.93022891570394,238.51400904371664,56.24878628051749,59.47441590548903
256.06645937214614,239.71067016682875,58.89698657864693,61.11914669500091
256.02160660787115,244.40724026525677,60.5833659534417,63.2085761926639
258.4622742052062,243.95560306690578,63.667842488202666,64.02495390161985
259.20299811160277,244.66297223062193,67.5372152167914,65.25352063743519
259.3015877424175,244.18960196721073,70.09969023868551,66.9011211281515
262.7939619960831,241.50911623373304,70.71611179437315,68.0056982088154
262.44322377181425,242.0790540574894,71.3071912840233,67.58509368471192
259.9469768271455,241.82861626300823,73.0147747329158,67.89413376592375
260.34481780938575,238.2918320847686,74.26911870837665,67.8231394011506
259.7473487206588,238.91885590554872,75.39911678343216,66.3304021879713
261.629499698785,236.93798788570683,76.41562470648275,64.76879752559817
265.3362256222474,235.62621079015227,76.06587353552226,63.17963418359573
266.88326401852595,234.9054067665333,76.8801276603236,60.896604007185616
268.58989619944197,235.4501324084867,77.71329846389686,59.12609115740281
270.6744129398925,235.2827819451352,79.03511590844136,57.852839608558
273.3936951025932,237.62066946250565,79.62257067941448,57.71270099883543
275.9045522030133,234.0875894410546,80.66643255508194,54.8177957493791
277.238151551202,232.79693524794388,81.66758884680252,52.24042703446531
231.9721332575103,209.68840994083533,76.48700946738909,55.98185356420976
231.6244095376651,207.13999108671044,73.88584941272526,57.664223699293615
234.4284493127112,203.0814857764515,70.62081628940615,59.088954504137675
232.17777243252522,202.15807531471003,69.1758733578836,59.75737276534341
230.64611527996303,202.16207821716802,67.15688843052503,60.82695909490313
231.50085270651516,202.16495880242587,64.88750530658488,62.671299514543975
279.4562805379032,256.79399420299177,63.76830613794946,63.47890254153717
284.542611345616,267.36257369156175,63.871152449464745,59.975666141301566
284.33437506547216,279.6466183291932,64.47533575687525,58.738673515208596
285.8871132224413,277.46277684879044,65.61063931964591,57.74875769442843
295.05514619160044,271.70158221435815,66.10717302122018,56.63962859934028
298.39388643712164,272.5539213038129,66.65283753826493,56.158768126538874
303.3035907479301,275.4938093144963,66.51128440828614,55.0903453118067
306.46784728199,276.64876195426586,67.36490596846244,54.38774102904796
308.3935154561667,275.66535904086487,67.3363936214212,54.69803829090088
310.25464386266736,276.9567504205701,67.25702654650279,54.82987492960754
311.0169392162765,276.0257590269543,66.76506962071758,56.549689597289344
315.5388762511776,273.50212834167996,65.86792215919172,58.99611564450425
315.91627428590766,269.60634887949647,65.60972272411958,61.84381117699499
321.7500138871574,266.5630078782744,65.91428751270894,64.10409075367319
320.6158437425691,265.3963979719747,65.51280987738603,65.66365240987757
322.21384779765145,264.21323783579487,64.24004433619109,66.37706876778563
322.5943525763145,261.14620421312117,63.20324110725701,68.61976738558488
325.94640776518173,259.42599887740835,64.01076460250837,70.11080218916682
328.22989591087077,259.06991616879037,65.18888070309814,71.42031575999393
331.279035139073,256.2781166418428,67.79239114897635,72.10503242482048
332.7989157223922,254.54667050963053,71.04398463855742,73.029718111944
332.85944360237164,253.25799840292012,73.89008242779286,74.91246955145047
330.83995217973325,252.31050716638026,76.10062043454576,76.63874651641729
328.17392016292905,252.75230450129254,78.29764346969537,78.11430654782563
325.96496135095504,252.0087632265599,80.33250349934401,80.23162780912489
323.9888732044163,251.62592077236013,81.55201282312223,81.82959329375352
321.85278617183747,251.52395712971247,82.46853503281113,83.19853293866801
320.2019335110478,252.18608101943374,82.94894318565875,84.21068805229187
318.96633858042884,251.66131934111658,82.94906251886633,85.07478633601778
317.21257438675286,251.2122799100582,83.19148923499935,85.98020612620854
314.4759524060182,251.24153436535607,83.03910997030289,86.9652105136474
311.3293738129046,250.84154767299978,83.01394163696835,87.82234890639829
307.3737250739486,251.20626106020686,83.28532031071165,88.64239470240346
304.8495070012884,249.7889820965235,83.97378159488709,89.67798157283195
300.46754536104754,251.15784320555815,85.12872946490738,89.37862791364638
297.4622883178038,251.9214676191544,86.39855188956004,88.96426944919342
296.34367155966925,251.81779390455452,86.55251390238075,87.7332259081631
292.8182896746679,249.81366272225458,87.05216978893006,86.62449007711477
290.9939446035062,246.7005328175994,87.54275765731245,85.36609593668759
286.4113188027631,242.05695665251153,88.51125575690648,82.13741822688533
280.8051010406723,240.00403374367295,89.18298750758957,78.44301446799383
278.4953389427845,243.7157718661142,90.78551150500098,78.264410316312
272.6422339900804,242.2439221151584,92.75421454395402,76.90261980128642
271.71507312827856,242.94054571416888,92.4722295048624,76.45821775135195
269.49989184174444,244.1724218859504,91.32638348646941,76.8810010523202
267.5335389440898,243.2474523615278,90.94083147309348,77.63999819519006
266.72559281704105,243.92862425863242,90.12977208038613,78.75643586269649
259.1430784776723,244.70824816209296,89.68040561752208,81.13049665715485
281.11193238711314,314.88537685470584,88.04643543902125,79.57937037544471
280.26918142585674,318.3395865776944,86.91588063317099,77.67131189519642
280.5881452539129,320.5952839119036,85.67978478276468,75.85759197805967
278.9342591641601,321.91737698791985,84.75190213133776,74.03983823292943
276.9123444301314,321.4063012781612,83.83180480725034,72.35182653599173
274.80978383466356,319.82998634319324,83.29701539561648,71.56007779150195
272.83361410620057,318.66426839646795,82.94491340051607,71.02816543933177
274.10837508096165,317.2644804673979,81.84994708167775,71.17656317590507
275.42288935868584,314.5833565252619,80.37081109481767,71.3901580297817
216.82731730603132,279.04833907865583,79.9781920775681,70.63827825014219
222.78657258404252,259.2157681775353,77.22670231927523,69.54459284291059
220.11229788733368,255.63656170517112,74.57567323674073,69.4051823585313
219.5055323887675,253.85721919474926,72.57354056237955,69.30744714850954
218.70042525554004,253.867828080123,70.74630513515467,68.59321159698128
217.40590143213626,250.12740554566625,68.96882188672906,69.54338220834475
216.021043872696,249.16069853049692,68.20412342948353,69.83358582761159
217.65945488453895,239.3486251498649,69.79812765015186,72.28954830848015
210.72949467233633,239.30072819905473,71.78080026419329,74.195221513079
206.31782056716193,236.68210954520856,72.15655669292592,76.14862436337384
206.37287588005304,235.60406506454189,73.33164547090648,76.87769098679371
205.29346148872875,238.08623339177322,74.87855425443244,76.27027600515207
204.08898616651467,237.06124634470314,75.6715977066304,76.84445888339565
202.91546480422318,234.90929540427544,75.99184218292234,78.22241214440854
201.44752825624505,234.16155097784483,76.45332787157578,78.79853726016341
199.17591626665558,233.6199626772727,77.04115615220732,79.46638079889732
196.87295059276613,232.71186577591143,77.60512201536709,80.31676454111874
195.07982640678318,232.2969675555682,77.99581374670802,80.71871425204984
194.05917580726697,230.822761012459,78.07643171915502,80.7481658133048
193.89820060755608,227.35773254362465,79.23671471201784,81.18428525860291
196.5297333351332,225.12322243511773,76.70738553349022,81.25363725891148
196.0767396421533,224.16692329497903,74.4325565074779,81.5236180751233
197.01740249776586,230.79565832070523,72.99545685259015,84.12512057310937
198.4085366137614,228.58552234425082,71.85111293414428,85.55071975074966
199.3082425044105,229.28633110687662,70.90976657919576,88.21029616852172
197.16140413173068,232.50794995410376,74.94715151785756,87.1616359772718
198.63040364218296,229.9840439502063,78.28205355515001,85.4994002632039
197.23029313569634,226.43126535164208,81.48833147887647,83.88869368927524
187.18959783618806,235.02564667364646,82.12036790614016,84.3274411160672
184.38721058702606,233.49503797767386,81.60776178541505,84.03345893258823
195.45999134804384,219.67676555609498,81.82303057038631,84.40073573985735
181.71549328704566,234.57563015984954,77.43281717395006,90.42049615637163
188.3375742420448,229.72196292884036,78.12197054105137,90.92149459696668
184.59659634513275,230.5489984777675,79.03789297153321,89.69053300071269
181.60897491983093,231.61605557032732,79.45627871306704,87.6785904708903
179.8481306713317,228.64295070434378,78.62261814619221,86.7785582518686
178.0629780152164,222.65270987045622,78.05023709138788,86.73323349264177
175.0236489267062,225.27012672459367,78.42404936310433,84.47891812543133
174.28485826367302,226.32350035877414,78.2192109122542,82.00411676513997
170.58930613861241,211.62096938356828,72.50031836672113,87.6472101028808
166.12962312580743,203.8921547497611,67.60393236291215,92.56972794318807
171.71638048459204,208.1589671993029,65.10074292457873,94.09312323148237
172.81512627386797,222.2732473049988,64.30891793576379,94.1693153699441
170.56128538185357,225.88895365340164,64.48590266016132,94.6311004003418
169.95207427995896,222.6231076976975,67.83251037458585,91.17064295872274
159.88920639391748,227.2499234415987,69.95499793194716,87.04747316373042
159.27407393202546,222.68411460084454,70.97334596201055,84.33629165853216
155.39517411132852,223.49620586305014,72.84136460517445,81.85560028306963
151.32910568943618,223.15019131623538,73.45073676618941,80.88057877664727
149.52293069157454,222.35907331348616,74.13474942632608,79.8837852220566
149.27649587157643,220.22200181934767,76.20757607468413,79.25525305850863
148.0744137617812,215.91866868235468,78.26037976461343,78.60817997549998
147.80541410189701,215.5716911719625,78.226275345597,78.82164830528625
146.35127764212606,215.19377386796035,78.84746273199681,79.24781841472299
142.9105152675212,214.22621027928435,79.46881988248217,79.34978316512645
140.38669897223403,213.07383321400658,79.5526940044286,78.80200920043657
134.92365659416265,213.1360759069413,79.57655803455816,78.57696061623913
128.65612106885325,212.80387332069142,80.09249551736688,78.06194603280322
125.23292929392613,212.89535043299364,80.69860034636542,77.41847431232823
121.69622882495241,212.21247494843533,82.0455341517445,76.21147852775223
120.87274333281276,214.55214320326564,81.87935985613947,75.9284881103157
119.35041466168603,214.4448339102915,81.68510938436705,76.21588441456959
117.54494193555696,214.491873265351,81.65675210606489,76.77129224619867
115.91250029824437,214.88941509657957,80.75631593794105,76.82533092918902
114.15956359700559,213.9856104874502,79.74362797719841,77.13019630723018
112.44890900165225,213.60406352151307,79.52084031655619,76.81176992011947
110.76991302753486,213.02336421714423,79.06658022011325,76.38382176238527
109.33240749866803,212.42035255081925,78.29359795165978,75.50126949345744
108.93940260664881,212.29875820653527,77.99143565756557,74.72672353522825
106.97406435449645,211.65840557685806,78.38169568275958,73.72389188357195
108.1142325364687,211.52414997230554,78.18410415562234,73.06775856285746
107.4953894509851,211.21221964222048,77.7523513684215,72.0398747381262
109.6303643430546,211.30288556924876,77.20235679019989,70.94447519846548
112.17615046413533,209.80466863854383,76.37094594787969,69.95269981228623
113.56844480787703,210.64573879361137,77.54336800639851,69.03673954060329
120.24962196234156,208.52880662057117,77.82612001308223,68.2525799189408
121.8650856535979,206.0833609714893,78.06326003817759,66.42946574682867
122.76448181642176,205.92563212145208,79.32160496343013,66.01400337053286
123.32009351820268,206.72192118569882,80.37993865444227,67.29740347346943
126.0680990188813,202.73377894628402,80.74039966846588,66.79629480196945
128.66365665985776,200.15055308570794,80.51385204779838,65.70375861952667
130.18493773533896,201.0878970502289,80.91288902746643,65.69741452059338
131.0266679587704,200.52466402874077,80.29961459954738,65.80103732187801
137.49163003750007,194.6101050177583,78.54372360706606,63.764197130036834
136.6143542083431,190.78301478954694,77.62658503977883,61.194569297885295
141.71086746198216,186.28603075486672,75.78510005166571,60.09612537231168
140.45758461818957,191.96145081352932,75.15515894336774,59.22661612656853
145.67442937199422,187.81457332660446,74.45084527499185,58.857583662979245
144.56966591071938,183.45597825606487,73.27574485531736,58.21388436924401
143.10332798279214,188.86036163821845,73.21751423419737,57.238295171465154
147.38846701044963,192.51798783643238,71.78264362669731,57.08992147529361
137.10339992035034,202.5893503840275,70.8894809166371,60.48510493418053
134.86633475557502,204.59076651959168,68.88277771576173,64.61477140420212
134.09280376068315,204.46390519999073,66.86217985065656,66.32242358689916
136.16732314747077,205.19865393602055,64.44893883995212,66.14537284736056
138.04060761459692,204.27832907735888,62.453964687575436,65.25226173094367
141.00892379952398,202.89078227436914,60.72717261542027,64.6946677205749
138.5193036689773,210.29808845764992,57.33809813347167,66.5179299572848
142.2062691698504,202.4122721594193,57.096832289043554,64.70841249881441
144.77071537344696,208.87756111081075,57.34210255580066,62.343818368309364
145.47935559490455,207.43046910343259,57.32617213424777,60.34232958490897
141.91088333943395,207.33780446015868,57.08358144697731,58.8650004184691
144.99171260769972,206.25175125862148,57.05145047926288,58.02130086184194
141.648972596173,214.13409550479034,56.68620265807807,57.83840043255357
147.7815021814996,221.60715332169778,56.357038453550324,57.12183420669764
148.55670313760817,214.1375248134148,56.11114534660816,57.4943769364594
149.9442196788764,219.61222085389093,55.72019958821414,57.15549758896661
151.33110712632256,216.033155887489,55.43213507578339,57.35575227000052
147.97465579419486,212.4044866839168,55.204608052538816,57.74507395732681
157.14337396614812,200.1048472896315,57.35788673548776,57.68107988823137
157.08003895517885,199.7203246406093,59.74533089301589,57.42640229923653
157.0743603677558,200.04442068549838,61.6396204924073,56.09515749081904
156.81766090682595,198.81589350679764,62.96831570657193,54.77455386253323
155.32141248516106,197.9969500995175,64.01160369427275,53.36870493452453
154.26437828009767,200.24256462208908,65.58582538608822,52.81742683237455
152.8208745498888,200.42134366955392,67.1673987387255,52.60685942409993
152.7565210093016,201.15106706315007,68.50938840504398,53.500920870931665
152.35713317768042,199.10508849820044,70.10771126372089,54.23479475269248
150.23887526470253,202.68827684197646,70.70829655149922,54.335440198014
147.30978678298231,203.39500359842296,70.70390847435124,54.177901254022075
146.59655634231825,203.1643202399985,70.9876313710221,54.18592168862728
144.9892137604784,204.53989718367944,71.23762251156943,54.4800041503712
143.93267020593035,204.62300013640657,71.43495768661404,55.20391714187816
142.83289802590517,204.23714518241496,71.93029128845517,56.17560315137908
142.05759395367892,205.67819021609566,72.25789175392208,56.98296263273899
141.391198485156,205.68829662946735,72.5250718053478,57.85343095357099
139.5470788006527,204.9334495407973,73.17306945606212,58.289933726568364
138.84376419212646,207.17157949160455,73.33483230195986,58.14624294726836
137.80542825754145,208.42374511943643,73.74314322256727,58.79968065637209
138.25687101498053,209.557724165558,74.14552051172046,59.6457934564629
139.53135900713602,209.66100850784275,74.73648049771592,60.84963279191295
142.93934652235504,210.4147357825181,74.99856895528447,61.67031850135132
145.91325219145628,212.69969070620706,75.300905436601,62.31380615687256
147.70234198173793,214.8988429196737,75.83496521684701,62.98020233342436
149.5548699499021,216.02673347469806,76.500413182954,63.64221711990581
149.53019932174254,218.5920422069098,77.26509761659167,64.24884283098888
149.47544919971352,219.73480647481603,78.24613000281201,64.88186430967235
150.00633750541053,222.2845672289541,79.01146749664262,64.79549730807953
152.92928817895495,226.85034392154864,77.49692648967218,64.08407179154275
154.15911503821556,229.0546738361112,76.20352717235794,64.18954350843822
154.21162841590183,228.46473148736612,75.1677232248696,65.27424322410539
153.38499654888628,228.85795203734688,74.45554110662107,66.38908264649038
151.34473086840444,228.42663188188482,74.11046478631036,67.69514712266337
152.4106149046283,228.03112449982626,73.30165267985842,68.50180699962279
151.20443761423138,227.48956131014268,72.61736405119484,69.67544219016578
150.05877538923846,227.01542039411476,72.25460644132046,70.64657128908934
149.43475793649668,226.80403839821332,71.72976818358076,71.35397326850592
149.76462834294938,226.64128133003447,71.54157720945669,71.37676352028106
148.38678298727544,225.74079019341198,71.09593916637954,71.8127141935276
148.6296388451284,224.11939531969117,70.73852699989564,72.07880101242615
147.35954310368834,223.61901678282595,70.242598544879,71.96517331576321
144.96575004897926,223.2810124501803,70.3473180809634,71.97568330713862
142.83074331566098,222.01735181111806,70.35368351445791,72.21386436080634
141.36746572633268,220.82583792520688,70.41373545443649,72.56136752592398
141.06442347158753,220.40462120974115,70.56261577105,72.4782604500157
140.5253130134322,219.33090590303942,70.73243954924189,72.5619882416876
138.2919079326604,219.5159930478767,70.59776874993958,72.57580862073519
135.5834967749533,219.94255195859927,69.9620998773045,74.16064903979904
133.44124808727526,219.82234234198785,69.16241642075133,74.4965796051762
131.90105093827756,218.7700258503546,68.87275718900737,74.40599092592132
130.44750479080164,220.2730300201551,69.14521928071213,73.560265913423
130.4272960912637,221.06413052816794,69.07465577419558,72.73941922459917
129.73214092683395,221.87753674456945,69.16646258495055,72.06994798594894
128.57101947959305,221.5903157668078,68.8473413818371,72.00441069819375
127.07743807198676,222.94244497654532,68.68664533894115,71.77028224545455
124.88601307245833,225.17134856463025,68.603629725968,71.09004126381896
123.18283757715844,225.3108474953648,68.63697270379618,70.92925784567586
121.5380768475969,225.3964839954203,68.6991496499798,70.81557238720467
119.74070556482172,225.92561195746057,69.01651580218483,70.82169269813237
117.23690042620547,226.73857709665464,69.11397745881187,70.78254261021209
114.70437901533512,227.38456723315454,69.07004105539386,70.95771171408151
112.70326672204084,228.27265624088108,69.39629127293335,70.66577482659626
110.7631643313126,228.01779121735734,69.81004131005085,70.77741150106036
108.0545431508538,227.66399167750922,70.09179945237102,71.2279544040941
104.4901327342011,225.72417665779915,70.99444783847184,71.46104833168258
103.0984414876213,224.95506353647608,70.75883528501583,72.0135237203134
101.46703072452343,221.35465075792155,70.86594206092167,72.1923346595025
99.32838694046868,218.33730509899942,71.21717920445536,72.12448691484678
98.37038054998347,212.25929648901177,72.13744668417914,71.88094129912874
95.67230712586225,206.66999102136097,72.19617116151093,71.97727398278238
93.60357188283186,197.99902828634228,72.05794727730193,70.91420639556878
92.11709060582646,193.0513390995711,72.10309510925158,70.55194011579086
91.89788115961969,183.47633830049017,72.03902985888483,70.2587692591187
93.01490022072824,177.06915248879204,71.92025734450158,70.41726663019563
94.32286988007888,176.11883302687096,72.05975897619396,71.017921456557
96.5091845375229,172.3370980981087,72.60756365941384,71.42501685958328
97.81557088191661,168.17727256230913,72.85619538957174,71.5791176992488
101.61589869752581,166.23696910197944,72.26314292684089,71.41881103806001
105.96905485986707,164.1111232512528,72.49194737004166,71.30800302561562
125.82213263069171,163.0170922490669,73.03404851174199,71.02816117752462
143.51205953382856,160.5829366766589,72.49418722866164,71.32015072047295
150.70305693875173,159.66898334999647,71.13451888823673,71.49428895357839
164.12733864424825,161.0968162772033,70.39599041987059,70.72781906588533
194.17533606019396,162.27768688845006,69.46087663045967,69.97177177973977
206.6337547772956,159.94961508793412,69.12198872018216,69.45125198202898
213.47244750744636,159.87627950751119,69.20377283843291,69.04932705875693
216.99133805512378,161.22533691496943,69.20116515921572,68.67094586353042
223.9136445957933,160.66348184147267,69.15087886010329,68.68443140591728
231.24583573234358,160.21509505393914,68.90382828255936,68.6241872612387
237.56384394160494,158.4466727340306,68.45918187441258,68.45098441761155
244.01152039632674,157.0775880782239,68.31316043927319,68.24623447492199
249.96866182608392,156.48646640967303,68.67056508738824,68.26712017080365
255.62321329745768,155.99054172824722,69.64227250078083,68.33401792070589
262.1207191619726,156.0650593299006,69.75221739864307,68.3337681148095
267.9048737565398,155.70971013538423,69.8715140673578,68.54059059260645
270.81732743267276,156.30979532868184,70.06562202728676,68.48733635705797
274.0780997266532,156.46213095218386,70.37545303823336,68.79142844718928
282.64048166032353,158.09820191971377,71.24802651220122,68.73729812978995
287.3084116133359,157.58097834084424,71.70049000858123,68.96611508046723
288.3868685674515,154.68169714070316,71.70976028728556,69.40307374387197
288.7365313960519,155.06332323023673,71.90220153586935,69.62716249192886
289.255083367715,155.73935220062594,72.05227894611218,69.85413208468165
296.9184909238866,156.20533011190383,72.27834888931088,69.65619309781539
306.00416501221986,159.44500048130618,72.24690664220986,69.4644280807514
308.6482375917992,161.31112287712222,71.03346088490659,68.79563815552864
311.3587390681029,162.88678393085763,70.48629063493588,68.19345435562921
313.8427887974658,166.55680778296204,69.92411978796557,67.2797663048933
316.78588530004066,168.13157537597564,69.15323935910973,67.18992302484145
321.00765508358313,171.24881287953144,68.60709063446258,66.48060070098788
325.234397849573,172.406646167009,69.00322973627189,66.46994349111456
329.0930947860588,176.0093469501793,69.36097872371286,66.36296445208723
331.6819801131496,189.77270021885914,69.0061527106445,66.22601125640232
333.61979309806947,201.1765836191404,69.04877777840254,66.29659757473631
339.89125836663914,213.39850342450825,69.24332454381444,65.54809144483559
347.6209015311066,221.32388040640814,68.58178582687903,65.41352305079899
350.0950387888131,225.9190021555555,66.43046689694575,63.7918349075763
349.32373109580914,229.89830182279675,63.79105255883256,62.73647768429983
347.7834626281137,232.34836249972867,61.50166780995835,61.39023869089434
351.5238819680919,235.40310039943103,59.29362051565253,59.55402539225258
359.66036549735134,238.75703745366224,57.08720657297846,57.31157296042589
364.5191162193054,243.084381886328,55.21970312635429,55.18065633477946
368.4323792094062,244.04567975564444,53.69173204346095,52.85717841164111
372.2439992794527,246.42976360651113,51.99008127791026,51.05530881324025
376.6808814929855,249.0611666456018,50.54597669428936,49.76445421973908
374.66044771173705,250.58991840752728,49.85825567570111,49.781920941249425
374.5892417982184,252.49579750951946,50.51980381236219,49.51180707205815
373.13904550923576,254.68656886171516,49.80192909258267,51.034563626852545
377.0177438376296,255.83566947503277,49.980518477817654,51.99802035347969
380.6977253332876,258.3829665757863,49.97705420476342,52.974634628992874
382.7484044848312,259.6835044887504,49.933503824039455,53.295798345072114
365.88840895542154,264.65838526052806,52.791897821701596,51.7852124072907
358.1328570654206,268.2015037845638,55.57713337660585,50.818315778988534
358.2138193272224,272.2293577592167,56.8082728750664,50.2619841266798
359.78902370672586,274.39693124656054,57.79124262176629,50.199569886672336
350.8959731482201,273.25331524859365,58.97699240515961,50.415427943091906
328.5359387199889,271.2842208810779,59.686319074122046,50.62301655948638
312.87474568778566,267.8376505717791,60.34652328428051,50.15107443730025
303.7548321485764,265.10537764265104,60.95174686233276,49.255235831292445
298.5592526294267,258.2726702147062,60.541182420407566,48.90600511070509
299.9728346413461,253.5457073355067,59.665670685005736,48.10803877926031
302.6029708922845,252.84726085853293,59.542020612022995,47.8388437481691
310.3440483631999,251.41477262522505,59.074295716273696,49.19674538186857
314.8963698009661,249.75809675984675,58.28360719407377,51.295917239158726
303.6975647833705,249.72829204120603,56.49170497645727,53.49792169597143
296.9994162124531,254.26075244009678,55.96861811560657,55.76675162298241
290.2922181972211,246.62429950334518,55.17106575129522,56.50983419326294
292.3518788115378,252.22189556000907,55.249097408861786,56.60772240983015
292.7493094759082,252.82731015903207,56.3476537961473,56.129558154525576
290.0259783442139,252.1958595665594,56.652005440181554,56.181307143540415
286.05196533466443,248.92211201098334,57.11959704155592,56.239691784874424
278.8829866470699,249.89350725735815,57.00903661736759,55.9138045971785
272.6431731844199,242.05556914927791,56.58780657092686,56.86902727940343
268.72569229170637,232.90343552748178,55.81517768099992,58.957375028366826
261.6173999530418,225.1252042757474,54.68529057183002,60.79607267740443
258.3723505347735,218.4092195633636,54.13951790262938,61.960203624083654
251.73786215940643,212.61533880007056,53.84909695591472,63.01895533163892
245.970518019732,206.4261209973531,53.20703028378652,63.86290702746692
239.2885701091721,197.92562717921157,52.71828213823152,62.89280625432613
237.10540914645014,194.74759607159518,52.46361617152458,62.75213051255821
233.04239397858493,179.38087868685645,52.87503068541659,61.146991826225154
225.5453077429415,176.6205992742742,53.623669213527194,60.511809913474565
221.114103503338,169.38690619641866,53.60266723893786,60.156755921785745
227.87629542175222,168.22666221395687,54.69354543366458,58.955212579488865
242.3206978601789,167.62148119472153,56.125642427538686,57.23302633342891
242.92568946946648,158.06424210436808,57.755605002115416,56.13213242856456
238.95808547854293,154.52992366849605,58.43639365718032,55.60415350898782
256.43992702790257,151.79734200166772,58.866501757191514,55.85287378081586
269.3690370176248,155.59575040334025,59.63844497049608,55.55695791359748
263.43678086446226,157.15617598536502,60.11513607931137,55.242118426336276
258.60276969951235,159.90969593360225,60.24345313272191,55.33620043232765
237.99283509757356,167.40563124391113,56.941639597341684,59.395093895572174
239.74832945083867,167.08330619069656,51.92729777191497,64.95503483452086
253.48148325277418,168.6557404047422,49.101102091261716,68.1487308023341
252.8982892651297,173.67383528224076,45.90301243212075,70.57707008481256
249.44094268614947,174.49412102100712,45.06067653353213,70.71388026583398
246.43237519003623,177.2820358954295,43.509508417543344,70.97679611101388
243.65694414728006,182.43346014990897,42.192588863956516,71.41555145337324
240.93597078339536,187.40245721667043,41.026138107900216,71.32120909139576
234.33160931401414,191.70929341660548,39.86891618429698,70.78945159325906
232.22632886327756,197.04675001779972,39.1197979590306,70.12445660376119
226.9622877453679,194.9211667167201,36.81514799422741,71.91616247059935
222.1120446706777,199.01811184599256,34.32405146385924,73.77975493147584
223.49076069477638,200.67032311595753,33.0486108259173,75.45806754855887
224.27291318443582,205.53101322945804,32.802622067835586,76.44386543740255
218.376524254166,201.84789005143762,31.71968371896369,76.97221640007183
217.69201223041907,199.51614069240094,31.134319386406844,77.69462739536685
257.15110893662325,233.44542331611385,33.18291521960396,72.62602110179846
258.12424303123333,237.4718641795324,35.2403134312932,68.31928700756026
256.7963372647825,239.006767537927,36.44094861074031,65.11321066176941
255.61373631792534,238.67439363907621,37.70387632499599,62.39808470687702
256.61632500667776,239.98905791349497,38.24065227276274,60.8365048238491
258.11701397923053,242.68653992875676,38.49596149196381,60.70533759966099
261.9982182127464,236.21290492409747,40.61892614047166,56.98286311740243
265.38496070579765,236.33371592718888,42.03411703480123,54.26158322280713
264.74455640908536,235.87206884491442,43.430834392528624,52.629682294201125
267.451087126747,234.1982224418262,44.38582877767038,52.48737890553812
268.19528566534024,229.61279980165617,44.99427351261774,51.40077503579272
268.73486797799535,228.8391613502999,45.27858814393742,50.85492969462403
270.7686179036411,225.27670946706496,45.88607751612619,50.56028876428607
271.03626320310093,222.77624890013573,46.82116376638095,50.01113770499877
273.395009619493,220.44514376941086,47.61442313467722,49.86675407149001
275.19472589614026,219.6750775332102,48.02284885774985,49.58529242481933
278.6005674183147,219.6289417364519,48.7272686042335,49.726028677937414
281.27599066597696,218.83165568851598,49.52477711608055,50.20087340068605
282.4810163395318,214.29268957215237,50.56669873039671,50.8073643644924
282.9528253857668,211.0009542517459,51.55357983397931,51.60573216106707
281.03573970788426,207.43078084205143,52.20833787111032,52.616539967547055
279.851872634761,205.96765278799953,53.22142056624604,53.66004663736504
280.18278794641344,204.2998786325346,54.464863618859724,54.89895054674464
280.9921592345277,203.47293215517334,55.60082289542954,55.148398926157384
281.2588798047504,201.63669129874427,56.31966497050696,55.32582043355594
281.8945504479263,198.54987008668098,57.104293876110745,56.0695889143536
283.71947734710704,196.60268827411144,57.835183581319825,56.97824406437981
284.91869789642436,195.28042290296816,58.136494813465255,57.552504506754865
289.5041950254681,191.52530605272648,58.75371714625912,57.832785395043416
292.98982768020494,189.79352771901517,59.352996079644285,57.619221615307175
295.02520017239766,188.57901912054496,59.41558620878422,56.84663110808506
299.13644525450786,190.14043167634958,59.75432861139738,55.70819959312498
302.0425652656778,193.75494991039778,60.26937101779895,53.516356900205565
306.1810268617678,193.33437803359215,60.12630078429811,51.64692912633576
310.04164985530326,195.55757054617115,58.95678018480038,50.19572899955423
312.29559147315643,190.35454247836543,57.02118832330061,50.580714654818955
