78.5,166.5,104,127
78.91836952145968,167.32975551227537,104.41603209622554,126.30702275554722
77.16745272008384,167.2249503032002,104.62315983120988,125.5490281789237
74.09276299290325,165.43026279883577,105.0915280856199,125.92542267884821
71.51825188869466,164.71203043627486,105.23541809570332,126.24431497717413
68.221646360617,164.3245103996794,104.98815788415844,126.78568742338805
64.93748780854725,162.50618665869825,104.36247760518027,128.37644624301208
62.935236867139196,162.25746561677278,104.03615558968096,128.36783696530222
60.5474226622577,161.83336660693448,103.53769418621152,128.6224771503536
57.31265718660761,161.90296161403893,102.96630583361767,129.01098761994368
53.418039521374155,163.72848978661463,103.2647851292335,128.24783949508338
49.41294829447835,163.41119771232968,103.5922502597219,128.66705601352916
45.60979832559225,164.69779702192227,104.27408978642231,127.91439937222643
41.834910213959375,167.2746395843968,104.99858963487117,126.52054949050246
40.04154240541591,168.1865832765913,105.08969594135019,125.80449620683669
38.978803469070144,170.6017596686309,105.54165098403226,125.08467856756343
38.781259793213664,173.00788168423088,105.47043909992445,124.35032016411006
38.885534221723404,175.60153419955896,105.47123759529049,123.94405770929004
40.6553891090095,176.94010234836057,104.89424058545829,123.29676140421002
40.24265362935358,177.64758117054717,104.5307241704644,122.88054037978618
40.27160025750339,177.04095878861074,104.45437491519273,122.46923635082001
41.11121558646684,177.3274020001232,104.64793411703755,122.70775469244734
40.79453378513216,175.73443966549345,104.87069488190593,123.2055415920077
40.5359376109579,174.0551066108016,104.59675364766244,124.15581002683089
41.70858822213771,174.0452267407457,103.94952891189034,125.3342324437539
44.53428585630967,174.77559195411322,102.94918802587064,126.58791804408791
47.83689346159471,176.76934976674528,103.79665054204617,128.948930327149
59.30648694484937,181.411186852569,106.28298542612279,130.9458385834801
60.31968001418508,190.18398192095145,108.0729161304842,132.52481357122687
64.33926145819555,194.53671835097538,109.05482372280994,133.9211254172948
67.18021123129452,197.97118898832773,111.47308859006414,135.32857231092504
69.54862684206256,203.72380855350514,115.49604206701441,134.7523645526405
68.12344748741567,208.51477209743598,122.6150327114278,131.76499188906473
79.14060515453636,225.06956814139582,126.94199591112198,131.76422929943607
74.1942506148405,226.4902372134153,130.42577564252176,131.74783755890056
72.0606777090044,230.00828071584158,132.69326382327355,130.44206194778573
92.15143412770605,236.3153318846883,128.48099689651477,131.33015306102004
95.98804204721377,245.07295389253574,127.44040854468196,132.17928702078905
110.6065320220827,264.1357753931246,128.95787462460717,130.29642279768746
122.7238436959526,267.81396329432624,130.68138306702852,125.8298110657951
127.1905383236967,270.3538345564869,131.24639545338601,123.03754984945715
126.73312177260979,271.67102764610786,130.4442644299266,120.11080890766107
128.55088672469213,273.73162260644415,129.3867055073598,118.19524666681326
129.59335442926732,270.9326794157717,129.04158318758016,118.02575424109031
125.60238093850766,269.60658132154845,127.5548574167191,118.38894658050732
121.92437224250611,260.51834684010674,127.25902267783232,120.6651965797677
102.40184248770585,253.34600355740653,127.65612915398557,122.08868143923547
75.03599487301639,246.71435688121437,126.78706296979026,123.70240337285759
6.784367826395481,222.6141657631703,127.75186491459459,124.08888561504926
-10.408489403288009,216.37558932277616,122.4242195411979,127.60901868992933
-28.597251522551062,219.22475836884766,117.67065552288807,130.32834894037666
-27.687616328455967,239.42829923556684,117.66726877117249,130.3317591502977
-27.902167684435128,253.83663207825188,117.66544900469339,130.3337389422225
-28.14044421463184,264.9130180120653,117.66315718402907,130.3362080871689
-27.542494812769547,279.4131513997772,117.66138510550132,130.33806228342482
-26.967306019360777,285.693680853804,117.65837034693848,130.34106358655285
-26.73693765816627,290.30189873469885,117.65558612393912,130.3438260516919
-26.715404890814526,300.2878584720491,117.65064597755989,130.348621664882
-26.86587253125576,306.00390376477606,117.643975038197,130.35492371858822
-26.23755136331235,313.27152293977355,117.6380522495819,130.36083164697462
-24.421658307494468,322.81893360076083,117.62961938082029,130.3692074227784
-23.536151095743612,338.6120626980318,117.62598412201432,130.37332894320215
-23.184630403216488,362.0754945386638,117.62021676621498,130.380860098364
33.57291007731677,383.51483998628674,119.08596313669143,129.09607560570598
177.26376574980338,280.3494788094664,117.40450813937449,129.684702012081
182.180782179454,282.92189728151635,115.51681345680046,129.61110024788232
185.62170806529616,284.9094383708265,114.4574976767849,128.7779920415826
187.98665351069388,287.2732844027282,113.60928608248298,127.5713866705892
190.83352994940617,288.1333739216565,112.29536976435405,126.69081999750153
193.81273684310236,290.3916525112577,110.87236924218996,125.39710288902367
196.09174045514405,291.39491993084823,109.4715153861028,124.88835814803289
197.77054212717007,292.18785699406624,108.11705272999322,124.3063735822964
198.4220939128536,292.56541513815563,107.51368068738522,123.97010855048816
196.33585824997814,288.78427162769265,107.30817464192029,123.95843335980516
196.4718757451198,293.7594988075778,107.02867933452816,122.17210348886549
195.2038419951062,290.1697958599386,106.6334314124973,122.21148615263756
195.9296396914412,293.8193686607567,106.30494524128571,121.27447500763577
197.9965739919701,294.8119938934498,106.15481577787743,121.48866239892378
195.8262274742275,287.22991474668686,107.60293569515284,123.68509970703707
195.1467179589967,285.96503652518555,109.14058162056529,126.21430673124618
197.7582043533567,285.41110203616665,111.046025846921,127.66089194802116
202.08460763569587,287.22776382057424,113.23907594880758,128.20084623412535
208.80424182185888,287.7955772709012,113.3100586217086,129.03496735364354
212.57816972150994,288.8984389969985,112.56095179243826,128.5961717397745
213.074143389924,287.7889395528613,111.87440610866149,127.9961052956362
214.13765751811923,290.53179290091384,111.21563015348718,126.46431371870227
211.04787501923204,285.982920351723,109.41745247929498,127.45915831201802
207.0486248664886,285.72705676716816,108.35148535466709,128.15006961990252
203.01317080842466,285.77264864508584,107.6568571625064,129.22609203224192
198.91706411225113,285.20529719825055,107.2289953290234,129.92174937747347
196.19053714685796,286.4258715223715,107.19220684495379,129.75446142220954
193.9747479387305,289.6185163363782,107.24826360135762,128.87301224066823
192.9163035730933,289.9972929184613,107.4838608239574,127.46832334194397
191.9851789690826,290.797360791058,107.56040255822393,126.91233139271769
192.1629921061818,291.9977145310851,107.70605396919092,125.70297353825094
191.49505730211587,292.3920399301012,107.6805931873463,125.34223911800154
191.0333069487864,291.906923833413,107.23924837970779,124.78713909892988
190.8741497641947,291.63835355254184,107.03525600860719,124.84132766196143
190.60199324305358,292.69192409884187,107.21818152986086,124.50444821467849
189.61847115219715,292.24278129341684,107.03636215757292,124.35584916957609
188.04872418025403,292.6829217633706,107.06748341316568,123.9535502738886
187.8247835676053,293.0042563130455,107.13734968651882,123.6294044921142
186.96033197554164,291.7810567642558,106.91301390656531,123.86306626784
185.90734688975476,292.82857974848145,107.04817378398778,123.27554824681454
184.42364235952334,293.22295711803366,106.95435766859303,122.79859407700599
183.7948818784513,293.80808640304423,106.93090960703265,122.23677942282883
183.5807722647687,295.5230516116025,106.94512114086865,121.45796084691403
183.46235921960758,296.57946582088744,106.97478339065862,120.39232297533357
184.03766045555633,297.74025950945406,106.5654662428578,119.5986973291574
183.96699002462935,297.47269670488816,105.8482814708998,119.41417487510633
183.3824477104962,297.0662605052523,105.16277866344376,119.02710194375837
181.79962808396292,289.344203490676,104.55937995455047,119.52626396180247
180.62009725717468,292.7176099938727,104.29605992096262,120.04468828679946
179.4836784736227,295.5338137610008,104.69877815479943,119.76375551450619
177.2987593855741,288.2904960795067,104.57505553988099,119.89696966625172
175.6701375306928,290.6437509070869,104.18527628707335,121.02326850565919
174.44131347169684,292.7552650141372,103.7765763768823,121.39057327648294
173.4067439584515,296.11278347783383,104.24135243874287,120.52983064916893
172.28588163770803,297.2859169201132,104.19848802802947,119.87203865818017
171.4979423465641,297.2146974530515,103.94719242361084,119.30875812132584
169.2634842010699,298.57364794884455,104.41470681335409,118.40060625617397
164.74479792439334,297.3018338392259,104.26659448053778,118.28533063820743
158.24513869501288,294.7925279694486,104.30982105850035,119.68039029379278
142.66193384449025,294.30803797658353,105.77549566738256,120.31753748318775
130.5923720889366,294.1855118054417,108.26119586916363,120.20599067338324
124.67053911887882,284.74200395430785,107.79294450428654,122.00785279593899
119.57788260285466,286.84310286470907,107.55479085390078,123.96566531296615
104.58245259052433,286.7468438621437,109.42794648708195,125.10316036315609
99.7245173388244,284.63707366109384,109.76567654095788,126.85841777575394
91.94259476474879,284.8559105246526,110.3139605852883,127.70132671503347
83.87800432227436,288.7233483324545,111.6328005888895,127.03648369601777
78.64671968096954,293.5632234885507,113.29697376096448,125.03091961353115
75.94152352755889,297.32077850469625,114.31192835034804,122.8155818438133
72.94791208290613,299.2739968571345,114.20053988482569,121.38179781265823
73.41877704690657,300.32434758459186,113.95516911438703,119.10833387438501
73.47080602195675,296.68568062007546,114.72716968317326,118.22574711097397
84.31091889597526,304.2190148137945,115.19556072590771,116.82014477883382
89.53380390415977,298.2723369607707,115.45859960846448,117.4377961010313
79.29504271121915,293.75494244056404,114.87291627535157,118.98139804580256
92.29950872225326,298.2274156944969,116.55643763768276,118.61274929794655
93.99352168292974,300.74664160939716,117.45237778078294,117.61078600116605
97.81449033228017,301.0026681952102,118.29180663961381,116.72960752293362
101.54273491710975,300.8845178965044,117.86270747315899,116.13540263004225
105.01701331101886,300.5805996161035,117.23526379492941,115.80730476644376
106.84413135019231,297.96258094629576,116.58912798780747,116.60792397709187
110.62984274921658,293.79969125787875,114.03968023019473,118.9980706482375
110.33904595535932,292.8216019788314,113.94095945586012,121.37805301263712
105.89255731457895,293.93576644931704,114.19492535436424,122.36934024636366
97.91888202630898,291.8140099973548,115.3776742234457,123.90142832271255
101.60429040508181,293.4340740912899,116.47130544105872,123.33791751879917
102.96257646747361,294.863468912184,116.63286112961435,122.0240104129455
104.14040294806173,291.1425226935617,115.84777923338716,122.46909765914998
104.36848491474765,297.50434749066295,115.83792826397784,120.63282008185422
99.60140857010813,289.70625282487765,114.63645663990239,121.92610146969929
94.80344896639988,289.4949498235205,113.92013429305867,123.3854409805235
89.28484927805465,282.637811243383,112.42782698639951,124.54007153435327
86.59023004959103,287.4389442846291,110.76375504903964,125.08842972706861
83.83257224878491,280.4095020092998,109.63275507600586,125.98250218971452
82.31888704928542,287.53494028906994,108.91463397033567,125.09001739195395
81.13808281371149,290.05952909778154,107.69126815254312,124.6506753992256
79.2352062242633,282.59535893450015,106.36786092723416,124.7179412781565
79.03777287115128,286.0759316279176,104.97269763086422,124.91013289312217
77.74627659133847,278.8328676284057,103.88703813284214,125.29614034771241
78.10656013234797,285.0088717010701,102.27049790486137,125.66751801323556
79.30468914558087,290.7407108311146,102.4264411494527,124.54807994174527
77.99585104817548,297.5996695502509,103.72763229692308,122.42364165996688
75.7398828350945,291.9036615189689,103.42779208505401,122.06142150121741
70.77293401669124,286.07757205280103,103.10021701983419,122.21573189565024
68.81773252258645,292.1307437955512,102.81943596415948,121.38937193065767
79.24963118426933,286.78277181223854,102.41142057743923,121.09021396857216
78.68956734529777,292.8294029385448,102.90024202436047,120.00492538691914
88.38930453860351,289.16037549227644,101.72923939373045,119.71571482611722
86.1592001146519,296.8971828115979,102.43491518918923,118.07425732248413
96.86139377009476,301.0817549000309,102.67957000782006,116.41544315507846
105.82265066063174,298.81558410851443,100.4621848964849,115.43398268656719
103.22743169646796,304.33318166484173,100.83752167811444,113.27815921697906
99.86023336854497,301.7553882367368,99.98833497901049,111.90263483280195
96.20630530312124,299.65129999602755,99.17065800591506,111.12748869382852
95.51689995917607,305.45406990432775,100.27697151668139,109.68130022610515
93.54289866250377,302.6233641956115,99.29593129386389,109.2697350543348
93.66729591079766,305.60833851871683,100.21979142602974,108.6907552077151
91.72789978914798,301.0959582624706,99.60585305180594,109.34387074645268
113.67109206515318,293.61951702754135,93.96948757328188,113.4276669507473
107.67671011983128,297.4298955916948,92.893871771848,114.0399468173745
104.1552758019971,299.58109011455144,93.26720524745166,114.47895944402447
99.48249050297227,299.2245369529959,94.70039228913537,114.643249980297
95.23689289564251,299.6476061544513,97.46310764158177,114.68074632346091
91.56138286820345,303.1884430407695,100.07064319938955,113.8467913618596
90.77970125297324,302.91871048652825,101.40930252188338,113.58979906048339
89.39642279837986,303.2832463890069,103.13338027362231,113.26706401008668
91.10418025268704,303.9593689279439,104.88967789934023,112.90046613375068
92.74212953198523,304.7772377917175,105.83561018562301,112.70528588606187
98.91886360964645,302.968598158589,105.34218650967068,112.7974696895199
105.05294747472155,302.2149230049645,104.46521598411032,113.16027229588688
110.02962173453315,300.3545539061961,103.08043187946515,114.5536238757631
114.24942914200219,302.7873469018926,100.88601912904124,114.1621799589551
118.44650863542216,303.41590517619557,99.13478302046666,113.9390227990821
120.0880179782392,303.5393729165277,97.72190524498123,113.39435705136987
123.47636984546318,303.0952441805971,96.45124637518781,113.32667272692834
126.67780980399718,302.90953250825766,94.87981692046111,113.7114514571193
129.72137835038782,308.5871250171853,95.55089144038124,112.00023025304577
138.9798886956261,309.1208378417799,94.08588986916739,110.44207926539747
145.4574836448947,308.8688793214566,92.68871865501741,110.20986666451127
145.49590274815773,310.6537049490905,93.03199994269107,109.95252181335718
145.88483631574755,316.8410113644741,93.76310330655014,107.3639969723971
145.71357841509874,316.31822316968163,94.73575941241319,104.94468145142916
145.21558735123574,317.6434672190878,95.86604625732232,103.07489403621051
142.7192123932595,320.6679165232317,96.89886861437583,101.01131027396154
142.66416243319492,321.9016228677805,98.7696298981067,99.183581427523
145.51366261045195,321.54970300105725,102.5051025813124,98.85828390720815
