386.5,399.5,103,256
383.4090758782928,402.91296323608606,103.176322177588,256.73848278380933
386.29032058392954,401.9285226491901,103.46233378102394,255.25837790413448
385.00021043597377,410.7504403102089,103.81746238115004,253.99430141693574
385.5058923454865,406.30735583869216,103.65814123714284,253.29977330033788
382.8736066944759,412.2995929461284,104.21070453974387,254.2139082468422
384.22222757009325,406.21818296032495,104.04214692776091,253.62763802374712
385.4846814018635,407.1165275326215,103.71509402152938,253.25899248305103
388.2621153548723,408.6819274614239,103.55693365030172,251.87431212465276
387.34564890450343,407.7847695237531,103.9903150402287,250.47440960285394
388.2340468297806,409.21981284984264,104.20299849303439,250.61122349960974
390.7294763706086,408.25650213839197,104.15065745871102,250.26161434885688
395.63558269904416,409.6490625147187,104.3905116048185,249.43477177537216
401.07476822102774,413.361245319404,103.94233350823896,247.2617203292096
412.4215698699078,411.16283832516433,103.61716130178752,248.28530672140593
425.2455280149555,410.5289537794783,104.6683149884988,249.72546731682735
440.66966798320806,408.9048636475306,105.86072642772604,251.66414021072762
457.4453793354709,404.80588859297245,107.12727399907925,252.42947742387827
477.9625546318658,403.5962496457073,107.51156354300812,251.15525885272558
500.1278208436495,407.23263047961916,105.77289284429432,249.16457592788288
528.718277912797,404.0643826059051,103.81845728265955,247.5119244890317
545.9404484328195,413.0281943713644,104.90911227532925,250.94782253404088
560.2908090770156,412.12972876253144,106.79122332336277,254.63627556319204
574.1477139670155,404.1696938548271,109.4476051174596,251.55959931536836
586.5530171038109,400.4725681872426,113.60328073473798,248.0691327092531
593.1227291274838,396.81798589084474,117.59821795448211,243.39104697398486
594.6417953382089,394.38688126206847,119.9628288725705,242.16085806488095
598.5995478825422,402.0094019282392,127.79741342928979,235.1870188199419
592.2665507269005,403.5676740525852,130.68480609414962,231.48350608970924
582.453510030272,403.0517995085596,131.42937770652284,233.11549415662307
567.8089661289639,398.47971374537633,129.8342911622152,234.19108410187397
531.7348659458763,393.5476190185311,130.34486488044132,232.07804825191448
515.5454184713706,371.0447435122346,126.25854986851525,235.97593106992736
484.75226785928476,352.76765997057896,127.42042024551887,235.98475284684213
456.79060592431335,328.48493855835903,125.42638953172147,243.21851537343045
381.026936447548,295.6638196407886,125.41161422743971,242.94645419734093
355.5345711724039,262.93485051917435,139.3262573448666,228.72974797035448
349.43171713006046,243.14908985047902,152.61532967782918,215.64526344837017
361.2992970097468,207.52524753782916,176.75917153588819,193.04381172113088
315.8992122527388,207.52644043102865,174.3753582007831,194.113428941667
306.21401614839783,205.12100627716313,163.81185720572972,200.88919309385759
323.16029137740213,232.17208265643973,152.11275386075812,218.8633190218278
300.89489310484424,248.89853186359892,160.4593234161279,219.46329994100554
276.4866011893232,293.9891189890989,184.37567302475784,199.7458784365875
251.81933145399358,357.8867393480931,205.51030137786336,179.58683004037658
254.06218310159903,423.49228695024465,206.00695176993884,177.80444577357343
266.7488669907673,458.46782027703205,219.36774155385814,173.22268759167827
254.22930306562915,474.0484417537251,234.68834065657586,159.2975114565295
254.8236061318115,516.2301582560895,249.29824602933815,149.85879158656638
243.7028749935726,523.1776829732729,264.03568284652636,141.26160945032575
230.33338540960435,544.3772810492828,271.39428329131835,141.40878857296417
223.25666500967998,548.2815548794634,279.63264449750864,137.95172711865763
220.26521642274315,547.1386284088067,284.68098673688064,136.52897024055903
221.98951761341604,544.9945703349497,289.3120705203908,135.29233758608768
215.04772283890804,543.81563076022,292.42566628736336,134.52508417481732
214.49792923826482,546.2835230205013,294.9331247349877,133.88196322847324
214.71990668407526,547.077480612405,295.7740448786528,134.85314175842626
209.96583281046645,546.7219997384168,295.60534612165895,137.3557207806872
215.50488479534033,548.9500164284514,293.8501314799141,140.757250896254
212.72412095679357,545.277571434051,294.12057486745687,141.59187267368986
211.8776121880212,545.817718015956,293.2956163593931,143.0401174985427
213.14952952858118,545.0830855023771,292.78958079822246,142.04055623175518
212.80249756043085,541.7859724365422,292.1987875806306,142.8179331317048
215.69717830216035,541.5863747895975,291.2319587509802,143.63445109104742
216.93042007480855,542.9387248771872,290.2795203249694,142.6880960429737
211.1641989823728,547.7840624834396,289.78393497535603,143.17375425789803
204.66302775956078,547.117741183356,289.04097331331405,143.23107406315114
207.83229043287105,548.6592796186318,287.40556915199625,142.78607302115174
218.16461679959733,536.0553304826327,289.24355237435424,139.06161159771514
227.40861479319588,522.5767390752029,290.79921178266494,136.655091638527
247.10517023054504,531.9270884721661,285.4128262192459,140.9907163919638
271.10562809748683,513.6507395133248,288.92830605421005,140.7612411529082
311.06676280400995,490.16850403166427,288.3011645098161,144.2858508186219
350.4785962142893,460.6123331804029,274.1056638879878,153.81006538491408
365.49702028495153,447.68070854474837,249.39959339177443,172.52001627823245
407.26852415737216,434.80437170186224,220.15406336910124,199.13292726440073
448.0085593724273,424.2819781850363,199.3162544441178,218.16609544543726
465.46915446266564,407.0720260485476,181.1236428311461,232.18540309976214
465.2223094345899,398.6827133333626,162.8736404892263,246.33379571915816
470.44005755227886,393.4059372024912,148.4618893138154,254.48212341920964
475.3201131491157,392.4542099646748,137.7643579903657,259.05573771158436
478.5913063536825,392.99549505708615,130.37296129251672,262.3193102956215
480.27268957557175,391.4545733776726,125.05330521937427,264.22996100842204
482.1637670996831,389.5391548978449,121.83941203295267,263.32778147714106
480.6724115944686,389.6291926545506,121.02841138108914,262.9057510410537
478.3454721890991,392.55027630681445,122.51989876764911,259.50685942660476
479.3118319082878,393.2173521299915,123.95605626332322,256.5803856691208
482.7949632688164,395.32482309481236,122.55732655847088,258.6983352037125
489.7889689316889,391.90334582495547,118.71276120135383,265.229711827281
492.93208986763966,389.0476541897519,115.27730696907022,271.3564043182406
495.7629062172113,392.30333675431734,111.84600426031386,271.07589608455646
497.0017422407226,394.5002303022072,109.27699174595753,269.23456918241067
496.2890347403986,396.3853818224797,107.07033453629356,266.11705525777154
493.8615417980078,398.03676087488094,105.06542614540984,263.6780028476445
488.5367429930714,399.2532696081873,103.78402399942334,261.38239387598117
483.6530255633389,401.78316906313466,102.95577099267749,258.01622768798734
477.2153470237805,397.38115378832913,105.83109469319311,257.11549291777413
463.81526692488876,388.7791034259563,109.89515374046385,256.08997938470736
438.8040266843189,368.2575773804871,109.53100702433801,256.190637219054
409.7213637297493,324.8319551633491,111.01956367688541,260.69337091114244
359.4072603791003,295.0850947349493,111.41060301978499,259.39211267248317
336.4952897674399,246.97734241226402,115.613309349307,251.69323438328334
310.62278625127385,201.79756396543917,127.6584415037094,237.66932264900336
292.74159600799993,160.830431817202,141.4797247307357,219.17569998258705
311.75946003162426,120.80890899949515,168.04005076063547,197.7521776248367
261.0867007916336,104.50204351413228,167.45562997059727,197.01483056211515
251.8177729270049,97.5835766095576,160.92574812050898,204.97123878227526
261.0510627860499,127.9054157895988,149.96959683106883,224.42838287092331
220.90176241797016,139.8328604564914,162.8838820765057,219.25353008193792
196.85071040483626,186.88651696955074,192.09065185899905,194.292884536288
172.44452757799232,230.8118613471785,217.6496014512856,175.24193943337622
144.1366103149512,290.4853926626687,213.79847888508266,180.25139077944664
178.94247027685617,359.44268952655136,191.97877785165363,206.1898243954313
242.6439209594704,402.1368333142311,179.42881227744076,223.3983080603062
281.52555688760845,411.4348125796977,173.13670893923108,235.0702347375029
293.17008596396175,416.97329040843533,183.62373950112408,229.087816815013
304.77903490755233,455.1287955753649,210.31426217668707,205.20825637129053
306.49318789193245,491.84568291166397,229.20792237919147,187.31513492745222
322.34921251069204,496.34675159641967,243.66478412189687,174.80540178042918
333.2251797358858,532.9154242444691,244.4353220531012,171.93322372065842
352.6039739222027,539.1383060070102,254.55856635258652,164.01943975642814
362.01105422409387,542.8777574045886,264.9277858757573,157.05126067133165
363.09580981974676,542.452413574118,274.4242178302035,152.22576177068817
363.6808151229902,543.5911378641697,279.5667501390608,147.67032046521274
366.5183790959382,542.5968408753765,284.71331370622636,146.70956718518482
369.3148882431003,542.9583416335234,286.71803987677634,146.6173279479247
369.0098313162023,544.3958348853088,287.9935709845436,145.45361690268984
365.436901964236,543.2659189739871,287.0451132059323,146.79107680140973
367.96684421627015,543.0661397583689,285.15676943901605,148.97625472994537
369.89202195483057,544.8001749938139,282.63774259234253,150.89593536150272
377.6759075890747,528.6485822605921,284.62380433166675,146.9191754544113
376.99918596710313,529.5785183444158,287.09167061218517,144.57616561958474
364.0326465906032,528.8396396605002,285.30079230341755,145.52837125106117
346.18024564044487,526.6633642560303,283.30679888513066,147.07479761122474
330.3706253693001,523.3629835880457,282.6386439501253,149.49664058553006
324.3102258520303,521.5466309253101,280.8110358115081,149.22884942815216
326.6521230437338,517.6756466047354,278.0942491843344,148.21293499740213
327.8706744097924,517.4433239605636,276.9884735329438,146.9548243767796
321.7366652689101,520.52650709909,277.7452308283802,142.8212697414199
320.39187908731867,519.4739892955776,275.6366011537519,141.9404295034894
316.2993541688978,524.2390459594135,277.4010233965994,140.6447741454832
303.5870835844956,520.434135079362,276.35205382321635,141.20021691922736
294.64017470777014,521.0252655080975,275.47935393750714,140.02480094274713
283.1318012380875,525.1291534716834,270.9827666025803,140.2832067706412
278.42377076236295,489.5448127185968,254.34806156281857,150.70561905074024
280.564499051271,475.6422170143653,241.59819640040772,157.68276938254306
294.7550683678607,471.6485448531292,230.83837467701832,162.3777781947614
292.6682202752234,467.547821154629,220.59640428209272,167.91392975245208
301.8014713170449,487.8776795965281,205.8163044716279,176.98552848144683
326.74829041156715,482.20821770692817,189.11410305016142,185.4065421616171
334.24207047784637,460.6490586933862,174.50015752684448,193.15090541575182
349.29357004531937,453.09906640375993,160.46178890032132,202.62871096363227
365.8346994360521,449.6141736091556,150.48884408369958,208.1280243362349
378.31439476640946,421.80149699772704,143.87654319044094,216.08638537159197
391.9361498168099,411.643765113373,133.4156735467934,232.21563564695293
401.7111738668814,407.3238827762522,131.96145254931156,234.05674433440856
409.837969120897,394.2431639866686,130.42549242763295,236.58761436291655
414.98449021760064,395.12404670635016,129.11606801681836,237.81560884558112
417.8368347511498,398.01733663392986,128.7412048278634,237.12978468194996
422.86167259651745,397.10044858463664,129.1860598149235,236.6632895078771
422.9503997505341,403.1250301122061,131.12341931151678,238.1642124741615
423.3289280584569,404.8827172487822,131.97609282014474,238.19412294908676
424.3409103411651,406.42412773294325,133.03687342341408,238.66889103487233
424.83260865465047,404.80245780816847,133.8386940815997,239.094592010368
425.46073595460615,405.0089882019075,134.468024670554,240.031809719632
424.37001287458037,405.04163665726594,135.42864754264167,240.83079744350533
422.46659875173486,404.26229883913,135.06413484594984,240.11191618356762
420.1675527802918,406.4374973320141,135.9462362454705,241.13710046229522
418.5599851361094,405.3424278588335,135.78635889765064,240.9952052976334
418.8434188279932,404.79118473923296,135.93565997711312,241.7151086041239
418.1738973557608,402.6454364023986,135.92241109914445,242.44253719879785
417.198941792983,401.87537230419247,136.3610227337714,243.12298587507996
416.33975704850474,400.0459588041372,136.99474969324035,243.6193897413404
418.4566068297553,398.55898196929365,137.35862341107372,244.60219005161437
419.06412714582666,401.5280902235378,138.3528241691592,246.57430574603745
420.348483869632,401.91818549457764,139.51070588489398,247.06453194056053
420.60484177760543,401.30292558218457,139.5142154665339,246.67486197938928
420.9881775079346,401.0788428520731,139.1871053729104,246.28078501989262
421.8597069573261,398.1186780852348,131.95628545346702,256.2864412251695
424.63670112438615,395.2071067625031,126.42378795213762,263.49013866589814
424.8620332045908,392.5274578101805,122.99687981895013,268.65869215561764
426.9833389151371,389.7792148153196,121.32904719309983,272.1695189036632
426.55564706890533,389.32159288172966,120.34668867612876,274.9698241540905
426.4812851986744,389.9503856161315,119.44862885011572,276.44680632749873
428.11080920247707,389.3164122635346,118.03502647544494,277.48256450987685
428.43652484418226,388.8882597313874,117.49715421458046,278.54336703072187
428.63628051599085,389.66765826088647,117.41238573414145,278.5473787237836
428.32107314506743,389.94243822839553,117.64530908051485,277.90870074021683
427.97797625992143,390.4768108433308,117.34606509999048,276.6780233548563
429.2279927109804,390.20367205847424,116.44028859893453,275.9193105137647
430.5317371238055,390.09614963448007,115.97177539355414,276.8599432662063
428.7976905242078,391.22660356393925,116.2588821883306,277.33858409045445
429.26637163469087,391.3324201522936,115.86849736814413,276.66620608576
429.8433255859045,390.7099831528571,115.37828599319796,277.3618123753778
429.1651379901978,390.5729701714108,115.44880922919751,277.39817080749526
430.395722241415,390.0556920300527,115.42445622702252,277.5179622090775
427.5431594604251,390.60777022710454,115.03751120947358,277.6167432987614
423.05295442381725,389.36838378548254,114.72326834384646,277.58202431303255
415.6449982804746,390.84931917269637,114.71163546451618,276.92095171632394
404.8416501115099,392.242391516254,113.95484265144457,277.5737527994724
390.01930935273714,390.9657967551316,115.64911332609461,279.67577643698405
364.12413932780737,375.67461881301875,117.45476175608115,282.1858838623474
335.79923981771157,354.94295360317585,118.08154670766922,281.2855935239765
304.66687982585097,315.580661681153,120.76703542918331,283.7607495726121
251.61549403369162,295.64904559132947,121.68638111018177,281.9957392595834
221.18732155199044,226.66813474688638,121.5139747002931,285.08256094846956
168.8191035622133,160.0845577793503,124.55165732291383,269.92989066479174
162.99620958451374,90.52474838040288,139.42398322119925,245.74054950174906
158.08775073422726,21.411704004640683,147.48516290182897,224.9937226038594
175.4812624176397,1.8440711724167613,148.01622425180096,216.07413673632482
239.31327696440962,32.80533779668869,140.70925845171817,223.36624124412862
236.86791656507384,37.657840979522206,140.53274044271149,230.86180784599088
211.47473787635235,46.77527076732899,153.17704612337712,221.7915505500404
208.81357835223338,96.85390997805679,166.4514754621424,203.32650235319417
213.7700226612747,145.31430864626492,187.3899948488205,182.22645239226622
202.93870159069692,206.67216103976904,184.04392994346728,189.2589470681486
235.7607983064098,278.3281449965077,168.95401202473684,211.3272586956868
268.49497664630866,377.69605374848385,154.4831605329274,226.06557754427365
289.25465416740485,390.61162991603,147.61378794312756,242.05836167158378
310.72236361126556,380.2526652518632,150.87094641746677,251.15487300064964
302.9115674578178,396.2643826318775,155.31712082427674,250.84002397975686
296.4630697524463,445.92779243868813,156.18004049802025,245.2826135458231
326.15336831936753,451.6652891456842,169.28473389152154,232.03915258632165
323.62360302359417,505.1789047202168,197.54423472842964,208.12817052172915
341.0533617436057,517.8967986142507,226.03435336628743,185.41053311093486
355.5746432736499,532.1378885451489,246.2829241868143,170.46137803704116
371.24141301114304,538.2429538693582,261.05391504630063,161.38428996255163
380.84827341342907,539.8131508765902,269.81408073159673,154.40804308668322
391.27944658884667,543.4571193158225,275.2215650844969,150.9437861322296
395.2303650361645,544.9084278823968,278.1322768272513,149.04746110380214
394.78102382646324,546.6779566485304,284.72838699628767,145.72963217108332
395.08647857493844,548.3887909256309,288.7302747596217,143.41245496991726
399.03824597375865,550.5379245757907,292.09962051618044,141.3728549002037
403.9853216227253,549.4572279725841,291.14025696849137,141.90851461185844
404.67876309003515,551.5431611870875,291.43230836958026,141.2743462133232
407.4958648898261,551.2282418932548,292.4331650803621,140.8534185713592
405.7873911576587,554.4356979757525,295.45152963916604,138.26197318416524
412.5935980475616,555.522054241317,297.9548842919774,136.06358383260903
415.2504263848915,555.564170290712,298.2060321713032,136.14633311797732
419.0230856171397,556.958636976642,297.8837666853223,138.05409173601598
430.73230363211314,557.7913851885475,297.6069303105268,139.04690954026304
430.33939554575346,561.7671495388997,297.7647745360531,140.0843268005569
421.5984464126573,560.6577727302008,299.0592376520989,141.05238924249397
418.7993964553831,564.6935620461222,300.8725291693543,139.36114403426566
414.84870070401837,570.8793387847545,305.6898721624859,137.07740107335857
412.66761845363646,569.824301752711,308.3906873666799,136.46164219829765
407.52090599893273,565.7361110475149,309.0090405597788,138.24201750135933
410.3024402126364,562.7309439692658,307.77744452922207,138.20251073073356
420.5480190758401,561.8207458225991,307.3360171037179,139.1666209155733
433.9016260423916,553.3229929018339,297.53184501021445,142.87557528157873
442.45770948657355,511.56571624711125,272.67257490758675,158.47926280733265
454.77598112898465,492.15138737128484,249.76374926078023,173.28290568166608
471.16654988428786,469.590578944655,238.08241567473445,181.03087675245507
485.4899884422325,441.52665739501003,234.27765586841537,179.10102637029962
476.6874641906305,426.0113406952092,232.38650381009592,176.37290503967677
472.0534833391691,411.71140420919005,229.356436567096,176.88694923058716
465.4794812697712,391.2574424584395,225.14391366731752,181.45468947403148
467.4842063154514,369.2410356053549,216.71043184149056,187.36295331447815
470.1686824187687,367.4557307117508,207.34918532333253,191.9186333898677
468.95243997516747,360.49687598321736,198.50692426937294,200.1916027422592
461.9410095980585,372.05674496345205,182.7106455430001,210.07676285307883
457.2073453326049,379.779258306433,169.65501531841403,219.44197595898703
457.9672154311148,382.67759874747424,158.63335728234392,226.15454953247104
458.9123386406689,383.6541385321031,148.82113811161832,228.59497267546305
