214.5,293.5,193,77
205.8126927641075,288.6532663461952,193.5345494693436,78.11518924288175
198.8183081524163,287.3953541463769,194.22167436746966,78.79644573804607
190.77098543763327,286.2197582179824,195.1379674410787,79.86664222587746
180.97456066030503,283.3450298950209,195.81265560352324,80.76410531100953
175.18281424103446,281.80218323700024,196.53880476835832,80.95033974185795
170.93133939422898,282.22893829411976,196.61711094542878,80.92376336918844
165.20321949397075,279.54599475355815,196.88029654672647,81.06105710085484
160.4730064174719,278.7534535153915,196.8900705772266,81.0754141362091
156.3344799266609,278.27249470267697,197.3186814812119,80.87541252545508
152.18465918137304,277.84801050331004,196.96373141142382,80.84750248380885
148.35776159311126,276.841637709629,196.22876792858463,80.99110553882228
145.38608881365184,275.34181364986154,196.11690957286112,81.48709274107512
140.91709742283518,275.1781398793131,196.5023773245872,81.41332337457541
134.88357154224843,274.96350576938886,196.72351233771383,81.19559777852501
129.93661307514012,274.357910048931,196.33112765907646,80.85576275593208
125.66001156200065,275.2027041417215,195.95991223595354,80.67146078708693
119.495561434619,272.9529402783823,195.8131321394595,80.4080080526447
117.0771499425235,275.3593972064459,196.02481874822325,80.57747554035905
113.22389009803813,273.9624971660885,196.58074897109904,80.67587609829253
110.51311904905656,275.4055591039473,196.86771045687956,80.78234598783361
109.475177583617,275.5996848693907,197.3577332545876,80.9797854917407
107.16814083405013,276.89510153288063,197.27912591799745,80.61562362205159
106.34805336990212,276.9997895973462,197.61814837856582,80.86714139232271
104.09839915841027,278.2181486302086,197.62604320825727,80.87956697474552
103.42323289679058,278.484242120534,197.38193765547737,80.7253709551695
101.79303322369849,279.5173939715854,197.23854438195636,80.8083067931668
101.08961219999145,280.32381219824896,197.49028501087525,80.85874009806422
100.90559264219718,279.7470066124455,197.41626949713793,81.21422159189865
99.16983051549335,279.82654488857065,197.59046766259394,81.95013584145956
98.00184558368434,278.78071039224096,197.52144589947244,82.00916866849998
97.38000814854581,279.51893814172763,198.17273500085912,82.01069485611879
97.14569552268108,278.9990793959508,198.24530553767045,81.94262557303718
96.87951397695423,280.10558498034,198.38432801170586,81.49343266826637
96.52393712542165,280.75906498671765,198.6075582714536,81.20953941462048
96.66766007696256,281.1581627302121,198.51403506686955,80.7337371959784
96.09848608391835,280.8234897407428,198.83110841478202,80.28422281095679
96.03379179974709,281.5346623308302,198.7890385450857,80.20249278409462
95.70400430023125,280.58934682966543,198.1754954058041,79.88076459643693
95.12349113944167,280.2489429582588,198.39290247613204,79.78107723207631
93.18074521091656,279.315899167148,198.02205478316395,79.60164713126863
92.60330688383567,279.67321626391083,198.1595815981152,79.63383976526919
91.52460611111167,279.8859372051171,198.04881350206847,79.61867864695955
90.67586179886716,278.8680055710294,197.72166252008165,79.29803771324592
91.30605214478427,278.4215209869897,198.37293010171544,79.22465900811436
92.01208433157194,278.23832057971225,198.59195768046402,79.07798786841897
92.83998195761367,279.1253223445621,198.67544670534284,79.10508280463873
94.20483249715947,278.51320613043805,198.92032209948732,79.2104887243648
94.90197077685656,278.8887145648256,198.81231758904335,79.14760020775493
96.23533842030854,279.1874570453149,199.1717794971925,79.21777852297186
97.45970789823023,278.8454348093412,198.99737735622946,79.09368057128944
97.38227013394459,279.05451031980374,199.27654823123964,79.34419042949956
96.94686950378457,279.30727632353353,198.99831129594963,79.43458172659783
97.597864817202,279.4084839435344,198.48329557603617,79.56113447508706
98.48106412363084,281.46756963371615,198.862416935026,79.41323492051404
99.16151551391262,282.88713254157983,198.43694015124285,79.23466995111545
99.6539340160073,283.59272915959156,198.75846923305966,79.31739322662754
100.77495107214743,286.3386313406247,198.83438060112607,79.82044522213579
102.4001645082722,286.4788777035086,198.75336872597737,79.97862408526572
102.70947164231951,288.1985818047317,198.41396335642705,80.2541104159768
103.20022686068259,287.7196995650855,198.5370806481631,80.75547327893437
104.56653729784463,287.8953518544114,198.90091892415336,81.19180509955167
104.37317228978338,288.69451366955445,198.80418738145704,81.18688647758157
105.8303022934212,289.2757711445238,198.4146711695763,81.09291412732091
105.88385776979847,290.03086712265974,198.31653384510432,80.87386725733745
104.87476123030241,290.1456245161222,197.8188422862638,81.00723562099006
105.55021256310258,290.57416166481784,197.32446665113144,81.26132124429128
105.44423648190964,291.2510910406491,196.6425547183063,81.22735024993007
102.29892515076963,291.7823979086187,197.61119833471838,81.56026697625585
100.01408434879642,292.1058073192122,198.1059311509756,81.61271810545868
100.29128193598353,292.6112218123635,197.80099847681595,81.5679445719797
99.33546541443785,293.74831321649685,197.54899721967539,81.54358819498748
97.75567027317108,293.9245751822456,197.09653243896125,81.48793994894343
95.80567111663053,294.75300445589596,197.5449566648994,81.80977417164696
93.05230038461639,294.26086465617885,198.34318296169135,81.92748151022455
92.46471603461447,295.47558585625654,198.90620790673609,81.88821159160602
91.63436039474497,295.95201325893436,199.31219182288865,82.09364907979904
90.8976449319366,296.41011078981734,199.05823567784958,81.60493674222278
90.83608758833407,297.9030659926741,198.88184000529054,81.12448135359905
90.01762982383664,297.25142614379666,199.26091633140453,81.13918635576684
89.64235038428212,299.0314476118025,199.62489244851062,81.26359690715138
90.01651884446721,298.57893709790665,200.84909614512958,81.74332502579776
89.64550034709379,300.1875234568133,200.86800631120593,81.66119569062904
90.18362372813606,299.8951122478452,201.8304877862735,82.27114729269215
91.32402303198037,299.2522349835004,201.56714308750514,82.2927101938793
98.73539827618161,301.4414176624842,200.23838731193226,81.83755784097765
110.02417381770948,298.66938328038424,199.07234097435992,81.72835826792782
121.07579214780078,299.57237429134057,198.7078795674732,81.33647438959267
134.55223730385524,301.03550744278294,197.2870575079278,81.9334362551955
146.779354374197,301.5252894105158,196.69185504449038,82.30284976628579
157.16278428578315,301.9250462976027,196.40501192969208,82.13673553825845
168.08091848540363,303.2850568212338,195.26551515215522,82.14067036067097
178.55801469207051,305.1160038431237,194.53867678850403,82.32289538885163
190.4580503241397,304.7656824747552,193.37458994514208,82.92160610659336
196.76334812577355,307.15247213215275,193.29776681044126,83.01837047694836
202.80589274312132,307.34582533919763,193.29881344000353,83.18904777896505
206.99581230098536,308.0803421364536,192.80063812356133,82.97618040416427
211.01644315816736,306.60676228595236,192.57076967015317,83.64158131991906
214.42309428978518,308.0848505240627,192.49505581252666,83.72861868799768
217.05283315922534,308.1485196297223,192.1736712590711,83.37217844628209
217.707628956595,308.49771098075826,191.32289061961788,82.86340768578609
217.43207480451838,309.48196798812495,190.97080235051362,81.87834265329153
217.51096242930475,309.74152740184786,190.79250053346686,81.3684052713102
217.65125536424955,309.55654959223887,191.24453138616104,81.17564625420226
218.37120705088952,309.17162522971665,192.02860224078637,80.93421730361806
219.90724133410464,308.86379158449193,192.37934708988348,80.8915725713815
219.7982101567906,310.24010361994505,193.50487198180025,81.0865951183647
220.07398191698766,309.1774766626821,194.35464939570176,81.2925800671694
219.3934227537173,309.6253530408179,194.04381165992564,80.93250945267869
220.91908570199,308.6516737640656,193.76956415350165,81.43184587903185
220.99836828750045,308.8062102225052,194.10427542953846,81.44711750775545
222.38243963240416,308.23499192615094,193.89971945161457,81.883104412983
224.338134449262,306.7694898674132,194.25163500512429,82.69476358073625
228.65976667840795,306.14194110500875,194.43789172603158,83.03844678030786
229.4727254112716,305.9570217970842,194.42531559178622,82.17618645912228
229.65135799941805,305.69606199536463,194.95831152913695,81.73848147407189
227.59760764006,306.3789848791028,195.7101437030838,80.46578275345964
227.68406073949956,306.52660029513913,196.47144941397565,79.85955485250493
227.00769617761347,307.1044341102599,197.7105490103578,79.01294079229561
226.676812207095,306.72034140377184,197.9578836807019,78.40464193040754
227.75748016571242,308.9940762988983,197.9024015594723,78.60094273951988
228.36114923359312,306.70574129560316,198.02647466619595,78.72816988264574
227.76678777186748,308.42367001616793,198.04612651134676,79.0001695734742
228.41145694114346,306.85717317872167,197.77405253894474,79.53969553596441
228.07294219052145,307.83992935677526,197.61548386943144,79.5779966850299
228.2496949935603,307.1317490349199,197.91387754151765,80.17193452629239
226.4273592798442,306.89127958589864,198.22988800398403,79.7927592075304
226.18256822021056,306.9607194025195,198.1500990786155,79.65816848005457
226.8841032784312,307.0109270985364,197.98686386684494,79.74152909412324
227.075393771885,307.2499469637352,197.75677039634058,79.73344602995674
228.5704268224058,307.51452543441343,197.54202053370227,79.7361214855845
228.34271089319788,307.5731315485326,197.00546921684045,79.78997186093898
228.14080244907046,308.63975450703157,196.50240697806964,79.99264508571052
227.26136821594326,306.91622027049095,196.018367443378,79.92685349905355
224.64544733402113,307.6890669317355,196.49316107718687,79.61808470564011
224.33104532245352,307.67110809393165,197.85248636201413,80.05191840021068
223.9954331272096,307.350343545052,198.1526106546073,80.16389623034601
222.94849080653375,307.5256304547528,198.20017581124833,80.01258875525332
222.4575320996654,308.0177705741102,198.5593744735545,79.79871970990926
225.17370240930504,308.33075459518034,197.57780852392244,79.48916545775657
224.0020344928788,307.44037450122676,196.6505006456848,80.17334144480463
224.07140287157142,307.65989690708335,196.98148320883524,80.16796330937436
222.96615655398082,308.326124609841,197.05295969258822,80.24002698497482
222.73994935892176,307.6694259217536,196.71127355971137,80.42778456489253
221.68496771092873,307.9575933629705,196.67017126769997,80.46029736016649
221.19862830812653,307.0095401341589,196.6465388259556,80.40596150364168
222.21075002034294,306.1530464786214,196.9507541875335,80.28417968496363
222.72481820499883,305.8127415530371,196.5002613319012,80.26922544492668
222.28946561873198,304.87333728515887,196.30636675200878,80.76803303177718
221.3887615079476,303.6014663323715,196.81502044267089,80.81883546515334
222.30554792668946,302.59061938840364,197.10799923329995,81.11886635488959
223.19361078711847,301.1240981504498,197.31769571321706,81.06853399673666
222.10780423663422,300.76461422950365,197.2773761550364,81.15393301529144
222.05623172141503,300.9892439838075,197.53792453535115,80.8813571561044
223.82965692533435,299.7159217235262,197.43084816392,80.87516502009655
224.68299115701024,298.7288939550068,197.6902751481085,80.49975852481728
224.63206263651676,298.83140217732335,197.70505565923497,80.60593474170798
224.6104020353797,296.54514340291365,197.93770052522066,80.94135645770268
224.0041274863474,297.1018951095928,198.1826620926723,80.75416072256704
223.34114771321572,295.0167958823597,198.87965691677914,81.23357257692038
225.32573163225635,293.82894235441046,198.66668271654578,81.70989966417558
226.43135454185995,290.8761356244295,198.41168017393466,81.73370436635557
227.85687762310502,290.73170636443024,197.9547601882786,81.3714078913895
229.1625933057795,289.26635930213314,197.98511229880552,81.31734912253577
230.48459936880425,287.67567907902077,198.12573667025356,81.27982581593771
231.87387768579885,286.3188096558021,198.31714382525058,80.92476826611949
231.86564988780498,285.25026147709843,199.00161883518638,80.62727666805196
232.65722016090558,284.3917259604888,198.71109262976734,80.3447447874147
233.50896423173938,284.49727919895054,198.58033228751532,80.16588957911658
233.1352109033934,282.9209731903511,198.48870812536342,79.97816980348392
234.03256523354344,284.12380966463445,198.68966036613304,79.70069047178434
231.8169889874768,283.6570649593706,199.21831055991117,79.54933731963666
232.40189847593075,283.3690936177434,199.2761707164185,79.79787273222112
232.61287619324958,282.9049331770893,198.82058578613032,80.00619865131385
233.08046973738396,282.37718042181666,198.6825495481576,79.85456538507988
233.18946379483015,281.7737608782128,198.710580379436,79.87145341008518
234.0047448060159,282.59483907739065,198.54566438558317,79.78262612187508
234.13050747757973,282.5391885823185,198.6720726936644,80.00967249999073
234.97102755498554,282.91465833970193,198.5464771370507,80.0333994137899
236.44987042654986,284.18936229078224,198.52322032420463,79.91142309503385
236.89185966103088,284.35317357627736,198.83628253231322,80.2057310040469
238.9718380893553,287.61224626227175,199.10229861420203,80.29440669223884
239.2388583754098,289.27701719441956,199.06616156792236,80.30476842100651
242.18613530567558,292.0824308275613,199.25799343431945,80.71954969430428
242.83075976755316,296.06193433545235,199.5350208224387,80.66546230285088
241.57973804679082,297.4859106775544,199.95746559872595,80.48257204616758
243.44040646199866,301.06293272702464,199.70550795494051,80.33768274382734
243.98428234673136,303.2778663982709,199.4275972222717,80.04738516070378
244.0297214852137,305.0535607307619,198.97765594582003,79.8616707530002
244.87452130241093,307.80644723612596,198.6164110277266,79.53310568904942
244.0086126660476,309.9304254207375,198.45116039598088,79.84963057821874
243.92233491134945,312.79487008721406,198.232958046624,79.73339593123967
244.05346083654126,313.4881781180487,198.42780780952353,79.88404171325175
243.55941737450564,316.0275202562503,198.86938266627678,79.6034283444413
245.104997106194,318.5409185900193,198.54050581283968,79.56484140132953
244.55911386838258,320.93768573402076,198.1664885732144,79.65054333464015
244.5430002193517,321.654724276396,197.891152566375,79.78011089748796
245.51293129868182,322.5102976961059,198.32312969261164,79.94506650557783
244.9887856882437,324.51643753343717,198.22011225774907,79.76839054490465
243.29791607683885,324.97650014981923,198.044268148497,79.87965872091583
243.6832384480105,325.23390668131356,198.3417105071363,79.34222126027684
242.6334391770243,326.3940110694683,198.0190869116576,78.9744191287884
243.77738460022331,326.5403134498996,197.82277168781815,78.73151003853063
243.4518286944408,328.17913399917114,198.21916531491206,78.2903145099796
244.17035415347533,327.30259538723544,198.6692129476395,77.92246726104207
243.51851712928735,328.0230428831693,198.19097443078414,77.88617515442064
242.0814030495353,327.7600793874569,198.8197590077534,77.88251344650467
242.15444830595823,328.4766620990975,198.75645794579148,77.68947356014216
243.28934357559484,328.4744725870547,198.24114824529389,77.69574872567381
242.57091908034616,328.1976829891485,197.96576357318594,77.69483133516349
243.18927882812434,327.32936023593584,197.54046714090777,77.4966235262355
242.9953029271,329.02841426827064,196.73074156907032,77.22145838606538
242.07802315195164,326.84366905901607,197.33131569532534,77.38415883417659
241.80617873343883,328.1491269303907,197.0853611850876,77.35425867828025
241.06844973590356,327.9414643790443,197.34772184625007,77.44599236985941
242.26267452622983,327.8301766573239,197.25511419789427,77.49548909749899
241.55543273854542,327.16286805204885,197.10836079568588,77.76904301840668
241.3748347313461,327.03978139933105,197.0354765073692,77.74000943015987
240.67671233553193,326.03589749444814,196.9917782238175,77.65900398934588
240.01613455421722,326.54181831339736,196.26999293142066,77.97527543051845
240.16015651520468,326.02591697711875,196.45137143924583,77.8505541601283
240.09249461243743,327.20619605775016,196.04452609108995,78.10386471224437
239.03183494222213,325.2234815382691,196.38006094856465,77.81407143064988
240.56785459924305,325.77452043703,196.70625528663763,77.79053860745506
239.16553804712566,324.20464157533155,196.81497412237874,77.8126229337878
238.4591903103241,324.86803454921113,196.72081303527483,77.83114493223377
239.09371760555683,325.49127077292223,196.85227757742348,77.94295373957993
237.57448630248547,324.77201029440744,196.68891861793819,78.10391458174902
237.87496785598086,324.3265108517418,196.68658689293594,78.00620222917291
238.3576668497337,325.0607713299497,196.47272497673072,77.98033325983286
239.41129567081316,324.1862517270361,196.64817311841577,77.84119304423514
239.33945335405676,324.1590306517146,196.6496581313241,77.76829601059399
238.38875478511642,322.80278093640345,196.77110035892645,77.72839480454331
238.9890532530432,323.78876779233605,196.61515540824132,77.73684394710169
238.31605694750854,322.0654564257038,196.56220888662023,77.8773746565166
238.63604258558823,320.918673116674,196.22239959800396,77.83094946663866
239.66616902712397,320.3373922100996,195.82568433643058,77.94664188262398
239.04190242809517,319.03020801281906,195.7772046093402,77.93016186943977
239.62229070045078,318.87518781598646,195.71128635339394,77.88674332212219
239.60429525041243,319.0885066264753,195.94653833766955,78.01638345306709
239.38395981001014,317.61752475913823,196.34476758960082,78.08772550652785
240.86231026343182,319.2851827136037,195.93365875238325,78.02377380963296
240.84839607460498,318.6999573401964,195.95133147086804,78.09673126554635
240.53763228257978,318.36022319065665,195.5570697845174,78.07063882081721
241.37340495436345,320.14266480285227,195.86218636149755,78.23440974262037
240.94944618548476,319.64360947183184,195.75275686384688,78.26715636571699
240.2869283252263,319.45498099918393,196.0285500878733,78.29928754640443
240.27226128238544,320.3746390279202,195.88952896193948,78.35694164178689
240.0727241224787,320.7161257653764,195.94638026334516,78.1634112604128
239.58124384913555,320.9241148428191,196.1055078212925,77.8046461437334
239.54293404261773,321.1071412963305,196.2174050356596,77.66719656994536
238.70288023358836,321.42195594115776,196.50198195303471,77.54645123338538
238.2105719491463,321.78779474839985,197.48606542455343,77.92057162495894
240.57813118176978,322.6521864958831,197.01885600929427,78.46871822375772
239.38865687953893,321.9138864330827,197.442740078615,78.92815924501123
240.41903669245875,320.7022441795999,197.95345738911564,79.32510517470627
238.81923498638244,320.63343161053535,197.7417713477618,79.51510244805743
240.10217231890636,320.7411441479662,197.10220519540164,79.30124644160426
238.9281608004502,321.5109952266579,196.33741309063612,79.34630328118446
238.5261952556785,321.1286230456032,196.35184757955165,79.49473913299029
239.18207014223503,321.09430302866195,195.8364746904222,79.3073027713612
237.1004679184672,320.8811159068201,196.2569082276948,79.3997129652287
238.2961969705812,320.409391496471,196.52247522226745,79.30826731952673
236.2492934983153,320.46321591912044,196.87205475743647,79.31762908999396
237.4675226984966,320.22854365838276,196.88064039775378,79.06455226337437
237.34588116633697,320.900555446651,197.1083194680537,78.89415880520792
237.2277402256601,321.7467621138939,197.44163168358202,78.91218026514811
238.0434371577722,320.00664736080245,197.70021753947353,79.55032464826893
237.09882872310996,321.32528914323007,197.87357487644175,79.54157921512756
235.77850750260183,320.00796681257754,197.1146308783253,79.89373123879825
236.1041985134361,321.53357410596846,196.79069788038038,80.03929304209215
236.4625463279117,320.1980454311931,196.91472815017184,80.4898704264329
236.08618721087765,321.33435764046897,196.18809462528304,80.10186786647799
237.1419091817154,320.260933742331,196.17210394593667,80.19268419722349
235.57222172537723,321.0405512237063,195.9400153213968,79.97698787640246
236.06610719259584,319.72120781130917,196.3489612200742,80.4312612681218
234.8822576373057,320.19033251328443,196.21444613731032,80.36522171114476
235.04434825033636,320.8949005945114,196.2894661553649,80.68166683702854
235.01361253742715,319.594158793128,197.00881145012556,80.74708581500896
233.35043145539407,320.25335789742684,196.7108678890941,80.28568426187539
234.1130802512316,319.76828390135984,197.31632333773274,79.92053550394078
234.40262847870724,321.46873328929706,197.4153532775301,80.1815794484795
234.12425036569385,319.74270938645253,197.58976403575105,80.11005838553147
233.94181498014163,320.72627477751814,197.2140998456319,79.92443879095369
233.96293359447114,320.2043923565289,197.56186886115546,79.70572230110693
233.09115302282254,319.5192194719192,197.34177393660443,79.8566035298447
234.4268108856931,321.00674198289437,197.07409585849211,79.60612115285284
234.44714039536356,320.3308442855306,196.1031200929163,79.6344717042882
234.1960067974705,319.4541912361351,196.438767421616,79.8825082756439
233.29443864762908,319.5444926222139,196.8638935675284,79.78698595574963
233.45410304352814,320.77012696183994,196.6529014628183,79.7317035950858
233.69268285790582,319.34510661588513,197.07353000106278,80.11096939800312
232.51385465800757,319.34088775828786,196.86193367144335,79.97055741727667
232.7895588644476,319.91203182670455,196.87456431009602,79.82533029461872
233.0959175419085,318.9184294645636,197.00997095858457,79.93005940435299
232.84758373805852,319.8255251090953,196.5853126442722,79.70456769452845
232.57724198291095,319.480878911677,197.63293628098646,79.93831239897344
233.55591506825425,320.5923572610046,197.16714758920455,79.90215260392843
233.3865093113273,319.54713510498027,197.11370936984886,80.12947707535528
233.85008319597003,319.44711200714175,197.62295629203066,80.03626728624913
232.71102919449885,320.42309461785715,197.19294108788074,79.88212001029864
233.52655361911445,319.2345379641333,197.34142848590298,79.80489572085294
232.3310638036282,319.3518951312557,197.49363047939374,79.47060190333761
233.3527043659078,320.2965746657629,197.33163311490532,79.25885835766152
233.38762511283332,320.3094120818988,197.28181514209024,79.22889193042987
231.5384931773924,320.48140849299637,197.40913136587736,79.12128642064707
232.25227333030284,319.4604624959969,197.97502074801426,79.48415610248159
231.3619478728571,319.35886008175544,198.01697771034532,79.63326372928942
233.7804415298629,320.402359699995,197.38019143087956,79.82138546639737
233.78655028692464,319.48597329586653,196.66054003738066,79.95266775322331
234.13306258516502,319.6129655958287,196.04102064134554,80.24055195918427
233.19940745256878,319.8035899102625,196.30776046624564,80.21521777404799
233.62726174120706,319.14183800516923,196.8502428641583,80.24133839503317
232.46484496418987,318.7117968967001,197.03565948513298,80.32455352031567
234.55183828089088,320.1261703778588,197.04922339646978,80.58382402168246
233.59557954016915,319.89267014897115,196.31976142196532,80.81369328617745
234.23170462558798,318.4286688305888,196.61044636503453,80.79678086671356
232.60554348607673,319.196824233896,195.91657065745426,80.35164847730496
234.3861649617922,319.2190022905669,196.14754972903356,80.49622067006584
235.55171960408262,320.4614907119804,196.07354698704,79.99115741957742
235.24551808199715,319.1398545305584,195.99579655163487,80.05943807938795
233.76981666547468,318.8666656027667,196.29666785429953,79.83460967524388
235.27026585159905,320.06728676858233,196.371067791377,79.66332420892334
234.2560666593302,319.8692632953287,196.35405005920015,79.50044731490782
235.58494022788574,319.3621475460424,196.1575997188878,79.58887545015719
233.96851198790682,319.8915329763324,196.2855515472038,79.32583422672313
235.71670287764198,319.18778411216823,196.249608496066,79.70461813268669
235.2188667622733,319.12152057755924,196.5771651109586,79.61862345789186
234.62374105468652,320.0465248471085,196.84853946095046,79.64371445855012
235.74259913599104,319.33367001104705,196.37147011840977,79.81817350601634
235.85995568700798,319.215606893589,196.5317937137636,79.8705698837262
234.95491798801868,318.91847916264646,196.1415851075308,79.7998917833324
234.94007569804484,318.3961454852927,196.06525148696178,79.58942729733403
234.84657798972978,318.2187238557903,195.94480549018934,79.69129857934342
236.51575022428318,317.43037634091985,195.7507142750193,79.73207346595693
236.07717042152785,315.96654035951076,195.7566512652879,80.2105762698395
237.47941933408492,314.8485868520161,195.6856536824071,80.32565441787018
236.32792696453123,313.3953664730188,195.60687901637837,80.20093434441344
235.22517158393416,312.3791744340505,196.55410318222795,80.50884935668374
245.43271505095015,311.88484910833233,193.60875234743912,80.03414232112374
245.85997982253502,311.85712019005354,192.08619737025217,79.53917069429471
246.2385317153084,313.2798841160388,191.30366916759718,77.44288938000966
249.41869712800946,312.7718664460801,189.86438507605124,76.95054228031374
252.69065888520151,311.60332355656635,188.0794594788424,76.3241125392453
252.82475584522837,310.5080748768054,187.49021950442545,75.79821285172437
255.1244822560118,309.3566043049158,185.838942351575,75.95410289954106
259.4684842754331,308.5148845766762,182.6700528070561,75.60243164396894
261.4896518073098,308.2887855995063,179.59023101129662,75.33260325019471
261.75698444839054,307.19855747674865,177.61532749175416,74.92188203217853
261.183930814438,306.8783441979935,176.03907891706905,74.08960906671662
258.0601695201438,306.99175817078276,175.45103212394346,72.86111588657243
258.20175153924845,306.0863008178273,174.2799144467038,72.06441440634133
255.65270975063436,304.70645220919727,171.39295878977055,72.1835724542899
248.2458304897351,305.021067256243,168.52803689164713,73.3580223032832
242.66716966489855,305.2214604992596,165.91521121771186,76.06289577895042
236.57311009103606,307.30067211434005,163.60846780897936,77.73292847377724
224.91719325813887,307.0642957807304,163.62642291947586,81.82215982256096
222.252716394115,303.4167313728129,163.32551720004437,85.1044626725146
214.3219771274828,290.835205528919,162.9144966488361,88.1471434954342
206.72984933969417,277.93054533058137,160.37249299284596,89.00298221791519
225.83010351278915,254.18721628310897,161.81518838200762,88.36221416539901
229.93374817218432,211.4269779585481,171.8780330353852,84.99507179596603
238.29127360669474,203.4046991378627,183.80285567100302,84.81782386482706
241.19771306195764,210.6088164978193,196.62158953818724,82.09480986329763
237.6336511804551,211.5935916393517,207.05928385211084,81.16470891437748
234.41303118637597,210.65727454087394,214.00277749188808,80.63131221800717
231.4166508158568,210.8662751693468,219.61845838845164,80.70046258383363
231.50605822086456,209.01250954912288,222.9165291356108,80.5714288065813
230.64796629477945,208.42113072287032,225.8558955467944,80.30349130203534
228.40400244215485,207.64393626201192,228.21605473550306,80.41077493524658
229.48475709611472,207.5150435529357,230.12404587390293,80.6009646703608
229.4378868243371,206.2283604504807,231.1534292559362,80.87791363894272
227.7948286981747,204.4644366466084,232.1062308510497,81.14438367367399
230.91524470441487,203.74911987316636,231.95362897162602,80.86325002390276
227.8831890843188,203.7446934770458,232.4630446055865,80.97908213410703
228.94067183494315,204.08482756431272,233.01679553500185,81.14410605094281
229.53814949398867,203.10053027372805,233.25573175171607,80.82510583688506
227.14247872563737,202.9982111358395,233.563977165677,81.0821979733027
228.97821713750199,203.0526411207248,233.56199139457533,80.65494161404771
227.0854421186276,203.20326498423273,234.38206539625227,80.92233549002485
227.92585107672983,203.362961993319,234.79861548198576,80.55389036587619
225.64997466071068,203.41939256456033,235.45772796177488,80.85817852873723
227.55743664509953,203.90345178411866,235.45990356422521,80.6238698587741
227.8282915425945,203.3729510019417,235.31737704255067,80.47335468519015
229.76790677593948,201.77570590724739,234.78262351410845,80.74836574288015
229.14685088801977,200.25493266318054,234.54540987624392,80.7460298610187
231.1991662995776,196.89395255950154,234.31559499398517,81.18127408403225
232.67967717219653,188.6117927598596,234.19496631515358,82.08178772170719
232.82629231909573,180.1181134656237,234.3921978178773,82.69520107397295
234.5856438066272,174.77723533658104,233.51019714193245,83.29686013357198
234.8992296165261,172.00593348078309,234.13224040975365,83.56259931651186
236.351048289163,172.18158371544496,234.55936807340623,85.20363190173063
235.53716059366656,171.74324190126794,235.02626289875582,87.2542110083333
236.6347312394689,172.53273579443666,235.4309186175729,89.18695389292479
237.14414526747956,174.16773609065115,235.7036022164054,91.13594839479518
239.80813002259183,177.57808087649403,235.06578821231489,93.01240237779689
238.62810532280355,180.19783928117226,235.57094762299218,94.86048103123949
239.49541570373046,181.93161289026932,235.75264670824532,96.62457796664037
241.2458180349048,185.8107466280099,234.7614274264508,97.01379527051708
241.00927804248218,189.29169100039732,234.62075963574142,97.15590947831794
240.11818667070233,191.58251420918694,234.20756359893613,97.04690548246111
241.67307840101347,193.38886111604745,233.27513375884305,96.63957351184924
242.55266696146367,194.32866440714434,232.63539516695724,96.12677713225403
243.3565749478205,191.06330842925658,231.6296266972381,95.91515090748756
242.72961574733415,187.82166063837397,230.96871310224674,95.52478973952742
243.86284332424293,183.68590128050894,231.62201269200523,96.0889701221276
247.2130051362578,179.5082734636883,231.5994153367438,96.86539026840312
248.16207889483476,178.85167184304453,231.81387863654544,97.27374195386642
250.6576555317926,178.80460310874736,231.21409327492225,96.6262793858397
246.5477117467608,175.7028848281269,231.9190572724456,97.51059267895315
249.85292198198016,175.35815729994118,232.21227659540284,100.24150419627736
409.357368161191,90.70555516362678,228.0919645592468,99.37504709195301
417.190195883468,110.44447459831508,222.86029863953414,96.30459881705883
425.5095988717069,114.17599584764724,220.09101666513155,92.57551956950842
435.1086623327376,118.95272199389095,216.20029426119757,90.89583751399
450.52698613140956,51.15730065546062,206.12914577884388,103.72271839885846
451.3221310569086,35.64905214387148,200.2144783910722,112.71112780606994
462.81369144936525,30.377144773740582,193.22844413112213,123.3374573315619
457.1764980674395,30.392192821563256,189.3409370503691,132.57249127894633
461.0650735962844,19.09669056363728,186.50828834634768,138.15708328869476
464.40583883823115,11.300859185864567,183.2474431537443,142.45119870384713
460.62767695360515,16.148875047903815,183.0382215548018,146.7204045972613
461.55387818148824,8.489424684841325,182.44710786112825,149.70729696156988
457.7360367059299,15.230340552617577,183.54794927476925,153.24298803790703
457.1231556860975,7.829636737768169,184.32884412073517,154.9655420604281
455.50495932557374,16.560875569026507,185.47539714489855,158.6147568265003
455.32837224880603,10.41009521308672,186.07537049920725,160.7757583419077
449.98627242851967,18.08169790491209,187.73775197876915,163.06848778796888
451.5348492448535,11.536141374787348,188.9850402368181,164.72256338026182
451.8188705101867,6.880420221394445,188.89376974628038,165.51167444925466
447.0632797165687,13.590400935061794,190.65946316670738,167.40595252387308
448.58857170326803,6.950287152735825,191.22617565059932,167.5961951947262
443.7332209733407,13.290962960251036,192.8021801500048,169.35524274961764
426.27999778407326,4.969795068209237,194.9919440944576,170.6948126874488
358.1833627459682,62.46597479125573,208.58854974195668,154.83750115395347
333.66620904911167,72.60874926522742,218.30668739690032,142.32398208271908
311.3616469483637,80.89246079370594,225.4939518571852,132.0836998338675
291.1877478236494,87.45727399519001,230.82089897136007,122.82865119159578
438.46966139821416,149.78073807688523,222.35781034762115,122.53377380945534
436.67688633908097,148.72096415837416,215.9588824690614,122.85376658322983
429.8164887386663,154.86459687854466,216.45396203268368,122.06128740540102
415.19690642681616,167.13695717916227,222.0440425651974,123.0782428295564
399.78820133908914,182.2971746782533,227.21572939775598,121.7839976354515
362.78714960238494,196.63557873533085,234.96453697272685,121.08873783062253
317.65992214706364,208.3146165693706,234.12685168561558,123.28739243292881
299.07418247823654,220.40368678308937,232.14882922273264,125.64491942492486
276.0265671476838,229.6001130644121,228.13240369487323,127.81945158212801
252.28318164201357,237.9775607150651,223.7335431449344,129.79407326385427
237.48216765581353,242.11978536327308,215.1974104117681,136.2164129841619
218.62145476479282,246.2560097568316,208.76067503047943,140.90088768184714
211.5670474711248,237.03336426456644,204.43417162465138,143.6226822293047
186.92750619085578,248.7866390895695,202.50495645569725,145.3183267931658
184.51274488925193,242.1248678778863,203.64917942397147,143.72568479117817
186.8231337144252,237.08605615137012,205.36844341104558,144.38589834735996
181.95096578046446,245.11967733568764,207.96126713297102,145.2009039035296
187.09687539535472,239.65998933972173,208.54022694066606,148.61816559950194
189.54953719316612,235.51425985508902,208.7832330798455,151.40713214094143
193.21339063544139,235.5271665649295,208.884451232679,153.7418572039265
194.43321123777062,241.2880040245186,210.90861570352712,152.12880884114475
204.04740931354496,230.65104490345283,209.37682141965422,151.9825343647705
207.81665614112893,229.21640127192103,210.51144063374898,153.25796791575218
213.3171027055298,229.03109788282845,210.73385892920263,154.17046012951852
217.3577186403275,234.48670071896854,211.9502812115237,152.54568386245074
217.81108589553506,239.63102985642738,214.44760587278523,151.65233503577525
235.66907669605072,227.50481636572584,215.132403995875,152.2362172478912
235.75649629133295,231.60089644472578,215.64168701009115,152.44490738591188
237.5761852844587,231.04755095794474,214.70271128366633,153.71315569115515
239.38642793597216,233.05553481124633,214.09329122531403,153.9157129174133
233.5425442934861,238.72507150675995,217.9536177716082,153.49489533235533
236.8068507072056,241.42206197075706,219.68265913423267,152.58308927771319
243.31515172991246,230.56023024903175,218.57420203968564,152.80144647726726
263.44221499238785,236.76483356880115,218.60126066488135,152.49851348885153
262.4301676833951,239.13013628920385,216.83855012997384,152.39047093333056
261.66918088222144,241.58448981441944,215.72749617876278,151.85395054366597
260.3441273415449,246.4004720318474,218.04739382608335,151.01132517436182
260.5057812697048,252.6829738194109,219.46286968691896,149.61488639568256
263.7247418656751,243.82316301911402,217.68605126673742,148.62524514837594
269.69847899357126,249.41201417081356,216.5976401594437,148.30062359448857
276.6557867515138,244.65265929294333,213.96418022980123,150.4918663855074
283.2576663470082,245.66152136525756,214.58930325621972,151.43440740048584
282.32037460315564,247.3176211290138,213.70549536361483,151.935209982501
282.5266973444164,241.94928568359217,210.93573890392042,153.90367713799267
282.17362231591096,239.58869496594423,207.57881532582996,155.0342645200201
285.3206843703796,218.38414427689605,208.0625375532574,154.4737919235071
260.6266018088629,191.73969700903749,204.6894493193572,153.4115779081988
238.64688713961652,186.61664501620334,200.08577212098473,152.42590756372798
236.1283982212646,187.21519381636304,200.54074064219785,148.57686294192416
235.98792620176505,180.51407815114135,204.85790189387396,143.2579047734662
237.0023064891398,185.65604690512373,203.75824332269886,143.26758165301362
241.69213700032452,188.22003597698497,204.49250441947004,145.87206305442663
247.2568851974071,178.36618719625017,203.49110460581025,144.70353991277125
264.56862884908315,173.42678787131277,197.36926525167686,145.86926292482866
277.57868659457563,176.3687821875791,190.49926000544298,147.87225959426746
290.1217126562189,177.79143003442493,184.21730601142883,152.820719908724
271.7553305473379,166.53615594651092,180.88545688690567,153.8269956236145
305.22781281998084,218.9679685693865,176.69907541046751,154.83556276067583
309.31223207193386,231.7425433885533,175.9589759774538,153.74048988931003
307.03987957987516,240.8234708680554,177.8576111964802,151.40898580616027
304.7321339722224,244.8648551446637,179.35073193029461,150.64729078504823
307.93997004654744,234.7136045134163,178.86338972625515,151.3889209232754
