226.5,282.5,69,250
221.45103923921482,284.97007063098954,73.67551294079036,244.38532012565526
220.94404493207202,288.24978590269205,78.67371013890775,238.75596314153438
224.31840649462845,287.4182032828422,82.85859125421237,234.7552318205651
230.47887301217452,282.1819271899902,85.6696457908365,232.21184334007046
234.49228736670267,273.6576402429767,87.59161812242964,230.5128758064851
237.3778323564935,263.82736927774545,88.3444806269788,228.6288925904633
243.74708479173879,250.36882093793645,91.9517742489199,225.59535908209298
260.0401423430753,226.3782040866063,92.84920254224298,225.14862571322004
261.9656569126307,204.71380152438724,93.69575755535382,220.31254817774607
264.1827938066402,190.8950026332132,96.07275877267546,217.89956307435193
279.842005738518,181.34387946335045,96.26669643540903,217.8909161645657
285.2822373232142,178.87755780414102,96.27929585756947,217.88940115778925
290.6820413704811,171.92418105421757,96.30300147610936,217.87622419956736
296.7287451224812,166.21393105140075,96.3368188942893,217.8567780305794
304.92291550493684,158.17708208387018,96.37910785960267,217.82914425482508
310.18949208797625,154.67945801361626,96.42611197349211,217.7947321704184
313.4997337941193,152.73177311952574,96.50317552012929,217.73531899580036
317.18879029276644,154.51733405093677,96.52640872950012,217.71664945879925
317.624707373783,154.72306845715394,96.54028063455225,217.7061505987098
312.12562757385354,161.86634107904635,96.54937411044881,217.69564638580874
309.7084050617961,162.4799996024225,96.54906800541319,217.69023933890384
310.01502863380836,160.89889452868593,96.55018554501675,217.67672545683598
313.6304571843539,158.57841306437967,96.55289949647698,217.6652220882988
314.48773169590106,159.83032647616108,96.5634101018693,217.63418240653598
313.81816499218723,162.0163296329827,96.58009310989817,217.58749585989102
311.8419083756799,163.67748828848184,96.59372637617693,217.50304185112356
307.95512977392735,166.09888184199906,96.6051828831183,217.35590484479715
305.3213353782081,168.20906212890736,96.61558716909413,217.2376002974393
301.0852771050175,168.6785911642762,96.61464978328543,217.15608164206103
295.425616822881,169.75585386515445,96.62097252956522,217.07876666663518
291.9594894015398,165.91027490585006,96.65830940731237,216.95318597974466
288.36766099392776,163.87888718971573,96.68439442993399,216.83031869274456
283.41901757184945,167.1120520298054,96.69640924802853,216.8008366993328
266.82189913800914,160.03559133670896,96.66898550169547,216.7943781264192
268.8031140870519,160.98427283601873,96.66154575215428,216.7203605505444
269.6748575312631,164.28201144713697,96.62017726049092,216.7283274277342
268.97673270079184,161.7030703118016,96.62522506768134,216.70640537330115
268.9553816541451,164.0430186055435,96.64643638965129,216.7001175657246
269.45445878400915,166.67158667289357,96.65016599432596,216.67044753743926
269.89814544435217,168.34030405652726,96.6493029861972,216.64436383103921
271.27672712966046,171.5240033890691,96.65021795229627,216.62110092721647
271.6944503855113,172.92155554535967,96.64457669553089,216.599689222515
272.846009891324,172.1556981690755,96.64069350467568,216.59561901529028
274.614434009112,173.69457135042762,96.63527813614984,216.58485325294305
276.9778309199211,170.74748200360295,96.631162499041,216.5752576851178
277.90618343624027,175.5949627822312,96.627478372851,216.5644306111987
280.042597705983,169.0966593823072,96.62003498427494,216.55590855057306
279.5679397700441,170.39611086876783,96.61677374204746,216.5483542257231
279.76700546451605,171.1279538713647,96.61344134716802,216.54023927594162
280.29113692753515,174.81625587464686,96.60985091029603,216.528811470244
281.1866541496875,173.9219657779582,96.6031551786836,216.5118956862196
282.0138512941867,174.78856088677492,96.59812142721425,216.49668799918
281.8010871485694,175.65240330186634,96.59150710313045,216.47928418343963
282.18464987244255,174.82195053371342,96.58357716195692,216.4573816781729
282.09671903729605,176.05350055115355,96.57684904798533,216.43909155692793
283.5773433801924,173.54855190453065,96.56913615740443,216.41646044975252
283.205757477769,175.5469365057536,96.55921054728083,216.38769213613114
284.78390376134064,170.69150237606976,96.55349123376908,216.3682261135774
285.94316146165806,171.67192700146063,96.5486617271468,216.35602424267086
287.63609466257776,173.4716791665286,96.54102232077551,216.33498227482434
289.2498577886158,169.55674430275525,96.53515239117863,216.32234607051683
289.75161456799987,171.0049289850435,96.52849367411962,216.30675430336765
291.16906167815125,171.72786098059504,96.52347468460611,216.28821460730856
293.53474326476237,167.68806256083215,96.51911413208089,216.27936101501058
294.6553469104117,166.5687047874878,96.51562828395842,216.27289810062445
295.3739964683465,167.9522830111268,96.50861354900172,216.26584368696155
295.93226343096444,171.38042403211637,96.50201502663592,216.24822665352735
297.83176047555787,166.19859433394652,96.49605715990702,216.24343016302623
297.4976982479699,167.32003612194202,96.49394472953526,216.2323285465689
297.37999970189423,171.71820824313346,96.48534785391504,216.2140404489004
298.33000229202804,167.9519043250205,96.47724774299867,216.19989249441582
297.906849210758,170.45771389164295,96.46907816892065,216.1763338355667
297.82280464516174,169.59148033764887,96.45615645778993,216.15127728766348
298.1746912287689,167.48922299695045,96.44406610612732,216.123423499822
298.04658749905764,171.3895229043173,96.43109869172099,216.0889121708061
297.4716558208041,167.78702254355107,96.42473863189967,216.08059359073334
298.26905031428555,168.35706167007402,96.41262140644943,216.04911559651464
298.38393962954495,168.1079890624885,96.39761865114144,216.03121500289356
298.82361366331645,167.49986390418422,96.38024631306388,216.0116335819838
298.3617977371795,167.29555255585333,96.36883763179532,215.9988528109904
298.3564840469161,169.4784097655383,96.35470910600833,215.97242471898258
298.04632341982256,170.02171467150743,96.34107792136405,215.95516812989123
297.5238425626349,170.2799140263749,96.32879557331566,215.9371588728521
296.75384225348296,170.26900669057713,96.31340082685823,215.91562968751697
296.7538256847029,167.80013658984655,96.29723431603803,215.89746349783437
297.1743307704679,168.8916303561694,96.27338922124066,215.8589604851471
298.1509399058176,167.4745347231035,96.25136012996177,215.8222718627444
298.7077562826634,168.17152265565977,96.2334877217291,215.79041591073306
297.57802692622124,172.34609676245685,96.21641235410807,215.75164195708763
297.19149384186045,168.66796283189882,96.20910351901503,215.7354980902984
297.92405475643943,165.14854856434636,96.20164439146379,215.72330695682425
298.22897142415866,166.60360535554997,96.19784032810476,215.71529536797777
297.9749370300783,166.7036348599642,96.19462202310295,215.7067840807737
297.3029528345959,167.82718826300777,96.19116590692671,215.6954484538858
296.6701523939996,168.8197465664634,96.18582433854954,215.68264751603425
295.5043284542076,170.28248444105412,96.17742247448119,215.66085590610453
295.3436139553876,168.94629247293614,96.16785144208056,215.64233141033367
294.6486135914723,168.42300826488997,96.15962888900438,215.62957436980676
294.7891049228687,167.27043367824717,96.15251192597961,215.62101547615202
293.66188508513983,165.78282757251668,96.14268892519836,215.60992745758676
293.166369150508,168.6915948023031,96.1302997262706,215.5920465281348
292.46725471155503,168.9690088079595,96.12041190591134,215.57611084556112
291.84531372889796,169.16988587373228,96.11375862151542,215.5648703427368
291.56023160458136,168.50058290405025,96.10813401459602,215.5555252275278
292.255500360648,169.12645836759114,96.10609445110924,215.5514643820424
291.5172228259541,171.71767652039347,96.10414152489159,215.54804752757912
292.9006631450625,175.93960209452456,96.10490672255122,215.54686529411183
292.95392710106614,177.70510730481618,96.10509700055833,215.54680732714186
292.2271225991556,178.96934184572808,96.10547598099525,215.5464044036128
291.48729839548145,174.82906007219373,96.10578216612991,215.5457923372782
291.8786438252731,176.13487572554732,96.11040959582648,215.5410090320511
293.6346558606709,177.18735074691602,96.11629385976296,215.53550194814545
294.1090677622596,178.6095578058004,96.12356372552328,215.52873073847303
295.69688716834287,180.01204687552098,96.12935167689122,215.52318630722274
298.2331460906094,180.7537351692248,96.13447961101421,215.51890255619517
302.0209002307295,181.7922081536235,96.1388186665894,215.5149253087875
306.65048420112385,181.33628332218024,96.14189018197752,215.5125814010602
315.2864365573701,181.28523949616516,96.14541233410894,215.50969597531628
322.199157437228,179.44561194612072,96.14958426000113,215.50597602161793
329.09507456499784,176.7898695134594,96.16742903583346,215.49464546869714
336.162966375154,173.10910731461473,96.17331373522337,215.49382846242534
351.7441828636839,159.92894273683342,96.19735460459916,215.5590526375192
364.74851932224067,168.50456481696503,96.22757634080581,215.621072942588
361.8237717480392,171.13287668644415,96.23040658366071,215.652698696275
364.8449912703668,172.46201325089936,96.23214650171307,215.65602830288404
376.8168843549003,175.11682384391077,96.24765369812452,215.67034739396078
373.20398970607704,178.76925061755765,96.22589775346144,215.65961988045
384.4404129425176,182.2020428106726,96.2436804767474,215.73205381621105
379.03193851775666,179.7188436145366,96.23321290628631,215.73565933510048
378.6146595308605,180.85842849497215,96.2360479649061,215.67122961214747
377.4085453443977,180.0395060201347,96.23780680581882,215.53548983834978
376.80524980585966,181.06418474880286,96.21396382279802,215.49338698153838
377.3343684124219,177.18789303103978,96.13265698954109,215.46475761036285
375.06347504201915,177.74572335479974,96.04444456958001,215.40926654044156
372.95738780052426,178.69199733609412,95.88656146971456,215.38185305546816
372.8731783095156,177.44534549809515,95.68543445554278,215.40101918683413
372.06785812429905,177.95852909932142,95.47425277874231,215.37949533860672
369.7834967274798,179.09182468008697,95.37588467958899,215.45186339414718
366.831246194738,182.30605065249918,95.2924578314069,215.67347877872947
365.94903680296505,185.50563164334864,95.42207415428229,215.88115359283745
362.91266544843137,185.05293937909485,95.70151575785044,215.66336285794017
361.69159788099535,187.20875253870173,97.86063000892392,214.4738967350307
346.8999963347176,184.74992796060207,99.81757043668439,212.67507946438073
346.9660507786141,186.63719441239212,104.6323333063988,210.2240613799458
346.83689151251576,191.8724497764387,106.39815689783764,209.57685292083457
333.0592408780194,202.91525815017818,107.33264288973072,209.24813123866323
336.8165006024103,202.55775615454309,108.52973614236502,209.12993060289634
338.9873943062957,207.1846164249998,109.07598880035957,209.01313289828664
322.71003860393427,193.390272669984,109.88593206238228,208.56473010680457
324.5214350605268,197.3556105819785,110.50389899874547,208.4266291653229
326.78262603017737,199.9881346773343,110.83757756435769,208.37409394458197
328.91238867584656,203.13971548455277,110.9896538164459,208.33863109494612
331.2895220998398,207.08184562967483,111.02187502464216,208.34120971766583
315.19359705265276,202.99088274303372,111.16797545470965,208.24927455955157
318.6375950895615,201.8384893394365,111.3599959938988,208.17474956674295
322.47911437569337,200.10906858374565,111.55494289908262,208.0941423400265
326.97212948472065,195.88889300502382,111.67457884161149,208.0110006843598
328.870888907988,193.24433417104188,111.93719774379512,207.8453482641279
329.2718488500937,193.2141975869327,112.08867197455486,207.7439148655357
329.99101367583324,190.59645154604414,112.20797083545828,207.6740537826399
332.12904725013203,189.92444866004013,112.3592465785538,207.6042929321046
333.56598914500455,190.11466088308805,112.4029600826625,207.58873754414094
316.27786976019553,181.9649153514867,112.49397698948755,207.53884620683098
321.0511827146172,176.2606945162901,112.582188231218,207.4944098788721
326.4335159294791,156.40391112446716,112.77433370640138,207.3852189415707
330.97862543878915,157.86672457523304,112.85811447415828,207.33683174417104
336.22209834351463,159.5044294434963,112.94274096847921,207.30089392002859
339.6574741855153,160.02851296671867,113.1237604484184,207.1945584027243
342.83974837903327,164.8903680316855,113.2926454987298,207.15982551430668
327.695935109707,146.42337072853746,113.5437234228804,206.98905327489965
330.1782020279015,147.90278899251672,113.72410278305517,206.91023355068262
317.089103974179,149.53071177486424,113.98536583080774,206.76692680053222
318.6949940927867,148.1150525415021,114.056578194987,206.7318626683796
302.20103857618494,127.09365356651534,114.45074304288772,206.39837506537458
297.66418341205156,123.56444917672202,116.20272752581764,205.07977254582792
536.020857725808,252.38393314179768,113.41168114439846,209.89249528950475
541.5294274700786,246.94081327420426,109.43475810178015,214.27152953839396
551.4638903196471,234.9847717024864,105.80287006133439,219.87759766718125
558.8601180005021,235.38196222240248,102.72266159446093,220.7698872883217
578.073994122974,235.67702092650123,94.58574759109445,223.88257015401945
592.5311320012743,230.65027283159208,89.13378453285803,228.67720909362413
607.5592554807232,228.01457235815306,84.00555232920914,234.10881521101436
622.7320652938685,226.99517228645146,79.7264858187635,240.27649156367661
629.4856965235707,242.56135659820387,78.15763125730822,243.95133958445888
643.5826561101367,245.63973768979952,75.49570976484037,247.3802211695781
644.0965456606893,248.1836381958439,72.80338143220577,247.79363609224276
645.5836530586377,252.7918820104285,71.3927854154916,247.94367220574935
647.6764975257145,254.51674465385182,70.37664427758729,249.96601999705825
649.5848829579304,257.937369701183,70.42691643149642,250.87678549306355
651.8068554766314,265.20872587563724,70.61496182683356,251.97903259392325
653.7182269674656,269.280094962715,70.23009650019449,250.00801158666832
653.8885866936331,270.3651523570097,69.84258807598852,249.25116071504812
653.6959205183127,276.07562861401857,70.07836694886521,247.40659846744887
653.9505576808094,280.5571067747201,70.58279024807815,246.06583595936976
654.0043423438235,283.16844185866876,70.34005597573235,245.6107129220573
654.8104894055147,285.836588631396,70.94341765603056,245.15203435157832
657.3000590832353,284.6308664118368,72.08384474117156,244.22951992648467
660.8993489178526,281.096669856521,73.30941363150723,244.64473243790377
665.5714099908014,282.54961559179844,74.69047306519951,248.3567689954554
676.9051600478971,282.29086956004323,75.86365211970923,248.62994123260137
686.6283406219949,281.3428235887908,76.47035341047861,251.25938375007644
688.9804072857721,285.0532778284149,77.20919465033731,251.80852560575875
692.6777726838249,285.9854292976643,79.37242817918309,247.83012745623083
703.3772887925276,284.6936423208625,79.69083561326693,250.1895386673388
704.0389613303765,286.9265211413506,79.46477711956199,250.98024693822805
716.6084784546373,283.38606855675647,79.82890334772516,250.557043201624
717.8733395159568,284.5791609556598,80.16067528941727,252.16128470577348
721.5142971218871,289.65217535933357,82.24927303989794,250.55480000395573
724.4396114839307,309.8252037236461,84.73793588838159,240.53552359454454
729.1244938058694,310.31406874386596,86.72817376220421,232.64987605456258
732.821135189213,316.9278487168756,86.81977335025333,227.6715026243515
736.3492285177211,311.09179219386886,87.42908494992048,224.9677468730627
735.6388424053673,319.0315387846347,88.19948025869641,220.62823839459494
731.9739844877488,321.11768108113296,88.14154608096355,218.0455833325051
728.7088235963517,318.81946169722596,89.78793813429587,214.65789267145556
725.747280490277,324.86032241092346,89.96943003187015,212.48929246751032
724.2425308614927,325.94190852376374,90.27499175892126,212.44085059995348
723.0204731433613,326.53577698237524,91.36726097707485,212.5982167081669
722.5828216018539,330.2059265392421,92.94204423606166,211.51420516920123
720.355074402567,333.2700797535416,93.82754752288008,209.55486121923985
719.53625989814,337.77179959883904,94.42944473928432,207.33898389894534
720.1724774637432,332.6134335373364,95.35976768188449,207.2038937410668
723.9938928070452,328.8341073032705,95.8390836017259,207.24227490792904
744.5103965850776,344.5142750844643,96.47701644483095,206.7656711875825
752.128537539227,342.7034017261973,96.7725090574062,206.54768716452298
762.7250016783914,343.228671602715,96.93023919582545,206.4120000306588
776.3761433826267,349.20080460838096,97.74248444336078,205.68700186448064
785.9803625370881,350.272008959135,97.9092864603656,205.53614217801768
790.6616022083322,354.256993595201,98.18359167140542,205.28435165497024
793.9996280523585,358.36018398389433,99.14108776625052,204.3772443684893
789.6613611244799,361.9490352522474,101.47699299804549,202.1283481367147
786.9068938609482,364.1357784313922,102.90027898842654,200.77061910073658
781.1581863773965,367.25830721886473,104.5617879267824,199.18336839911314
779.2254172416015,370.6465326365102,106.44346892431723,197.41343878879772
778.2135659955633,371.8145435882037,107.44369636546735,196.4797147398342
775.7693342963482,375.1828034749066,108.70631242426724,195.37970009338153
773.807429116519,376.2937616986243,109.89185798480787,194.30992152150313
797.9560585308468,326.4090312386313,108.59283676601538,194.45741131111797
784.2747880225836,329.1846848726366,108.20302029963149,194.52698369322349
789.3873784920191,327.1919201722123,106.41369522623903,194.11964695942842
791.7875629721534,324.0354784935014,104.38731165186537,194.68351403190758
797.8273760123527,326.7087575297412,100.60228796557075,194.11927931987117
799.8951499102691,329.2517250585025,99.81420330068879,193.60088776897092
801.5269236887576,328.77466073415445,98.63769998275606,192.45448436276578
790.8549183497511,327.3369387689573,96.90646194250726,191.4598437690055
796.2375910666286,328.00661583842566,93.39440954616677,188.69446090158362
778.6395528208735,369.44159585818943,92.80978916878048,187.89545423119677
783.088852868901,373.2561099082581,92.1123638087485,186.65234379463357
800.2365236827625,376.0099317555759,90.96904931115247,184.53433160977886
806.432946419115,377.0262481756739,89.7036595498123,180.6556303873197
825.1487993975941,381.63315497522615,86.8045196634107,175.14872096111253
831.3297635083463,385.297026298777,84.70113254908384,169.14731755885336
847.2689014556072,388.78745016692756,85.29067586842937,162.53714270415549
849.7778559298837,391.7703757728971,82.10992369248996,157.9072394826338
855.2266040385076,393.482647579978,79.91089663722946,153.30431907461076
866.9005497535417,396.43246539278294,80.07768034754218,148.66725669118833
876.3705668951661,400.85360838146244,79.56083141280402,144.05537842867307
881.6935004834337,403.4655151531362,78.11997274304372,141.95400069350728
891.3472369566693,400.9830109853393,74.65549257916528,142.73161154909008
893.5797136160613,409.02456409242285,70.65608592795701,140.0346719074938
899.8577175120895,409.15784289331214,66.40838196890864,140.26253310559247
905.3494449083084,404.4593235702515,60.69518226527676,141.5539799777268
910.8317631740074,404.1667779059253,56.383452151725585,140.58830638805196
914.5584101656224,403.3956588266951,53.6112380329975,140.88680970993386
917.2411605883657,401.80801011169564,52.3624745532336,141.41126995693426
917.3751681048268,401.2110482068709,52.29953272792814,141.42447105311325
916.0208423052816,398.6656054671389,52.276571406257425,141.4307060160672
913.6610319851095,394.3839106994027,52.273874827821174,141.43224691109782
911.2633834393478,392.2793297027056,52.2698106904017,141.4337382158628
908.5309269195335,388.7197449360905,52.247625036182576,141.45208959189705
906.5699820453096,386.92331651241693,52.22187913399555,141.46610046146088
904.6616630131026,386.73713713843745,52.20311923965417,141.5032834269778
903.6471691304788,387.5213214996661,52.18677385785288,141.5435801708291
902.7481378808247,389.7757202077769,52.17095984749439,141.58809267205743
911.8268134166251,378.14246679394785,52.051484905044106,141.70114567281126
909.424895810515,379.2529161261201,51.97204651573251,141.8046240684032
908.0325317672313,381.5296072299155,51.89681023157228,141.93295448822334
