269.5,362.5,65,105
269.2597456096569,368.36549482538265,64.11629483720476,105.80022220226208
270.098942919307,369.37033742368703,63.68964627636867,106.7002068817519
270.90890342951815,366.97965200969855,63.81477020261683,108.69226630073231
270.9778065092876,366.6660351196203,63.67370975357193,109.81128498131571
273.72958346443943,361.386062773895,65.61312278128705,106.98500683341078
275.10505416840914,364.587495648127,66.71054906438772,106.66800324467575
282.03816125983917,355.4039125060508,73.78193597100517,100.67058365236339
280.0604112660484,351.64328994885113,81.41297521372897,93.37043956845943
282.409595821967,355.7258609718684,79.36311369695397,92.29078536498463
284.24879115497583,351.8942539750569,78.20036090553955,90.31026538033618
289.0535317576395,354.8746264255043,83.65979506733865,85.150253986121
287.9461036034686,357.01519705741725,87.41640752878725,81.99783658208202
289.3618179566072,356.81967282882175,89.83961320285064,79.68498875516971
287.7751482405668,358.18066188080655,91.50729567730498,78.989780050843
288.62927295877887,357.2769220103895,92.37379070384777,78.19679234821089
288.49619606046645,356.96153610269465,92.92437563016667,78.16816143551985
288.5199491307508,356.06862049276145,93.69068204348059,77.70421796094351
287.5811262215042,356.06247259904535,94.30195327396106,77.47237433036982
287.2063631222103,357.1037807266465,94.55423460784662,77.28691383688627
287.92379192611736,357.17842508557817,94.51511381357778,77.05830721401414
289.3956935931453,356.7157238289263,93.83581085908422,77.19353536227422
290.16217044365885,356.8051220322976,93.5652956937474,77.15521261933846
291.83697959935614,356.6261323276069,92.97233855903443,77.40395637692879
291.69658772012616,355.6686684155858,92.50892566412821,77.77151102535002
293.138186552948,355.79809581491986,92.20002494977844,77.63817945115485
293.8153268880085,354.9310879266254,91.72673597696893,77.93223439037952
295.1849070965885,355.18861975849654,91.3144874860784,78.22851660190057
295.46437528583374,354.9429355367636,90.99208729750168,78.3707106650639
296.0785400817048,355.02456874002996,90.91166162497956,78.29547718217009
296.04941728040177,354.7926240623586,90.67542592031745,78.16155144113448
296.04516405085496,354.89326483977527,90.61093798332058,78.14673149888336
296.0578908839576,354.99769621654343,90.54126661511393,78.13236414017302
295.9211831990654,354.6312537194668,90.42948705744439,78.12397984387897
295.489310204647,354.77839329399353,90.5333175155996,78.16216243937245
295.74305880420985,355.10729167734627,90.71084195534414,78.17079024513477
295.7039899097097,355.18977434913376,90.69987494292802,78.12519596556704
296.44774396420246,355.00779929611656,90.23899556662373,78.4049171312933
296.79450349911167,354.34266950687777,89.8535248345033,78.74779823172074
296.57770082813136,354.30284385929207,89.81871098224246,79.02299414228001
296.92612542672606,354.061972986852,89.78019335806255,79.24348407994725
297.09550982906836,353.984689308271,89.34151616422687,79.62097350892385
297.21483442179846,353.99454347569906,89.03203218561619,79.88240287891696
297.0666989231863,354.0561642837282,89.14098040235062,80.14326298152287
297.8569470758225,353.8984592256709,88.93877343900479,79.98766381337963
298.27048883328416,354.1910360952806,88.90338629372943,80.17040124275454
297.9565549954583,354.2284053197401,88.85992369622974,80.39717089267629
298.05018087083795,354.67602809259165,88.7126442619442,80.29462784302495
298.2951693576744,354.4316218395957,88.71857215115199,80.30817943564476
297.87547305891064,353.5757193495889,88.96066654378066,81.0475309406599
298.4403818536199,354.3442922293136,88.97048106018956,81.20596423318199
298.928340578529,355.18009111862716,88.86047402125232,81.27521130032669
298.69828656503677,354.3622876987147,88.6519713562126,81.79987708771483
298.7468074479213,354.11063601616905,88.27372247598547,82.01673867962984
299.4873655134449,353.9268807400019,87.95324968409531,81.97973366752248
300.78309305513164,353.4094491584264,87.61042202496196,82.30010236389184
300.40034724669215,352.5846476038514,87.76179190674502,82.57508491621046
302.53828770806854,350.16665556372345,87.44785818667474,82.41440685657379
302.86853195565897,348.9548574971164,87.82145019686489,82.48812467863065
305.6308615380715,344.717965766874,88.4002861530421,81.29726103675955
304.8489568867175,344.5474372006481,88.81960807476867,80.94380937824144
312.20563150070734,340.6224145175869,89.42711589482363,80.83805468790642
310.8541470709893,338.5814823952196,90.33024132374055,81.91399613829896
316.5610211257934,339.3699829954662,91.09841612673006,80.17251621857118
316.0290273765208,340.1219940159117,91.67445803883236,79.41780586324236
322.91965925338434,341.6379696311725,92.17143353528829,79.00830093131998
323.7570860588621,341.91695708090134,91.57488838742941,79.4312238160954
326.1316463932131,341.5172356761695,90.90034171241032,79.78643338686206
326.22818507724736,342.91090031848773,90.98752249325034,79.79128940877467
327.50567427882396,340.81987168055855,90.26357159787912,80.55122611349657
328.12651647648374,341.0217296991177,89.61010654717558,80.77965631565898
329.32967939373077,341.6015792130287,89.31785661180562,80.91189261250582
329.89840006269793,340.6889341850575,88.89967960235103,81.25675540328093
330.10564274502553,340.9127202746747,88.32857607470629,81.53034882148543
330.8124718159609,339.3403096202617,87.72031901964272,82.18120402771136
330.53509968614935,339.6857314800261,87.11050546466778,82.76791935015942
330.5675499818515,339.915024520886,86.95585273560245,82.7576549685358
330.7963746689132,340.2489402080131,86.87745949074395,82.66858749646899
330.8862919290692,340.89480742341357,86.92327243482647,82.3106670548304
330.7636670576028,339.86422077059706,86.98466352981681,82.25767505437213
330.5343465219902,340.36015641026154,87.27911922606683,82.33823557779287
330.68790396087076,339.5522162317528,87.32168518927469,82.35510582490885
331.34244782195606,339.494037955175,87.10572590986834,82.43551037997979
331.0647709399543,339.95851628699495,87.28723817955012,82.4858196446082
330.8513360893355,340.30426606041374,86.95810593147733,82.43160932382575
331.3142574865692,340.04989206905196,86.89129552951184,82.36779097611641
331.67977482385743,339.99693992478313,86.87521934387661,82.22587163885115
331.1432297875104,340.451085494418,86.87054645518303,82.21232763760477
331.10597248599925,340.1536566982568,86.88531047518242,82.09803795543303
330.85716504592943,340.9942420056876,86.85403504360409,82.12139626837444
331.7725549919928,340.46165656536834,86.81427173015157,82.19075801119169
331.3432028042786,339.42660835911926,86.91067644871211,82.6455937034369
331.6043256913143,340.6071389101369,86.96562602099614,82.73524003700965
331.55670333688784,339.90934175367516,86.90273044304587,82.89792073661363
331.38438252209664,340.70720803575443,86.88345475166147,82.79547049057032
331.3243765069035,340.768243727059,86.87822830386405,82.8436187081619
331.1102712107125,340.98432858268706,86.90701085645688,82.8153457757277
330.8761751793058,341.62418625325773,86.98439716818493,82.67640790326766
331.3533608175763,342.6552126809329,87.53132408080715,82.16695006725789
327.42767948944515,334.8222416796651,86.67686760712559,86.17694819924901
327.24427485179825,332.6141527476882,85.89581981245018,88.8102523134699
320.6447524804959,333.09860769879094,84.62646455352898,91.03873344443701
318.464239659952,328.9217900841223,83.77435256796893,93.14439952323112
317.55048846894994,319.86848460954275,86.90015771963401,90.45920520505612
314.12058446043613,314.62789567402,90.04979785183491,87.97968590202942
311.80022799171667,299.19561881644813,93.95854071748124,88.67919864732448
309.3445165844861,294.7740065325756,97.37780011221895,90.67432159916379
319.48536573706133,303.04769469340926,100.97768025250292,91.63532426004039
318.35547136066145,301.56428365382726,104.63642530413091,93.11560518720397
340.2662242914762,311.27762033687213,102.82552430089977,93.95648896527933
338.2792131196849,313.95521215273357,103.3388499472472,93.49558004516534
350.1176358534462,310.03162583425586,100.78241349156556,96.02696393624059
350.1005448731593,308.62553581204764,98.87155033857577,97.56050025335443
353.9806665467383,285.8431783646457,98.84963020308773,97.60412750167394
354.3408464072922,280.90839118675194,98.00805337271697,99.38805045975637
356.0375891723588,269.25317322197805,97.48459323893077,101.14898306288825
356.6691590115206,261.8132840078092,96.54348684670191,104.65682850782738
353.7794936856815,239.08110640983728,96.46272962682862,108.69500572525565
350.27508048242015,230.37526416589535,95.55570491717087,112.155115887578
347.0044128890801,225.10631878156562,93.07033817666593,113.78787722355926
346.3816190045696,221.39100625694027,90.77413903658349,114.64741109773061
346.1148104309759,229.21303351748463,90.73997926535958,115.52100527354129
348.2314932296303,232.9398272097999,90.95960753783228,117.16043737438443
349.3750669658912,247.81960769410938,92.73783491653728,117.4782098560828
347.6388337898495,248.59684679390864,94.08530269913216,117.79719361823048
352.8520374724398,255.97297908445415,95.6846254670082,116.15553141598471
354.9836988774051,260.5253071734877,97.29527650351318,115.89526896808113
368.65744731554724,258.1334881208852,98.53101822891342,116.49615398719607
367.61841324711526,256.06214013180744,99.61820605524206,117.21787451865055
370.3357735956636,245.53701827765815,100.5527575902009,121.39591630739343
362.2903245160157,225.67089999626816,100.877383204636,123.32628824615
360.7054506306322,214.33769648412505,99.70257369009408,124.84404986943528
361.07775996042426,207.0750837839999,98.59056225211344,124.08180349844532
368.51109415286066,194.68481602622794,97.67395757268486,122.88844680207517
363.8631361354627,194.62490848392574,97.02395075591834,121.7228350315923
363.2258527325441,180.37929940697853,96.3521287210801,119.9438047724008
367.47985871244333,172.22510879899596,93.89297635753414,117.42496697896647
366.0922533852425,174.09199121124595,91.7329081194188,116.79514049560728
369.1623978924262,172.0968466187179,88.78877107686836,116.92292329104546
359.1041452515053,188.42400357764302,88.73714739142503,115.56831869326356
359.30833411706817,190.3991018636346,89.4189910653286,114.26141430992485
354.8583286317879,216.22049016507626,91.46550548437534,113.07706132154347
352.43061324996324,213.19892313910702,92.94586901398542,112.46317432779708
349.97041897128344,213.68697771530935,95.04241862214157,112.88040552458986
349.6061441808913,215.25810537867665,96.22385088024252,113.38059504686952
351.28158391418015,219.98088178882938,98.23800122552392,113.49412616516271
351.67676947410763,224.81721473054324,99.84342139785952,112.1995616306119
355.2704966437227,235.0538888834296,100.79190665671281,112.98128496485384
353.83818212916805,235.84247500348692,101.75319618062659,112.73270752854935
353.56511909010896,241.96919292389822,103.23885495594546,111.79252890513396
353.77952309069514,242.35740907167187,104.44305817665884,111.87599237536807
352.372086426864,247.4925153526536,105.96719065673359,110.73373715745976
354.51435737463726,246.597825551456,107.63846026173636,111.05340426405114
352.2251762410192,250.511887202572,109.36597719205844,111.77766438467069
352.8884230350244,251.4815888734372,110.78245883903338,112.36102834831448
350.34413383320447,254.22133774796814,112.37955140855146,113.2563718124789
351.5010825676094,253.88338240187497,113.60330762435777,114.02451421790063
348.6467444091709,256.17019259288486,114.07575642887511,114.60203500256787
349.7477681455464,256.6801168545645,114.5304491447227,116.05448533975841
348.32237831115737,253.6601546760835,115.02855647501508,117.44108843054622
348.04652538207483,256.39242714315935,115.51818347724833,117.84164435699023
349.239550182618,250.1558098253111,116.32108608372735,122.25322013343376
348.7656401377328,244.83785861514815,116.96847426632078,125.62669379323108
350.38146502515394,245.01847862474006,117.91460035131126,128.3842668119196
350.4169009910195,242.61394170911746,117.95342640224914,132.02589474510873
350.9189546541125,238.53290208775553,116.92630164911033,136.60480142809442
351.0261581449317,236.05211908508318,115.80978194507506,139.68355362213694
351.3346922947095,231.93756812320282,114.66931506735256,143.02254553002854
350.52113190812577,229.21231615004803,113.65131617346677,144.9723835732467
350.89650607411954,227.52338510814002,112.08966667647061,146.67956251153967
350.6607315600966,227.23820620866104,111.40206629617603,146.70176100921665
348.87932451974996,225.95586479682925,110.52466955762503,146.9651509366095
348.0109205732711,226.0182764891183,109.66406796381207,147.39990883178598
347.67228174791444,230.30827279987523,109.00770432386076,146.89747186670525
347.98734186455107,231.32238200547414,108.98139845406709,146.88898092399805
346.3612735308951,235.9622665670367,109.34472281783582,145.21558987933363
345.0480924213268,238.69349711468936,110.16572173950993,143.28549696716422
344.3438054757774,244.22855473327348,109.99393092647674,141.81001578608732
345.3488613919709,247.58315402890685,109.70043012180741,140.32502698028205
344.2814189780024,254.9134622714006,110.19470210909185,138.20516290618318
343.7504826590131,252.85883182325244,111.03650106202056,136.33334327040552
340.09216117534675,260.1747286412177,110.57310710308366,133.6131440253441
339.01272083401926,261.5064860502231,109.9815922493159,131.3084487218464
336.29453659769416,264.3821364190563,108.38648946952472,129.47142219987825
338.10473132149707,266.91678259911197,107.07038530977593,126.71786160360664
334.9321829540933,274.5500478628478,108.1944122318088,123.95836251686973
332.24112698636884,273.2975576022543,107.19474640389103,122.74936474749887
330.2897334348221,287.8483144426049,106.05644301855071,119.26543148061617
328.5695390028979,291.26671515627095,104.39691780845502,117.78380602526886
324.1719906665318,314.46188814400455,105.82678487455871,115.70728374975289
320.0331042920808,317.4840190731999,106.8615776201039,114.15364870334335
318.9925867333932,337.6254098997747,108.30856928235518,110.97151783754722
317.55083150902936,338.5032922522479,108.85408444032657,108.03463226010334
314.3381894105266,346.4417762539059,109.43438505960384,106.64930625507826
313.765203676639,347.88205986169197,109.54751687150295,104.89587312420765
315.78735838427247,354.7633603565277,108.867643128996,103.92849346327156
315.95559629332104,355.0443494339751,108.6719678912811,102.09237924194001
317.38782326197975,357.4442990520272,107.7429786937632,100.82784582576691
317.65947298260255,357.47144004647254,107.18726786488033,99.76924536115294
318.6311993494564,358.47397696151836,106.45764357565363,98.39574544654285
318.39678601015555,359.27179674958575,106.26014718849751,97.14319300715357
318.83787962307343,361.06280016357306,105.92486923533247,96.43184815313217
319.3760467431564,361.91230841122905,105.44732707127744,95.68475776999512
319.5290263130285,364.01238797753194,104.72936876552141,95.08369302825848
320.72485400679386,364.2305581518243,103.8064291649246,94.43054601461091
322.3733121904718,364.7360408758673,102.54910267946568,93.80177159869619
322.6299659962257,365.7033008930299,101.88761345069791,93.20965283046888
322.2777232213873,365.6591632051931,101.48282544748002,92.74946366947566
321.78296006656785,365.8246012913846,101.09794792277597,92.30314563087359
322.5980633486087,365.4663157570607,100.26751046222137,92.47045274535876
322.4428997826659,365.1172461615904,99.87999130065765,92.31925853080469
323.2634813838553,364.78274708984657,99.45817140291284,92.20528940487175
323.23346449928863,365.2188278718338,99.1799968244872,92.07050608052899
323.773383232544,366.40168597876874,99.01074845690682,91.85546945497693
323.74500486114846,366.6181578311821,98.84112014272549,91.75800331090882
323.7724808760285,366.7357516310283,98.5031131651123,91.71378268988569
323.39846157402013,366.47129336842005,98.36002579208971,91.7311243507146
324.7728971978231,366.2377723281698,98.12707732928902,91.70010280730996
324.3283076047309,366.497954433945,98.21967012116343,91.61065132883752
324.2748387583217,366.5113101821196,97.98054697170619,91.34001046125061
324.0789276908064,366.0178160018905,97.64937352749419,91.15097045085156
323.8461774992084,366.12127965428914,97.4402452953108,91.0704799160166
324.44544662224575,367.06222096250656,97.48340114198668,91.00780782890914
324.23112054190136,367.01548191455083,97.0138718642294,90.83718653550588
324.57389161844867,367.22778535850773,97.09483244913376,90.67267077355723
325.5684372877399,366.5831813194455,96.78168722699868,90.63875038984399
326.2175319616843,368.0139297387809,96.904262563787,90.32973758666498
325.32874393768515,366.65829275619456,96.29090295237678,90.61074493310907
326.184990029312,367.3684217946325,96.18500247063062,90.4264260013214
326.2179182519964,367.19284296493345,96.04942490764607,90.25981766187915
325.67113455750956,367.46359716258485,96.15364233533899,90.09792674900022
326.2710105261684,367.79599169027557,96.27730794238622,89.89757428429024
325.8461544000234,368.303697350211,96.23050261988905,89.71470413215548
326.1836903742417,367.7699304887604,96.1165899245729,89.86342754707711
326.49532438023135,367.2645622751845,96.03988798171977,89.96515499443154
325.6406379548619,367.90198316851263,96.12257187524426,90.04580389228454
326.8632827561331,367.95975264764854,96.51804584157998,89.85641393722042
325.3541008912425,367.6778046077412,96.56838197965588,90.22568972067593
325.4407215087688,367.18837168416627,96.47768233702259,90.50725948485236
325.3736449384283,367.71257247678966,96.4607434848484,90.42338854640661
325.29828632160826,367.0338182110866,96.29341662225706,90.71909767080737
326.52029831754993,367.3359298403033,96.22756765059158,90.43354343350359
325.04146566780884,366.26664341978693,96.27695496163992,90.77959396332577
326.34751968885473,368.5275225055069,96.61656763411725,89.92290060359235
325.94248125771765,367.30602371622587,96.86939948029338,90.05721669411729
326.88129991139215,368.06317751037045,96.93971003270849,89.78874882083208
326.7845912274837,368.20285071207314,96.73182491386733,89.84741135764655
327.400999931672,368.01553157573835,96.689821881368,89.93740651670299
326.68990643907813,368.1142140861184,96.6735249130799,89.99388685979824
327.29809319490755,367.7826785715955,96.6722304705586,90.09799351716282
326.6251735085584,367.76872870984187,96.73906956096931,90.1249197909413
326.7553579846009,367.98628146591096,96.67416319337983,89.89802376361865
326.743634954652,368.3721470721695,96.57227010284888,89.68227531963716
326.06184263286605,368.1085258507484,96.71816535146995,89.5345833156677
327.26417806407085,369.34710373607123,96.74263362632837,88.99142231507211
325.95834654896834,368.09858202658387,96.71808096973528,89.4480058627547
327.27160242184755,369.1874207881176,96.79169706401896,89.02421265517796
326.41893390162977,368.1422620345779,96.61336067496546,89.4235264820281
326.8307265447893,368.26092964822215,96.68424745123417,89.36518240857589
326.9956840786798,368.253214932668,96.64553373652615,89.33802849331734
327.15991228075916,368.2462832728689,96.6082542177339,89.30948453494405
327.60147852999586,368.1467352415745,96.65860400857483,89.35075161088805
326.4326996602828,368.519573587741,96.5675688276975,89.25218722848791
326.87140120611247,368.4763994968155,96.51499531443794,89.22661003934766
327.31178243714675,368.43588029947995,96.47206780663107,89.19567931321819
325.8837508994416,368.4393351778249,96.05439345146884,89.32178845251204
328.1735840682732,367.60250800695917,95.76072784241289,89.5387247070471
327.17438764315847,368.5623905680851,95.92404924813094,89.57688728865263
327.25741387614835,367.8817312698287,95.70414595627521,89.92851905750587
328.5863812699907,367.99441567640935,95.70368211013411,89.76583921342028
328.456593508405,368.7579016979262,96.04662050322386,89.5272356339028
329.0774599786673,367.7488263910234,95.65425303549267,89.64191906936371
329.4387355500212,368.6580867853398,95.68914061205754,89.19453280030787
328.83824531803714,368.7823073918257,95.68337115994905,89.22583874562497
328.24356184274,368.8932809370505,95.78860305500135,89.2315695517942
328.8706093195574,367.7178406206656,95.63642477216575,89.38643530343009
328.6882769118577,369.28767068620067,95.6854615358073,89.05932428658723
328.23870276317484,368.1141710409025,95.37386521380353,89.48894467474831
328.75711401444846,367.30308964095764,95.4233887414916,89.6478645861873
328.9272221953598,368.29258011182975,95.45657619708425,89.40635474811133
328.44833871391575,368.2557948196911,95.45487008648983,89.60558217557401
328.8071465303001,366.8779188865948,95.25272168022641,89.80293174188566
329.65546156213185,368.72879276006887,95.82225901883037,89.39811931483806
329.7552220020514,366.7543316886529,95.48767912502844,90.54677113868505
330.1934389956128,366.152244892956,95.39795092985591,91.05248027685842
333.9412581319292,364.9531440510874,94.89030828176534,91.90673187972398
332.8969269486573,364.4309732806691,94.80983531620157,92.50506098321705
333.2543841776689,356.8463780331454,93.80843792799499,94.78370181853536
334.04258562833553,354.7697584646209,92.76670835982978,97.16071562713896
340.9764999935084,348.0473011621223,88.7162643493326,98.94876701955067
341.65779467090755,345.87171246569574,86.35299037558447,100.21750951974943
347.86459927413415,337.4179478342048,83.47049288635542,100.77012316383484
347.8893632377292,334.5439051629549,82.23037982275179,101.76233959459151
357.37793677837584,331.66750304852013,85.85533692847011,98.27906556113196
356.69607269149896,330.3638265238941,88.43866089213327,95.99479463653762
363.6914037860611,313.99212036010715,89.65994232941279,94.95212374267595
364.42400217553165,312.31646267349697,91.68042756112234,93.5090832466031
370.83287324368126,300.5869635568305,93.28278086854864,92.92848301497025
372.62048897502734,298.59719104581393,94.4215162523226,92.96964922612068
381.2490827805063,303.07683997304673,96.66717822022216,92.3996631621215
382.9719249580289,302.7534926490932,97.97949137799424,92.57731011463021
407.74313097862176,304.2151752671799,95.17027941005075,94.11954107749236
420.0337679951635,303.6706650533599,92.0220021268452,95.23020166991006
420.72388118474066,315.66918892710356,91.16965838328424,93.70314560638272
420.4328865698679,316.06447303653505,90.6165776467136,92.54857143444623
442.0687375487596,315.9160151846658,86.3408588127095,91.78753032341874
444.2206166785214,315.54206145947273,84.1679880615782,91.05199499044917
450.955552365662,307.4144746235646,83.45209446287066,91.17797058792465
449.5333462872408,306.263892335927,81.41747067000607,91.27820647515054
454.9579299695889,307.8366503480547,78.93184776942121,90.11148419116762
454.55576207461644,308.88554574597487,76.4779669398746,88.7706457406986
459.3008069866596,325.8612272340291,75.15444396454316,85.92515587250024
457.6046401098381,329.0036573859519,72.82413243544076,83.72680002803571
456.73037470390864,333.06262845898596,70.94779938430833,82.15466572040759
457.72395015575273,333.8271457084893,68.96085718801561,81.22003961430713
454.18814948273257,325.92072560677883,66.69463657360672,80.51766680503275
454.9904280440951,325.9959685370593,64.67557301548737,80.12739639082469
457.50169452668933,324.5838835320657,63.63659560564244,80.39700883893747
458.28656965875405,324.68866878156985,63.87586872179259,80.34982052538834
459.165242210354,334.3260198888155,62.43608259262027,80.02477575108264
459.39952923379684,335.90788922711806,62.10622303805561,79.4383149732659
456.2611745752141,339.27138634256886,61.028238465603195,78.84383664965199
456.57728044050424,339.60188320458906,60.14127839060157,79.00031895977602
453.6633001542949,335.63053983425283,58.960405554664476,79.06885494742717
453.83841301008914,334.9208284093754,58.38957706249554,78.7409207863407
453.3480705646732,331.49104670349163,57.51464693352904,79.14707595683625
453.8909619346588,329.97136457043877,57.019524765609944,79.88808059044996
461.57638522794474,331.8626297265374,55.979295130026756,81.99491356713203
462.6524921830044,331.78785008368493,55.366536037679346,82.72315062631269
475.14135106280617,335.3979663425977,55.566539301635416,82.11824117519849
476.8596799203435,338.2391113662359,55.73185225916818,81.61644877425395
495.1766059438947,346.19466289455687,58.20733706509315,79.87327536696505
494.3510932062164,347.05374938712635,60.35624097272362,78.78467900526582
505.23530771974396,347.53080383686904,63.302308558217334,77.77648929538259
504.70539039634735,347.548320880387,65.31802128394806,78.0185783317541
501.40201543701494,345.99288039978035,68.66791523795217,78.28660383947619
501.64232862734775,350.4965619888724,71.32911071855374,77.46659379544732
488.5221252700467,342.4051718517854,74.17945319365393,77.2114143986008
489.57261707800205,343.15338086586974,76.47361880870017,77.8993642655584
473.0869824804125,337.3768423722317,77.04576385837149,78.27117351449222
514.4473821076655,347.58109564595134,75.8978634686115,77.76915538563206
550.5711899132955,359.3945371318655,74.87779454924612,76.6397547136084
558.1137648217159,361.2911535361783,75.72050785343788,74.93782549194269
558.6293111441303,366.198470131145,76.45473467520003,74.11566781165291
559.4195136254732,364.0563623185956,78.26680746329237,73.32914178330932
560.5339016241136,363.0888975359106,80.3055290055319,73.01633251048345
559.02434004792,362.19549998554413,82.04795952905866,73.06427141481284
560.5551860801829,363.5081393992657,82.6163267067813,73.14049800996189
561.4310227448719,363.46525100161574,82.88241007791916,73.16085449059219
566.1090605516192,364.50183636627554,81.399521529549,74.05665739789977
566.3033027830378,365.8647382299991,81.1505832673449,74.22465297541486
570.8283071155565,364.1493681210541,79.39602958125032,74.77556307131081
573.7588488902022,364.0523440078608,77.2807107643199,74.79930641815126
575.0101521219439,363.7321693534743,76.11209213290594,74.69099736787344
576.0777940378359,363.28649682842325,75.03297506919588,74.33382180525898
574.2205865046983,363.74973980854617,75.25508867139021,73.30126742013262
573.6502302447122,362.76304870134805,75.0399557400074,72.92576576726503
563.1944287089863,364.9476975934557,77.64122937420343,72.594181033892
561.8550566590521,364.4244773056894,79.69729990296199,72.33520621750273
560.5214647131413,364.6750798614337,80.61607666931067,72.88373104928952
560.0640060642355,364.31322068072546,81.12040290123846,73.05087774827997
559.9685486294022,363.7035950946897,81.92865750116779,72.75769682196284
559.0100201956781,363.43662688914725,83.03749124029744,72.56036595962169
558.2275256083615,364.2120689920639,83.58677685600887,72.43296274133724
559.1795178244954,364.67381512625036,83.72124767161989,72.517151961955
561.7372522933558,364.44272344969016,83.498022119214,72.63499388798766
563.4396913240422,363.4627273703052,83.6834646449995,72.49229463478562
560.3303837851483,363.4556412201311,82.75287689914823,72.26977456614948
562.668836738587,363.5050202946253,82.13623128813903,72.54314335407364
562.7028555327126,365.233045803578,82.02284589382144,72.84793489789001
561.458641540952,365.536827222714,82.15366341324653,73.3994090535985
563.5349414996247,365.11590867692627,82.22746625545335,73.85360966245828
562.2635905052863,365.69566326609925,82.10822457004241,74.8087099640166
559.9256440415593,365.0647771251194,82.19970158486842,74.42261051326443
560.1395675078052,363.8366038334639,83.11188591858894,74.48541981363167
558.515331101226,362.4476724911466,84.97591938257268,75.21627064600192
557.8512459830276,366.5421626182611,86.21384101187058,74.86785702690473
558.8094192071991,364.707937126963,86.9523915380912,75.07818647133878
558.6636530878943,363.6050527516944,86.79636492665065,76.356388276323
559.6743927011092,362.3532681909011,86.23618368911242,76.98661309573225
559.7937436153653,362.44640464940164,86.03446324580169,77.1732885272533
562.0263836485572,362.124993205957,85.36021883157863,77.32327762097928
562.3907375358745,362.48047201789205,84.79415571145634,78.01464932278523
564.4486922492989,362.33525118914434,83.90272953617908,77.9915137157333
565.5372640864045,362.13135663678236,83.67150501804238,77.82627002407432
565.876071814755,360.2775530355837,83.71636848752318,76.9203694788215
565.9448607750469,359.9326993939644,83.72728565992747,76.23139963231458
561.2020811204616,361.19951143712433,83.80362045890521,75.79120034305282
562.9593655534956,360.69298054081895,83.75733214665507,75.27096006695332
