207.5,175.5,66,71
207.97041651210617,176.8499010751044,65.1419267137561,69.6639120679308
208.15552798857507,180.20939402432725,65.97636048097972,67.76629057225614
209.76838252372167,185.8684854684045,66.53678326951224,66.49637123390634
211.0356503328961,187.8030308221435,65.56231566244726,66.58386712577827
214.35938496981902,191.33836788798192,64.4788603465787,67.87948308656973
216.25505384142474,201.49530284922798,63.87184257635919,68.42745245851123
215.45613258549102,206.19279008498157,63.99882448775513,68.47557033319544
216.7793336491091,213.4862044406197,64.14759195242266,67.12625039572286
219.81309336611815,219.19847634566617,63.859527703341115,68.00290649865482
219.71159028404583,223.05067226952679,63.456700933106184,68.42059259282816
222.53831105297013,225.53320897905144,62.55150034298093,68.28922602955276
221.55786929975193,226.4324435925738,62.086745888983366,68.06101112837473
221.89307761158696,230.80783559092447,64.01164615221516,65.43188307268292
222.99445363622056,234.90285054678796,65.25935143746639,63.49442617426162
223.08992956522042,240.03957183664693,66.53466275447737,62.82857713092065
221.68936399188965,242.96172680584783,68.62143288915696,61.58412404600389
215.0731870065287,247.91869809585313,70.85373822248866,62.86953373039759
205.39129747938603,247.72421274296423,70.06886043168129,64.95849184767447
201.51679930990068,239.65680436151828,65.6758613406593,70.09998051608392
208.21240802584018,224.7775580959252,66.17715336922953,69.63490126992635
206.95085429914673,222.799712959653,65.27153987153613,70.35296427463321
206.0661090639781,218.9858585666285,66.20877473999039,68.38087104347026
203.96241589357663,214.49308464727594,66.48750950951958,65.78284172610851
203.22124544296793,214.52545431202822,65.58427964619537,64.23129242765559
202.54610229714785,207.51388387134628,64.03380886347938,66.20460191863862
200.68321717431274,201.37862450503172,64.21806352038922,68.04043303682684
200.02639082547967,198.8001024576158,64.89157741314283,68.19429233627905
199.17905956463,197.92534640326988,64.83245349017821,68.09257286995863
197.20020547961454,198.16731987758916,64.51807027150669,68.63482538134969
196.88149295941682,197.75631495411739,64.27559867112454,69.48178073139402
195.5829169602967,197.56309746232807,64.35477319324477,69.89215058406828
193.69154580155308,195.52371924316006,64.73933097284447,69.31560831253493
192.66774923001955,194.962980350862,65.20236396004297,69.05439244879271
190.3956456572938,195.86840725222766,64.57956652022838,69.83120062764405
190.78488707378654,197.18129952440012,63.970957014259724,70.59027516838218
190.0209868031252,197.0689407342985,63.79423852215039,71.30658122190538
189.09783161829841,197.01982126706093,63.82492453553414,71.83595652608577
188.0734014732503,199.13843987880102,64.30537299854296,71.32419485230346
187.27323692427453,200.89818413556947,64.16208634999641,71.1336512602601
187.3565355421728,204.2580392766017,63.725169831191295,72.69800622477766
185.58449858281898,208.21033232658647,63.336959156316794,73.45773630217624
185.60579100136297,214.93863106600583,62.58287599912609,73.05562319070813
186.10128124023345,216.7331652258094,62.236005724174476,72.14601444293939
185.4688650867699,221.31504218255938,61.78854023389845,71.30387193385837
186.42661407422906,223.48268096457616,61.38966039157137,70.22046094888063
185.927538330973,228.1986188167546,63.25743327414831,68.30344253669905
183.7565030687976,234.5769662416605,66.02777509213921,66.83611727001711
181.00232771963948,236.59950373764485,69.58299530682811,66.24845547461211
177.46472666039213,238.8010980235022,72.247309230285,67.03736122891672
175.83006390264077,239.21485184340577,72.44674472350988,68.93180888848698
174.90419206602832,232.45142065646436,71.96339442166769,69.79724281083172
175.06749319230676,229.40032436799822,70.69893656780002,71.5425141917801
176.13928829616955,224.5026440153831,69.17207114921705,72.84662581253767
175.33734360166983,222.12346647011765,69.12591311676115,71.48237033406839
175.8400266867216,225.65894837308582,69.32450462354514,70.5614709965158
172.53185743156413,220.05018883005042,69.73083641999284,69.60577803119503
174.09011629312872,223.8788432796987,69.01269540012599,69.39095970959617
173.12776834190123,223.66367436327306,67.27293803452983,71.73462702452608
171.38070576091982,224.16494015085527,67.15462332565829,72.55529448309882
169.94465291210273,227.03511518402894,68.34987941963952,72.63478818582496
168.4546217743371,229.55240464296506,69.84146506114521,73.90348103843003
169.0873999093704,232.2856037478576,69.32759965564159,77.07849842465323
169.7466835743469,234.7208890004246,68.41538478607302,79.92654774297505
168.93725512074474,236.3164345583817,67.9796385934543,80.38365332429595
168.83491310782227,241.3560186339452,67.50458010421207,79.1553715180786
167.8512526293123,246.554294054588,67.54547012060397,79.16115107535256
169.72041689537087,250.23316073474558,69.31788091496387,80.55667546650226
170.6253696574491,251.98163949977857,70.22585587824945,80.92263941280046
168.71947588611758,257.44114569338285,69.63332461140322,80.83259030531596
169.14747025212625,259.7030976531179,69.55771016794483,79.86157406399232
170.55587073835585,264.6925303351643,69.72521147781904,79.73487582941603
170.41156955504164,266.0397011476949,70.32368724656612,80.82445330034781
173.36004112428515,268.119085825128,71.58460438716236,82.81630297548038
172.80701540709276,268.7570670215265,72.47056547699887,83.71530763323591
173.28237808868954,270.3627867736327,74.99700247495039,83.15287354207891
173.60702751666605,273.3906430220842,77.5403629970491,82.86123775492317
173.0653691640429,273.9197548414241,78.95527950407423,82.86746902938272
173.89681758880684,273.81424815624405,79.32539814412458,82.37674439982679
174.77765574187862,275.592336362698,79.53390974043154,82.51890506501334
173.94659557231435,277.53361411789524,79.79121833963855,81.9260402875748
171.75600044836696,282.8363496897914,80.62835360248692,79.98398123789866
170.15569050566242,285.6820076340319,80.11277599720388,78.57058321135615
171.16665625427336,286.2878698284721,80.64552103272734,76.91512110699308
174.2324861007379,286.255665407029,82.9956242258456,75.07991275474981
175.82390548001828,274.6627724971368,82.50053032316562,76.99811663483692
186.90397135664182,268.81435159110714,83.64523865780919,76.89493346062918
184.99550026626028,255.858304978105,84.41413997172043,77.86003190513935
181.67675389813104,228.84310553015237,82.85846120681927,80.12777363551726
186.79212543163692,211.13477690298242,81.34845559708289,79.27888981319701
190.07263734827092,205.269931175124,80.67044405858415,77.58094512236849
192.98246139390147,199.33415060654468,79.31176779959843,76.1303770099543
197.23958106070688,193.57417139165102,78.5098764503016,75.03641618162393
201.66065995226217,185.4331189935602,77.1333921138463,75.88859792024942
205.0113843353703,174.99623231973476,76.19840042847109,77.62971135579099
209.11401215794677,169.13699029012372,75.77618864470728,77.51331553982996
211.7343908757757,168.2872739308379,74.86114150568034,77.83132752685705
216.14971064036277,163.25692680905382,73.90347065021223,78.95360719675583
218.97096237093373,161.0248284365092,72.33330529331833,80.24799030887993
221.98215701181275,162.42247768520704,71.3503657033328,79.67444230930226
224.63990554337647,155.480592557316,70.55577032019804,80.43022947182266
226.38585027080376,153.59973124246437,70.06153840280376,80.63812982254943
228.37660820844084,156.86319571559812,70.04121155913056,79.92883831982445
230.2183893096119,158.1985446893932,69.29982450670606,79.83981017966836
230.71553319491474,159.98363381232775,69.01824967965426,80.0602362867503
231.915654672872,161.3975901963893,68.70812894664014,81.51530396067432
231.90336021804356,162.42924890012733,68.86686834646179,83.85605311585086
230.36838581570527,163.43259677559308,69.17381737811287,85.3100047095086
230.39355447449375,173.55386636886644,68.85830701275489,86.88633606739546
228.60786749889942,183.75772719056243,67.70239176411445,86.26640090776809
228.009600823528,188.18148590336583,66.7798927318922,84.75295797938423
227.7007338115273,195.34032758311906,65.64744949168004,82.54869892102525
225.66504807566236,198.9473093442495,64.96737519314624,80.61266184377163
224.26585854790252,205.949659821928,64.94735911087906,78.93132419255285
222.73811219918218,208.46413776663104,65.15130504394597,77.43292712768597
221.96321382111304,208.4590407279339,65.23614587414278,76.82603801320857
221.09169196327616,209.3734883170352,65.10239990075253,75.84355775867394
218.797676889527,212.23873519719027,66.6085284979579,74.53226203455763
217.98509288509067,210.85614294766646,67.79109512409815,73.07954578058398
215.22578835097818,211.7030863355909,68.24704397503797,71.64881571679031
213.9287413235674,213.99439752599173,69.77283861713218,71.3936445650841
209.50605644298724,214.2541846054918,72.0826868710293,71.13495552552219
208.20306911336417,204.58701819423348,72.76713497902881,71.33960008509933
202.49339198949167,197.0006446793226,71.55346405740127,71.84560860478929
203.9107037156761,186.97253692980752,71.33236384989013,72.04514037274035
198.72458091035267,180.7496213034296,71.16709954232415,71.82733064954402
196.64630173640242,140.30032212944914,66.90390386190434,73.74146244477053
192.86325271445895,124.7923514371236,66.52179548107813,72.25512264045679
185.70599547357287,117.74690716528556,66.68774943886348,71.02316667882279
187.37836810968366,105.33307947461434,66.21578711227485,70.93295630699143
233.36734004535506,69.91817906726772,61.28432914181093,76.28682786143075
230.19259572400387,24.727313987431494,57.904944531644645,81.17551602891571
232.65139760329058,21.95684934321563,54.894929374183604,84.89302801140109
233.7712265637794,17.693096143385915,53.66637842113196,86.57922867833346
234.6032326324616,15.10840037083966,52.99595890366352,86.18550796451484
236.54196482770152,19.867762156052834,51.613461973816015,88.99037753373693
236.4990661937897,19.18190218401994,50.91801335436013,90.443821890542
237.75095449125502,19.05622177186845,50.29202732968863,91.32182512083176
240.1991907770895,22.568253805379257,49.06568691820638,93.50282296634677
240.08237621167095,21.857851090332083,48.97081887764153,94.01563037102379
241.2677364908848,22.445282979550868,48.74609560505673,94.31807641562241
242.10346810209975,22.517122625057645,48.66573760532885,94.19855525594006
243.27542540808966,26.683044526370317,48.20613335807225,95.30178435217947
243.64063520008366,26.62064907498131,47.552532597898626,96.85461564020376
242.70323661297533,26.624332876470746,47.6041635209327,97.65287192619431
243.09599026820322,30.6574400343994,47.31282210784634,97.88665303270028
243.55305915127417,28.6194730891943,47.423612434660996,98.62014727162122
243.37937640725622,29.102838950519498,47.72543757500152,99.08374499099506
242.44995017874672,30.02227829778017,47.885951523414555,99.53173010033724
243.94356931867725,33.92466019633309,47.67117608840216,99.67121641004292
242.70740929664137,35.26193811758315,48.070290184597916,100.30866465689827
242.66945762772554,39.154377464916,48.14262433087504,99.8488177195873
241.30548995663446,39.811234468849996,48.667809943900714,99.94749096357326
240.6604595940819,41.65472613472803,49.235078699229625,99.89894013456377
240.62784727882928,41.46994901334244,49.567636330633235,99.75844771643483
240.53636439038524,42.46588314710769,49.61255690085536,99.59079569550926
240.78453122034654,43.311829936212064,49.57471030457908,99.64519935755777
240.09529863482368,43.076624865958976,49.55533032658459,99.37833997730436
240.13410099444326,42.909236577748686,49.6810085149506,98.92763164371365
240.63292939737855,42.647063114078826,49.78548569841409,98.72432208740317
240.67305628329132,42.25095493078899,49.56058544590905,98.6476377972827
240.78128582728846,42.17075848806305,49.708237542988655,98.59076538973245
240.79815654056065,42.31160000201219,49.73659384469663,98.49235454477561
240.93327061962518,42.38024343883234,49.591712481292085,98.58270399351443
240.82626670187452,42.26765428639969,49.47036753835861,98.63020076289732
240.78478998974947,42.076903753617785,49.42511481386508,98.55809468648954
242.57197388439957,44.72007868233614,49.05801907732978,98.34076986872569
241.34230141014388,43.26275531026092,49.33841872287795,98.40286777521438
241.81640516802597,42.776668860429,48.95485500737238,98.46183999843703
242.80653093307032,41.28717525689244,48.53815096931097,99.1593130377245
242.55975771780936,41.73934206988195,48.55718395850862,99.01757208504718
243.04975852126154,41.152171114779335,48.59066933299616,99.1156417460306
243.02226979387638,41.36159208979189,48.59614545065552,98.83957236625791
243.01134681890258,42.1777318728409,48.63552504004899,98.76207578680082
243.19403552223523,42.77030879259462,48.61822057945534,98.54937434940825
243.31661289950142,45.4669033846193,47.946114327129735,98.14586593241822
243.80586723839434,44.76059254505205,48.02164596211095,98.24256392075682
244.48586297758277,47.283361001679296,47.44421065991968,98.04079751150013
243.99804001255842,46.89429026319909,47.59674934738419,97.89091159702683
244.45639311027534,51.58359150772778,47.29482131299919,98.27266696471993
243.08852911936123,51.39945148095541,47.40813208329482,98.03934207975759
243.99389138538714,55.965045896396305,47.18086657090399,98.1854207049305
243.37440209261382,58.766809479136654,47.19993834950483,97.54889974596225
244.05282325371846,63.04472998151772,47.118961224477225,97.80112987767473
243.94745969218326,65.67801129125296,47.27562302318155,97.33127870305898
244.98687362175508,68.67041258506323,47.09232121555922,97.53229478761861
246.03171147956903,72.15391921547258,46.92152858518216,97.72269787048887
246.4886654490207,72.47423236704164,47.66996224097486,97.75647732096328
247.81598641286007,76.17796565686972,47.62070394786339,97.40242127139746
248.32382846591713,78.04201617378317,47.441863391954485,97.20639230483131
249.9095318709767,79.60537542238005,47.08544734073121,97.1051595616506
251.38425059917145,79.09920050411638,47.68041009949063,97.11904439659483
252.09756530573446,82.2948180278037,47.60597463797136,96.87740556351464
254.04796858589063,81.23780682198526,47.900375196647055,96.92793472335097
254.05336738103466,81.4154876942309,48.15926281515645,96.63414272916869
255.03493298418593,81.66146588620654,48.58624686993182,96.47524699723498
255.86507437631275,82.3556459094718,48.86544367514043,96.31749148008527
255.84211862480288,82.07152337305405,48.752985234660656,96.34387585326714
256.77121159261634,82.28092414940316,49.012502021583096,96.46515443066917
257.0579847895376,81.79839516205422,48.927176498235426,96.77494182889002
257.30430368519694,81.01878059061076,48.85687158979796,96.97065023031423
258.89742007758133,79.3742766373145,48.78620887338851,97.10345844322694
260.720000686566,78.65151233629675,48.72844308503048,97.18128289220154
261.9522743375059,78.03594063696568,48.728802475655506,97.31671720539919
263.40710611046006,76.58767812561364,48.68591205825667,97.42728417642175
263.7774366532247,76.19393376167783,48.69542060754641,97.55885269679291
264.8178386734653,74.91865140399977,48.698036843707115,97.51581785427244
266.6048622353566,73.417563967294,48.624891180572014,97.71490144007107
267.52818161920914,73.10527102090961,48.61371450622028,97.64572449399934
267.0008191380191,73.75544644638364,48.91887970850664,97.52157486737836
267.72119396877656,72.64697020117428,48.68489426818309,97.6817966105742
268.27561211923626,71.75075487051616,48.29694986017374,97.72778292736987
268.7021688580183,72.03552467268118,48.37702255604868,98.02331694431288
268.9566678837205,71.86063842629352,48.41667250440776,98.66881385882779
269.06961003849284,71.56313143565936,48.33077393504786,99.23024176642929
268.10621391717444,71.24468350005421,48.50090357049164,99.3741261332279
267.3291465460069,71.06131066200453,48.934043148909275,99.225569687688
266.11345546060477,72.59414141790344,48.959667892497876,99.38662517112941
266.1896406774801,73.5150226137239,48.7042748610171,99.32100716482634
264.9048200451192,75.09178325682649,48.51312148615142,99.49516193643672
263.88502053723374,72.64587272568792,48.80655057718636,100.03148182378709
262.42418574578744,75.91296805038675,49.187864239287386,101.10233792350442
261.6230248339755,77.3066936987278,48.70376957998582,101.76809674225507
259.712923687366,78.30415379449539,48.287005263249995,102.87921273693816
257.6665331943868,78.84505298914911,48.12400745968824,103.50046269605754
255.42300835459304,81.03021771266333,47.949270106194625,104.41995201276198
253.91287052965612,81.4094080660217,47.718153153147895,105.44144682293674
252.01600180059955,82.89541039451986,47.94159003218998,106.20165804728808
250.592641322531,87.10536048000327,47.666664822479355,106.2296777219023
247.79184343263995,87.22714825607676,47.84510434081735,106.23196942210517
244.50666573293591,86.77831284174295,48.22123681313191,106.15468546685634
242.73358850139087,90.32640898491789,47.903698754173035,106.44104866527816
239.16271974207055,91.31866250224081,49.110700497819764,105.56903812587922
235.66188929535986,91.83598458277802,49.830670793706965,103.95259123901288
235.28122201726939,93.24515316575402,49.860047854675365,102.46604726210964
233.24021097286246,96.29903562456379,50.336926158012524,101.08909489408117
230.3061114923931,98.45080793583509,50.65964868233627,100.28668180611498
228.86090000371004,99.51477623916891,50.36109799446498,99.42214336991853
228.45002145597826,101.8522085406297,49.92860194089592,98.44482334173448
226.54749208834525,101.34217911157474,49.8123030444786,97.74374419935614
224.6568782665169,101.2892686368208,49.952256474344374,96.79513657144093
222.89802601012408,100.68390279393526,50.05111104206166,95.25415879599984
221.77988063200982,100.35594088047138,50.05003059200663,94.05713526861089
219.69416878036532,100.74567660418799,50.0456134406509,92.95790331979295
218.73696056731535,100.95247815803938,49.23376109844024,93.40774942797913
216.92562285289424,102.08241247313025,49.08973149111913,94.36405659239884
215.65137273965922,101.9498603145932,49.174779378416844,95.20456185799743
214.21613441750262,100.36816997948006,49.2644921582128,94.56584759185283
212.29476522851516,100.77725495591812,49.0501774470459,94.6324359326054
210.1692744383078,101.54363426201121,48.99390089834071,94.34490108102409
209.09254410466323,103.72758286688128,48.511543561021696,94.18230610974832
207.46752892459187,104.41580572786812,48.638172756155875,94.65010451027982
205.84383525748962,106.21748999134961,48.42793064814545,95.8844444565224
204.0753766956954,105.88535695573876,48.880976883977524,96.23757115277272
202.0387637974135,105.60520860122226,48.932743577910706,96.06748017412261
199.7972170180864,105.79442624871436,49.08322605258055,95.69460578807063
197.9932303872656,106.64847874919505,48.962887537107264,95.96197276052845
195.41516449562414,106.52714363394428,49.64312629976027,95.55023250957706
193.02356651258762,106.36933087309006,49.72089128133626,94.46988422967264
191.02292508595522,107.28237072238231,49.75716349159569,93.54884092091586
189.3929682447275,108.22235810756328,49.785009350641054,93.59728979366609
186.4954168547075,108.68615090393764,49.893946797886855,92.70220249726762
184.32815925947685,108.9456783825249,49.630682714361406,93.38891874790254
182.4095230127965,108.36754382646498,49.34892997731434,94.00544199277005
179.84815198710115,107.83557549743486,49.48647543828148,94.46753571097662
178.64953719197172,106.7216567595801,49.562850364691464,95.08834744415533
179.1098353993646,107.94575578705641,49.65529032018309,95.60311368554363
178.35376620622782,104.37331172957948,49.72367677526621,97.14082454295963
177.56990456185298,104.20219119331384,50.9482875058894,97.35066240568545
179.7022133869997,106.32665338541277,50.938674738408494,96.964015290851
179.15491911523156,102.76475315146199,51.00030608570909,98.00824260430309
178.8968662544338,103.97216632259588,50.846859659916156,98.44003109968179
179.6831373091327,104.15214327819345,51.368513870098454,99.00514443444689
180.31886905418742,105.32319569411659,51.88863129544009,99.28363958772329
179.7318828360186,106.55464053418302,52.671532740023146,99.17996159086375
179.19627637798507,106.75484661778245,53.42826937468574,99.70873433730016
178.14351194084549,102.87393284029783,54.47628179331456,101.74083891558482
177.11525372866407,106.06547083515741,55.30301515951092,102.81167804503679
177.1414435033038,105.73446536994837,55.818556771883024,102.86290653097781
176.07770874569968,107.09020035886198,56.885477027905516,102.11676095500604
176.51734600371654,106.7968135643748,57.66374223717544,100.98517745779876
176.66126951851533,107.28214481843375,57.465714385563075,100.58962854421286
176.68406564611212,106.85736452989714,57.63162869081432,99.97567336277169
176.35650907968258,107.064852612718,58.23307647255076,99.59877752061747
176.6168307253379,106.46678620335555,59.41019424004746,98.57978096388462
178.1325335131341,106.62963291005558,59.60202522527661,97.76856125696841
179.8794869618551,105.12235168569876,60.111477168776986,97.08715650826383
