337.5,254.5,84,79
336.5583681751607,256.3151679233831,82.87698585007223,79.27362152017712
341.50200546253666,255.06410961115887,80.52590846083673,80.01072266172311
343.55362400718843,257.5460801115743,79.44930081947012,77.72775852856797
345.5659677197918,256.0064610115647,78.66897145700757,77.14490356605063
345.0781782503385,251.7681059553276,77.05564458460441,77.43388861138612
344.0941011271722,249.5650220077421,75.06801045698982,77.67792376653637
344.6232372920084,248.7106851167417,72.73484877737994,78.920402829461
344.29364444423527,246.42152663322094,70.24220189235986,80.16174875196215
345.07407253544994,242.53229194348182,68.7420472589837,82.25866095294307
348.40935584656194,237.64329634362008,64.24861014382448,86.02739722026294
350.2655596345347,233.17162004268076,60.781312170687904,88.90654846716116
351.82983316725614,230.4235739021711,58.6249203186011,90.35456984058766
353.3607491914619,222.92806718904222,56.03913471317517,92.56583816491676
354.76987843817795,216.85259888560125,53.98239791678739,94.80832750617368
357.4340124002981,216.2060465392133,50.86544681650641,98.49438845581604
358.15356891509185,216.34076049747313,50.66754973120913,98.32853287811591
358.27377506722837,216.51464796141556,50.48132495199975,97.96583111713039
358.0377944866953,215.72638385674443,50.617386342806086,98.40653583823716
357.61415434330416,215.50840882100704,50.90055760220269,98.44234654809203
357.2254491786351,218.0669066471687,51.12078323534329,99.08593668068076
356.4048309669653,218.86304699925626,51.569480682013555,98.54228645250359
355.99184474344725,219.612004580119,51.587351713415444,98.84297947463894
356.08729299721716,221.50749998645807,51.20048034926063,98.52874499626554
354.8241344553252,221.13204331062252,50.97583565249644,97.2834027117215
355.1729414563357,222.3241499790845,50.242729088717894,96.70207693373462
355.16786333210604,222.39463471390263,49.545558984580936,95.81028235700072
355.44468140480296,222.81791403087965,48.66951973607385,94.97525650655497
355.464374273644,224.5224435570952,47.8713140010811,94.6404183498911
354.83317389325725,226.04205699223303,46.92759355557106,93.95150967305108
353.93542096127516,228.07061536953904,46.02664537137859,92.67351407894625
352.8796028538886,238.84636383943257,44.623529674988255,91.0209066807852
353.1515276632722,241.3450943730796,42.814700812942604,90.30232430230338
353.5640735817791,243.5497586209567,41.021965595763675,90.43373534283457
354.08179026522635,246.3516790308596,39.10846288768654,91.68227479875507
354.4503997557829,248.2720538382323,37.57360787446891,93.47680483946623
355.0022701205274,249.4027804387739,36.47136084017195,95.41746049839892
355.43138857490493,245.24042131840787,36.03370124889315,95.85988789898207
361.33773672918863,243.73032213896025,34.655699230486896,97.33185727876658
361.58094748839574,244.0501378684313,32.758477135862705,99.74429333805868
362.5964488673099,243.55799327280886,31.198178516313327,102.4138974230261
368.5266996316095,242.50412036655996,31.34885118967935,102.15306170209195
368.3385485386698,245.11308109664432,31.11452214806556,102.4434033530377
369.120089361607,246.09049905162283,30.667573715234422,103.2722652866323
375.7398404715049,244.67240393854735,31.010498520279874,102.96915087487433
375.7966921657464,244.27516041745264,30.96592146956354,103.1724038291197
376.22880607664626,244.58868404381923,30.71212370958096,103.59295100444902
377.28039555935874,249.24048895602854,30.520933360145676,103.87621423453476
378.3654547981791,248.25325714706804,30.375973526227575,104.23936343652407
384.54751607857844,248.58011535301043,31.28901923935461,103.22488448811355
383.71587845892003,249.15459721660395,31.65687049414384,102.52128613024644
384.0338231907606,249.759346909721,31.541125850676075,102.60544023217155
384.54171898234637,250.05479599669928,31.43541452158236,102.82582195113636
384.89429442777714,249.96207800632342,31.507698873850572,102.70434404939414
385.5165536485458,250.80450004248016,31.637242612832377,102.75595982834561
386.18923805979904,249.95981456920907,31.67334089428401,102.81811670075295
386.943365196559,250.83583576257686,32.01733564706264,102.93120044698247
387.8800778165731,251.04213601777647,32.46020054718648,102.942949691632
388.8394848151947,250.86691762157608,32.903888648026694,102.94705044711228
389.56081250372915,250.51283757875078,33.341866744354036,102.7575824638389
389.0121909139443,267.0719184657125,33.531362297619076,102.73102301535489
388.0218505369411,274.5056652887636,33.53465550413267,103.58845345677706
387.17189985605233,280.4410366318092,33.6584097864424,104.00566700847884
387.0870275567589,277.21644848112066,33.69503010803349,104.63347747657346
386.9322574443966,281.96259355708247,33.74132826685162,105.21525062573629
386.6425231677812,288.65935523589866,33.86670890704609,105.79480504215181
385.8352396198934,286.8297460500036,34.033359614310086,105.98673754243615
385.36674287364633,283.40683286964565,34.22990433389688,106.631970431625
385.42093825881983,291.06299126428246,34.36980934754651,107.31126226204134
384.74782626047244,290.87468439675024,34.76214784857862,107.4486599823629
384.47387534731286,279.4995320896653,34.96511175432742,107.44975233151806
384.4567098770291,287.15339856698296,35.10665825586766,108.08963690770557
384.25920670523317,285.9158255480689,35.38425204722191,108.31004580678552
384.13335103647415,283.2655235795917,35.68378631465869,108.59942356652442
383.98571067347115,290.78180652697796,36.14805592416009,108.57410273553354
383.8768989289639,289.8087633206237,36.49259500214947,108.53308866625508
383.465423659633,288.9826937663222,36.80816863155535,108.50157120156246
383.21314864589374,288.2345910093988,37.104812129726554,108.37815365041445
382.9248009369004,287.87817673795166,37.38931756219953,108.53808700497709
382.9452263841717,287.33303025148916,37.58254431498524,108.62027994509567
382.9449067661907,287.00771848941736,37.669164942317586,108.95611435285676
383.42418226140455,295.4306850267785,37.69687031289754,109.20340294256306
383.94679968182174,294.0402246344091,37.743674341921,109.44679759662561
391.6811576422838,283.13868387728814,38.09304409146803,109.45860790115078
390.7918014357651,280.16923002067125,38.37407548281509,109.36850913321392
390.56278974549565,287.66256878206576,38.426343879928844,109.46584459565437
390.541579018712,286.5609000288078,38.47002355599875,109.80413166710413
389.08919091160163,294.94338334074496,39.576904338701,108.5521531337449
389.60865578239907,293.2809810355608,39.438786448130756,108.88347277020584
389.19849568786424,282.29112377732747,40.34808579202554,107.87268588286388
395.61282737637447,280.9334071309666,41.70111358474386,106.42095866456874
322.2274156497542,250.38956820805274,44.569410182515696,106.3897590995078
320.80257532490003,247.1739031451565,47.00828051065452,106.08555551100588
321.41797779518106,243.72040821092014,48.21774504030734,105.57046152480322
321.8505802512946,241.60614136519501,49.10643123850051,105.20276184833361
319.5583406618919,243.45304705176312,52.8257021491403,102.84081197116903
319.4864093260555,243.90065761044093,53.239289011048285,103.6584374905856
318.66162954766827,244.82217992444504,53.78899684033711,104.6666082251262
317.31422397261144,246.5911835757701,54.70033616771212,106.2955759438384
316.3165551332719,247.85314384387254,55.488619350579754,108.52769645759074
314.0699565631452,248.74386863375122,58.2246131503027,108.31051499001606
313.4797350144079,249.24174315278728,60.12812943226754,108.17099317104868
312.7990929956728,247.6468799716261,61.40969374746663,108.0272644476166
312.97395323317687,244.4736924279644,62.88139274992133,107.18267531298567
312.8111245126824,244.37150106945364,63.78680180166626,106.54161019170078
312.09846176492726,244.70351881827912,64.585515885605,106.44521774042889
312.6565763424156,243.92393367939,65.14336996350804,105.42068450029336
312.35106521555565,244.5530028264793,65.6088449017495,104.96098237097073
312.35699368194753,242.7394958336561,66.06297720102901,104.44946753276459
314.08562555247045,242.25892847332452,66.50704226209196,104.45278976534867
315.90686863516015,241.2783595538753,66.54031493536615,103.90833025126553
317.11830925734637,239.44016654117146,66.51954021450757,103.97457619145284
316.99039757181924,237.72651777814156,66.22662665566831,103.52518118401964
317.0445563105251,236.6315031726819,65.61131552686658,102.98872442730283
318.8196970928495,223.1834188737735,64.90186786457677,104.66031416769776
319.85969882190307,229.30244937301654,63.92747120082686,103.97374776760037
322.2174484562135,223.81201622872513,63.3753845031594,104.09649218423495
321.068623000479,201.63962688455206,68.1371102647107,99.472806974876
321.88987387018483,203.33291349687602,73.56653082754525,93.72223891342085
323.93336345502496,208.68633614032075,76.7823666183447,90.78959263547304
333.2520340347053,217.2763507043988,78.83084508483847,87.67884317803224
334.3627593887951,214.1587540617915,80.12247735776845,85.3057314858298
335.396137263313,222.37471416093092,80.68663677368018,83.40545896974096
337.1171159351853,218.6715661833679,80.75195644180695,82.74883435449345
335.8280048389306,197.40209848551336,82.62370647588438,81.23909421309313
336.62300382896444,195.8609240041875,83.21454851122806,80.60905775971402
334.3172703847107,193.9093422964502,84.68792049769695,81.76922400569396
333.62923473402145,194.4576846750181,83.83651949377753,84.63625003347026
331.0283270460666,205.7769126442272,84.72890999252064,86.89707845784508
348.25465319325656,188.670996642213,83.90890616615815,88.55513467451993
351.24487931740475,181.8600104871462,84.31495093858331,86.613451131382
311.0222389295448,233.04163245066252,83.99643013959607,88.12241484595098
310.2764709194515,244.54710765289045,80.08795414348626,91.97374433346289
309.0590181242962,245.34892966287364,79.63496939489929,92.87733965523233
309.93638134915034,248.4936651565497,76.64093256139427,96.12665650967708
309.31334895418786,247.86183340154946,74.00238216844267,98.80675371165603
309.3429188570199,249.7385378198957,72.40943580035484,101.43775382576922
308.1047830538077,251.19761831866322,71.35288336732,104.44516045518728
309.14059914574,250.12013419140226,70.59848879904078,106.38852646890834
309.2603684851803,247.72941889944713,70.05025152558996,107.78524578725464
309.03934546201225,246.00650421769512,69.89560638072967,109.1475909779376
309.60458401692495,240.6337927506458,70.16334253823058,109.51816745360125
306.34855298960383,245.19698986466642,69.52427820813777,110.96250057388761
307.525157762977,241.54790364936008,69.0372539688941,110.67974086414993
308.7136894478509,239.27085632884456,68.28177763718647,110.83588914745391
304.031502323266,244.75582534550975,67.2225869754676,111.77752070946048
306.96792013340314,240.52228539456087,66.11933028890911,111.53098996224932
308.2101486663638,238.32431174080997,65.72164661852618,111.15078322846087
303.7595096230712,244.75584889519996,65.27843751486475,112.01559988800363
307.8511290521139,240.81659264248506,64.44248774216761,111.97139529901206
309.38422407905233,238.63050652801041,63.9798657653781,111.69006697101551
309.90088049198727,241.6697720168665,64.18873328695089,111.86911865779314
306.22601230959344,244.11363588353703,62.58735404352324,114.26152798652484
307.92398543565844,240.26635304674687,62.48699199320592,113.53397070478286
309.05834181267625,238.46573153884842,62.33299028538923,112.85318599917473
305.7289433842111,244.4189719533822,60.73959559874032,115.16737205548314
308.0825199406971,240.02562940031265,60.57249060817437,114.61667579870718
309.3191688623224,238.11013707681823,60.59129896418841,113.61721801710719
304.608833054878,245.12398450915663,60.40551763718253,113.13243277462274
307.78190366724954,241.80847257058988,59.97391718010917,112.59082777220914
309.12892594298734,240.17866313200454,59.99017140526021,111.91120428640374
305.62627594503505,246.43393315336073,58.55556241984147,114.12615099906246
307.11811041070456,244.23717392587238,58.614761149024915,113.30189983123644
304.42170045319483,250.0379514878884,57.185130426227005,115.6171833531395
301.9267082352293,254.04463973231174,56.14292453928213,118.17448843625326
306.55159645584587,250.01173238755416,55.280540142116315,119.98032578507012
302.0647959378623,253.34183704776086,54.68119558329587,122.05887455181494
299.02090343232544,257.6234580753012,54.258882137033225,123.79870256509363
296.5549036431902,258.2637305349434,54.05476807165752,125.65420167123037
300.25951699361036,253.28330819945592,53.5903913387737,126.41616900761062
294.7974608901088,258.43778212438116,52.95401770593294,127.63612511894179
299.0863813824384,254.76928496666307,52.54927337807315,127.85977810289602
294.1082616793414,258.352117409523,51.96146256759227,128.5133957489145
298.5314142440772,253.97577794475055,51.69179184516415,128.64699318126696
293.78068504926597,257.0454194754122,51.40036063975492,128.7447639910985
298.4472200201765,254.1852856859855,50.72704163634946,129.0806717333735
294.8071543872401,257.61262504693934,50.4196246463018,129.09360680388522
299.3255104453088,253.44082979689068,50.178167237500794,129.0781723024567
295.8832301047647,256.7445276795024,50.31891535755379,128.62673662024102
300.59859362277234,252.72219190807448,50.041254002996126,128.5056843624377
296.72354889251983,256.0389310238047,50.23346306188981,127.93334333037915
300.6275246939639,251.87280617910554,50.47429666865744,127.39873549109093
297.27429264770916,254.18080185245975,50.711487670804324,126.9663774718666
301.6154994838458,250.50116890405263,50.976570412715674,126.18780405135911
298.0111548184723,253.71328867655774,51.57185594631302,125.76574937420779
302.36217065965417,248.13670508673147,52.30985245456205,124.91028484762253
298.845772795988,251.6042846280781,53.168132934549384,124.73366305740973
301.47758712298423,247.4449792709653,55.29676197098658,121.9548988555587
298.22676924843444,251.3464811562874,57.13285702489577,120.89247135215685
301.8415122018491,246.81379554919909,58.8172552809692,119.44914982493948
300.261510484803,246.0226264374176,60.21527341309004,118.2235272998299
300.77324716627186,244.5502422911159,61.76935022295812,116.81449529564993
298.86632051268094,248.27094654181448,62.99174997789387,116.31117711865458
298.83384707432896,246.53329181866954,64.12185295677831,115.20646852142643
299.99173289783573,245.47260264057223,65.01915313288482,114.5990110564693
293.8515906527252,247.68049133869283,65.88568983563036,113.81369726038682
297.22486595273756,248.92135603454332,66.52486282645651,113.5263550661803
298.58940705260136,246.77958845894227,67.46138354916849,112.52212280710413
299.17499560230283,245.995800743295,68.27931775404862,111.82315246584612
293.2730704156827,249.15876421479862,68.49217424606334,111.46574616416578
295.96492053108693,249.48440513388869,68.8468296518515,111.1386628402088
297.5080673509324,247.55377818619428,69.34661990116814,110.72832936377144
298.1595003519662,245.46072170599354,69.80712739324885,110.33596398783868
292.23431182796264,248.52345637008014,69.92301595401223,110.22655119729365
295.666822096281,249.5600260884678,70.11385116841316,110.07575942535141
297.27860179361943,247.94339380535737,70.61220964139679,109.82590045069396
297.68134922979584,247.90835260495325,70.84647249762062,109.71303593110729
291.76238343496004,250.46464644204056,70.8775002481809,109.54273999353546
295.08730439117426,251.25384821821083,70.9970055266094,109.58253543201677
296.1794164366839,249.42289345180225,71.26272187862912,109.54173481316155
296.54103686798254,248.74491771759824,71.52597668968829,109.6548582700568
296.92500136510597,249.1694559768277,71.65699260978238,109.73522129627564
296.8376424117047,248.90052511887947,71.82786928756897,110.02441459483755
294.2428731550957,252.13727743946365,71.99493828021815,110.32376714284767
295.6574552669617,251.29627790601631,72.06645912843133,110.54472785868334
295.435076293115,250.2586426023775,72.22250162416891,110.87116337913847
293.1227270224697,254.92857684093298,72.25828052587214,111.08186157530636
294.78096554189,253.93040783377586,72.2917509395767,110.99584981239892
296.18523385983593,252.79561533845617,72.30755989236889,111.04142481234612
295.4021881436775,251.2521613062226,72.43700998919833,111.39774348701225
292.49430392521435,254.22786324773088,72.47485865683761,111.91235637340486
295.10171598193807,254.14566010549018,72.41830108773213,112.09793582213474
295.23588740551725,252.23370960125425,72.40668107826032,111.87262294434564
295.82459994404815,251.56736636425478,72.48404475756907,112.26935562243469
293.2190627112476,254.49655822587442,72.57283433394895,112.8142507268626
295.75994029416734,253.74067846793722,72.60643513658488,112.99063302639792
295.332254435177,252.06517533645473,72.6837101190881,113.06857300709054
295.6556560855043,251.05652586273004,72.79407815126967,113.42133285580029
293.8498668319239,254.6562733278818,72.94237788798362,113.8837737317712
296.0259066980464,253.90804618545005,72.89148090262589,113.90385935093951
296.16848916880883,253.08452097255693,72.79358794353242,113.89293219570156
295.82889301120383,251.80389734973335,72.93350908288105,114.2412149065892
296.3433152467155,252.23003645542553,72.97695646290134,114.52459078703987
296.9461431903553,251.60520062338227,73.06153716791461,114.99957814116696
297.6163176788484,251.32560218956928,73.08447933529943,115.44536696481238
297.0801914255071,249.72769305130677,73.19215059083768,115.79657002031382
295.41840617797186,252.871648170528,73.31241059625363,116.13423818534426
295.62789808032613,252.76530743119685,73.39702601801979,116.56841588840996
296.4526959593157,252.64940598994656,73.4237592767262,116.98380472760324
295.9865450180671,251.05779247812814,73.53466117247947,117.05448483046368
296.49498787179033,251.8077920800425,73.61047797300566,117.62076336902085
296.4984416019896,251.42345122329414,73.66214812837488,118.03475348767846
296.7558607902977,250.89737559601235,73.75434151435863,118.47801343393436
296.60497074380476,250.38797872636584,73.82584813706188,118.8096796426526
296.81323305787106,250.34199043098903,73.94856923360733,119.09320815715805
296.70952354473,249.8944467754089,74.07927796868258,119.2938724484323
297.1993965275583,250.32594331876496,74.19397329769622,119.64471352824701
297.4138311558702,250.2314043759758,74.3021716928211,119.87079735241485
296.6396317650201,249.31143999431816,74.49861744488865,119.89812812569411
297.16182682114976,250.05988590275518,74.57492709592734,119.94952739597065
297.1290159305252,249.4020309285316,74.74208541935367,120.14013851991683
294.5314615500738,253.15463628953069,74.83466942287123,120.36788992941885
295.3223280573293,252.1047288200329,74.87711767895965,120.07810387621171
295.61865968270615,251.17208030309342,75.03625782633823,120.24322049875185
296.13492817172227,251.4574678026044,75.11378142093018,120.60440143330072
296.0711161768712,250.25907706360164,75.31090511189387,120.57450639954175
295.8177990040517,249.9312571345733,75.38879988000095,120.71219023915059
293.8615529853031,253.44430784353332,75.47775218361154,121.08139397793826
295.071259011833,253.80744965512307,75.29979115556095,121.00555098805573
294.74005850214246,251.89488798897094,75.31020319178766,120.8620862065752
295.62226276865215,253.04920019343155,75.2178593207479,121.30739141267476
294.99166878393,251.26023041542692,75.2596406854254,121.28881149846914
296.21224184829885,252.3097474728973,75.21752595736825,121.7958862874133
295.46307176442184,249.84008413252738,75.42809156228657,121.5352164967481
296.2407711722893,250.41184502449613,75.42565063896944,121.84709327238087
296.12173210995843,249.87649740180353,75.58052813755604,121.73376883297455
295.9719418599438,249.51863337406115,75.66594904459917,121.5731443994647
293.45179643518867,252.82847089818586,75.77563019104551,121.57700546113962
294.43628469655675,252.65876613810678,75.67665927591432,121.28388357680254
295.09861514396243,252.3440803362472,75.74088411756833,121.16481229226176
294.9192954103285,250.53986337640674,75.92873711466146,120.77792922967345
293.082383506076,254.21366537606593,75.98961179024717,120.80846043467024
294.07479297093977,252.8900104693892,75.80633681155419,119.97914623603026
294.58208751562313,252.54186595737772,75.79878762678192,119.96811510634001
295.0835534549795,252.3496542626404,75.78836493433701,120.06394070342765
295.36473703661085,251.98261164034835,75.88160821323586,120.39889253398164
295.38292266544113,250.8476383137027,75.93997883646894,120.54516550982852
295.6522243831177,250.76548867495256,75.80232493886989,120.76179225632008
295.8777664661677,250.41624800294935,75.7304405756454,121.03340915511698
293.5435690663701,253.3349336835197,75.79540462725475,121.14195349298143
295.0125550408714,252.6678894739322,75.77584321787928,120.90035748394139
295.4923516738771,251.6428841402746,75.86486111596084,120.8040129991265
295.4358959981463,250.30659668447288,76.05088517873284,120.97450866230156
296.600985361571,251.01884061554028,76.02799986695305,121.51042531543317
295.9493150006134,250.63189878991219,76.1033082383281,121.65849047570731
295.2070263333673,250.22326972723147,76.16506500473554,121.82507652293611
295.74390164478064,251.3106279486733,76.18779391701169,122.2494590008746
295.373748813452,250.5543726137305,76.42444849715332,122.39950464676573
294.36967932523316,250.2114835303363,76.5313127924997,122.54479844475307
294.6232677054941,251.37046631392155,76.60327711235738,123.03356386322403
292.4251145722499,253.63793670704007,76.87093986611974,123.71399850041836
293.59792969233837,253.5153127087692,76.85990435250541,123.66431329707763
292.6202410662476,251.4522215725538,77.0545495499765,123.66875856618196
293.36544695469604,251.0267806465482,77.30903609232399,124.10921752681479
292.042824951367,249.77509972683737,77.56363769442592,124.24879219201156
290.56577788538823,253.5770285848338,78.15905658491312,124.49978333771304
292.6537363045481,252.67792003522288,78.2706692151297,124.83445237270303
291.71280990466244,251.09821976948558,78.24839644365008,125.23522310528847
293.94132138246607,249.0776141932783,78.59435677203936,125.02112562962074
293.9915041489753,245.49449958776808,78.99769632334488,124.73224905908604
294.8225900001366,243.86487524433014,79.12715381623562,123.18667291686035
296.1166665960353,242.82826302945153,78.91621672513087,121.28647171986279
297.19690311110105,246.931970383766,79.16242809365048,120.90451506100803
296.2625714473699,245.20930761887922,79.06655260847549,120.28462643367709
297.46198199870753,245.43866838715277,79.61877868788332,120.67372732487962
295.5271650681658,243.5930790945369,79.47894017881912,120.31435878715602
295.52532127089853,242.95095697361216,79.54632462717021,119.65505947565318
295.32336991669416,242.0326403418492,79.15731896508406,118.64090915267701
296.55680726797993,242.09638050787802,78.95950249005159,117.09503294373489
299.9815493082194,239.1518849545401,78.9046665800438,116.00886345165586
299.20115094212366,238.17018056441967,77.83396998223348,112.16241915496191
302.485316777611,226.77651424816543,76.91060825144436,109.92639821081028
304.5058540912896,228.93214887980196,75.56915244046282,107.17453546647334
298.1785314786917,230.06674936110062,79.24648557764598,101.87266543649322
300.70207765478636,230.14738927088223,80.79220099523206,99.29073894944949
302.04476566840015,229.1611692379484,81.57891115918187,95.99914235989114
302.16577469432434,227.6415344273934,82.57004752341783,93.17142236842183
303.9552940810843,226.34142274469062,82.77771257489482,90.73184318255785
301.4947632854753,236.07629987981196,82.98077899933429,89.31682409603098
302.9050250789208,233.77747435605318,83.3729402822095,87.26567953884273
296.84675573871095,241.1343624793704,83.57182683250221,87.36330084469853
294.02757628248554,239.38287635438815,84.09324238557801,87.428289343366
298.6347309327726,239.9163811392453,83.95198644498934,87.50825421804106
295.89092071867947,240.18892135337893,84.14330455460255,87.8469974229678
291.5352304701944,246.45299354014892,83.9817983938578,88.35701051250152
295.83796658273593,245.5535209588058,83.63083895564003,89.66440916353768
293.29970712242744,252.96357951442144,81.40447282071506,93.62526357940604
291.8391662282012,257.455513616991,79.90404009805907,97.23250465008472
291.95898945848455,255.08330932363472,78.81731751949998,99.56430747431563
293.0495028846721,254.4427508131519,77.79802870518793,101.58053465896995
293.9229582142136,252.79624846021164,76.93295899039501,103.65940014175168
292.5355747690614,254.44112772433482,76.1152101736835,105.52723200275702
293.2785524086247,251.84426020213837,75.51974709540835,107.03586243861417
294.00498310641944,250.35843738723136,74.69796889025994,108.97770300422684
293.36886268365504,247.84447136371736,73.98348750487756,110.63821080160578
292.02621070781674,249.92337999187126,73.50863568339133,112.21325506415785
294.6672289950752,243.77416384201004,73.2200759765501,112.65900620390714
293.05911181773735,246.64897539388664,72.8377728861575,114.27718428957655
296.15300494734004,243.86936475402888,72.89741838201806,114.60541706678967
293.112256858347,245.14582255617256,72.92232304923138,115.9205112681816
295.6749053997028,243.3707243410842,73.25727157580317,116.10084752608658
293.11103473289717,244.9406625596127,73.54728631639698,116.80212018075018
296.29566131527207,243.37781627401165,73.65360907556678,116.81534164828403
293.10871540523647,245.70807115542323,73.81082942881059,117.44335842049509
296.1593395528573,239.77848494852188,73.99485516234697,116.87925297937836
293.91737237439804,244.2984011707777,73.77611417670579,117.26853010823095
296.841024216541,240.18642598999344,73.2699541005131,116.86588974103975
294.47645629300587,244.33733642013436,73.18393920982092,117.65293606825787
297.80927886584374,240.22637835187788,72.62513324413787,117.36082842394808
295.10477676852355,244.0066309782435,72.49299926662853,118.57682291944685
298.4124389586978,240.3149444672287,72.13089782863236,118.2763113208099
295.3146782791026,244.88365815118613,72.34584505681067,119.34141576747027
298.12665366841674,240.39865965944637,72.44383527244517,119.0260428779029
295.07368864177954,244.54682722993903,73.31240866296937,120.16942789072615
297.82934608122923,238.96279614566706,73.87602349827279,119.66834733618663
294.58084207200284,241.96900132700267,75.07412328308305,118.76184155267796
292.3109291283983,243.5898727056424,75.38585459250287,117.14943622539889
292.95678521062723,241.8043856000758,75.84988128245324,116.50359544172007
293.56699150664053,241.31218538029424,75.99906684067997,115.9146493856548
