316.5,154.5,52,50
313.0759691080171,158.061489899808,51.49919484442115,51.68650468219552
309.752861028125,163.77336607446105,50.82345913805541,52.114427366458735
306.9304824852765,168.11533513812037,51.23569278243773,50.599756893559075
305.0731509092163,172.92009336892295,50.40609877055665,50.159972525764914
300.3286351231795,174.56131064086733,53.44496077933688,48.61888517559413
296.8699133373741,174.503220141337,55.945441250514286,46.751116513399865
281.13763492555455,191.32961131978607,60.23662008343071,44.914288364875794
272.2162902807178,188.65145807172584,62.878331093990354,44.03776052185442
281.29330563651325,144.26748809745018,61.302179334425894,47.110395599800235
276.05816022500136,135.78279872416732,59.41960016996193,49.541931595816656
274.3646142524146,129.17228292405798,58.38911723262814,51.16452970146747
271.23044860602647,121.58407113956045,57.525861496900944,51.68684331562855
268.3382936182899,117.83506577351034,57.74343095952607,51.896897809935794
266.3773639089743,115.24677302254206,56.00184681278874,52.50558313105571
266.627049240191,111.38260608445938,55.61519026961077,52.72793842293153
263.5632710631662,108.97674583561022,55.963875564242755,52.87666882739866
258.1247198279636,111.89808687692428,55.29243696561723,52.90340631950808
257.5822352371934,108.06846122385079,54.983122256433326,53.11628368614089
256.38397021925664,106.24986179177574,54.57185915189555,53.15552970757858
253.7650520408676,106.91951831329617,54.82699373026171,53.075602607950515
252.73397769848464,107.51306600605726,55.4620444984246,53.10072324205876
250.25957152423385,109.86847836921208,55.63207829391711,53.77361509900106
247.42607868780442,111.82961367548538,55.84140186121569,54.145790001133435
245.1412607286401,113.21844018852532,56.81261739799827,54.075180622819666
242.4785612201942,116.93913375809471,56.95415849710445,53.708130966133275
240.5293543105542,120.0230057828596,57.229633921837916,52.8435752405781
231.00809829046443,116.43015403369658,58.75224659373133,49.42470072071566
208.55134755314924,108.56677729536833,57.14728111889884,48.70580409666418
220.87871245608173,102.97329340851765,55.25108097611981,48.732481152286915
204.8931280217002,99.17448725672952,55.113084653232455,48.86747129018323
198.03657160749628,91.27047505038244,53.55653843928187,50.24486597265277
186.7556183956922,87.83722344128628,52.15385097556094,51.36555105272254
184.9894767130903,87.90147973208826,50.92771673441096,52.11709568680918
181.3250401752407,84.80918965582974,52.763527313924904,52.53772978296027
176.54040161872297,83.44781671318145,56.31507323723255,52.813142093961815
170.42946077914536,81.68804871145309,58.64557460632919,53.964271324805
166.4676308857815,81.54057701322006,61.10728599828157,55.292782984324944
160.91747109404795,82.12025779375298,61.96568415688292,54.92144465667282
155.42183851888635,84.00314906268252,62.40677936244292,53.222904741189225
152.10304618195914,85.24495126028373,64.7935667645688,50.530432870596385
147.64534332973403,88.40358389563924,64.8665928990117,50.04657929345834
139.98009944618246,90.8175372979693,63.89165692954259,49.54486725198184
138.02397784604142,94.63447527080564,63.04045427563766,49.729483242039116
129.45908164327193,98.88985394097422,62.77103670498039,49.306784373381646
125.38069049410943,107.3430892852034,60.921960581979675,50.59590275047505
124.050946341291,117.96799236863978,60.55491146925105,53.09676224827513
119.11138339125907,122.1226482264432,60.21158615929296,55.73781941389387
122.04148747802505,133.43458768882576,61.33874227790576,56.57547498925082
116.1235226171753,137.94541142920863,61.45666109720048,56.603313668763384
116.41586724678635,141.79303579426175,65.03055881689073,53.670894242398646
116.67463684874613,132.03562845066426,63.985881141367756,54.293554235990094
119.0617289249576,121.60184124120758,62.54379714191417,55.91656459850696
121.66904549436862,119.2022913241632,61.90854022379528,57.3209612828002
122.12875130293043,118.13529819270448,63.29539157664238,57.79767818708267
122.67957346795524,115.22034710136458,64.35817261967014,58.882072175792764
125.84618115613837,113.65293515336418,65.34474045405827,59.8411975530405
126.43375577026421,113.356422312596,65.5315033571161,60.79059994213074
126.49970798073616,112.53510884287465,66.35486946496553,60.13730627114557
129.57177000021866,114.71362507697899,66.00135001737014,60.44019354170642
132.09994326413522,114.2493687568843,65.20171974091033,61.27363692994126
134.69183310042354,118.64763568788524,64.3302426577502,61.33799536377677
135.1619524076529,117.60150358960233,63.663122062395495,60.76506957888201
137.53277324629912,121.26972709840223,62.61060854557975,60.356700735873275
140.31315901799164,125.33409567441136,60.72367061082201,59.980827944664355
141.89814598189034,132.4580682986752,58.36694078740997,59.936735349640095
141.82570872463458,140.91447376919913,55.72254633143197,59.01749950472259
144.5220139488495,145.9772953442439,53.66544470639695,58.235496682086634
145.9276056591927,154.61663657785988,52.12060380642438,57.142542287974806
148.13820873727374,163.46737983640833,51.23476800014628,56.02030801391991
151.25776693054374,172.71105557501673,50.242699037922705,53.83941977828026
151.56755468155671,177.6974877437165,48.719217309738596,52.91333030507751
148.42675038469366,186.38815850887158,48.33186342482702,51.892077123156014
157.37176401611373,200.83616633930842,50.45270232714802,49.93198027026577
157.87529881923643,207.22908712716705,52.47448637576408,47.80459454324234
156.95607173771785,217.71599167799678,56.684271276868856,44.91730468291589
159.4575722945372,220.27503105101712,57.607561152152314,44.26482118223651
161.61893810934976,220.28569413937063,57.29946222440094,44.762483495634164
162.89309902503342,216.30418235974162,56.92913035275041,46.54415396269858
163.9939885744975,211.7116715974313,56.211803978279,49.05436889247059
165.6566464660432,211.17896836036164,55.18133663726525,50.35077918750608
167.2371835804675,211.17273947943548,54.76351897732538,51.15204267254868
168.8840849703936,212.53275970512658,55.12566173694768,51.14570633035841
169.05289084268654,217.51790626270363,54.68141082320524,50.70201119188886
171.1993807917259,223.4783770308369,54.49940809797809,49.73530759354958
173.7826990286025,229.50281335409431,53.85037549843142,48.29183884718124
173.66560550058128,231.88767243070197,52.82211507808682,47.69393418197248
173.02662656295394,234.83667522238025,52.03231534683519,46.61220419523461
171.7200346403419,232.42399569858503,51.05739112931506,45.31616527071813
156.7820727684986,229.3373807417887,53.227878166458694,42.71977333525069
171.78339533512607,217.70057076155314,51.36085505773992,43.033945435004064
186.61511570679176,202.28783972467397,50.631433403153686,43.80619248190691
183.05309102411127,190.9429326104925,49.61072168300439,46.319235546329445
183.19661037442944,182.11821636941227,48.58075483505209,46.90706829704456
179.49722823148497,180.77458410375414,47.38193630386336,46.787940873938865
185.26190631833052,167.41195026460716,46.972167074752335,46.5971509655629
180.75227913756203,165.49132827600383,46.845384334543745,46.59480611372902
182.08935259989266,157.2375339971151,47.16110676603786,46.866493792600224
179.5688987789167,153.8033520299498,46.4864973639224,47.342428851961365
185.7865888126648,150.13694126227213,47.01744019529093,47.40415797246073
186.3506814910539,146.99124321653971,47.19762674002489,48.022359178671636
186.89501092682283,144.9103669521927,47.461913792292236,48.55130612150449
184.53340847346033,145.4950983877606,48.348757767620754,48.17857209977964
186.6540650741504,144.2658816449583,49.32224730824504,48.32734419698707
187.64525429749474,142.81844809059533,49.1963611425164,49.16935581407485
188.7531527164938,142.35431713850778,49.4246677839037,49.516779812843
189.33464066828094,146.32416423967572,49.91090984354808,49.24926149475391
189.65758850871046,145.54384596844656,50.03621279302201,49.02638341833862
189.26063049421242,148.75702776232353,50.16801151960031,49.076776403308074
189.98768226863632,151.33936887055023,51.060576929416456,48.455516885829304
190.59314783715774,154.8548981317657,51.695036708244295,47.677625515803115
195.6066933910423,163.43674137088382,52.21246025654205,47.657602443938984
199.2007175128127,167.5698458091868,52.04671034903032,48.31192770124413
192.7106038570215,172.8240165590704,52.46392458383049,47.69343967895496
193.04837872733899,178.87274727351132,51.87672620464905,47.760097016857785
193.5021600385401,179.25817767856694,51.24401895753676,48.822340340352525
193.72078928042396,184.59454172810453,50.78823862097771,50.305069737920384
199.28402412878984,189.6676305606756,50.29677868987096,51.752489484887604
203.93127284728388,204.3492233317875,50.42270476057331,50.933375140173624
203.1278231082458,215.9896071585112,50.514241856714364,50.786354587556275
202.60231595901564,228.36888154460246,50.46953395668831,50.61935092035421
202.07974015127087,231.5036734016371,50.48870617249682,48.930140493485915
202.6606479455177,239.10527106055582,52.627479191791245,45.35834814500876
200.52656501732918,240.93938995810106,56.451021190431696,41.260300183559366
200.81835622805662,230.89701221944017,57.23913381063329,40.247771343864514
202.388656056787,219.77697370972595,55.639027999112166,42.19996651209671
201.43479502845491,211.2649252481463,52.86664198540281,45.15953973835657
202.48186350955473,200.81698706197585,51.569188215456286,46.319257739725785
201.922679815871,194.4708252318299,50.888433388506456,47.76682374773498
200.55457547327828,185.5991542453229,49.214112937034166,49.703419237899865
205.27929017323635,176.75146666979518,48.96479206525518,50.389507508462145
200.11118613784788,168.35345570393346,48.6681800066376,50.26479312731937
203.59008946131257,171.86896278525728,49.02608962634028,50.10258723417245
201.3928486555975,170.22909463456068,49.61979833242069,49.99976185191089
201.5172230900509,166.1660727910664,49.80175256705628,50.46959654689504
201.41550638738764,165.48231005375777,51.07334877126431,50.113942561940476
199.313054609629,168.35117055981647,51.82148142986993,49.699969184710746
198.86242452933593,165.76687634548026,53.1741976306001,50.47568337250795
198.82609986545052,164.28899939835236,54.16300962802957,51.10485006659893
197.34499434294878,163.69255915173275,54.700638430067315,51.13202595187459
196.82334410097428,168.80603927699852,54.921425035670836,51.35863320622588
196.75233201109992,168.32140235895372,55.849156450755835,51.74070413570688
197.36260078521704,171.40868492981792,55.901643938379785,52.790906202077835
197.39818502994478,170.32791974429801,55.586103349286304,52.90837276658386
202.94389054955377,175.33995588869007,55.49514912006586,53.512850053605405
201.22642768699797,179.25178162480788,55.8831197365349,56.30664643445816
201.55283628907006,176.1094580954979,56.940913041309514,58.084169545934586
202.9018679049836,173.8413011424068,58.322471601322015,58.514206463133604
202.21755140664115,168.97801197194013,59.71126553382609,58.846084753712915
196.01480563387716,166.1668953599301,61.202167197457086,59.153653137034794
192.00397147721665,157.99871124282885,62.14152721838916,62.06502404152538
188.10765840267769,156.16146665974082,62.82437210220832,64.31932740333434
189.4117960581001,144.7137656668434,63.3916877833374,65.13627823251299
184.8732481054504,142.2622451860543,64.04992229947666,66.4393905766138
186.13422714108106,138.62935471071643,64.23314868790159,66.74919694843209
181.75114138029485,136.51486131854938,63.706650913209316,66.94767807557014
184.01879149253503,129.64377614894866,64.53970500925509,66.03730820786238
178.3612379679797,130.0021849062812,63.835647019303266,64.55099359665876
175.30901841437927,130.15391616483612,63.29543948191183,63.74988179733194
177.2291587220743,129.41435498451426,62.85753527986712,62.46655131717058
176.32846957917548,129.07648831529545,62.34348769286204,61.418445491827995
172.94296695635938,129.66707437166963,61.76525978801206,60.73338021229914
170.45486570628722,129.43995546580473,61.624471721902715,59.67910946098727
171.86229814542583,130.58994305610022,62.29331880155702,58.67925415725784
166.97987402430687,130.71947392481607,61.965546194185535,57.22554534608044
167.66301192983985,135.31712594836077,60.872405359745,56.25028829606133
164.57424165813677,135.7836213120341,60.904779506056485,55.81859957257517
168.14200141983787,140.21168523653884,61.17470126683392,56.16011309624631
164.02478972198577,145.880690126757,60.05843763556064,57.66946201942331
169.28792222123639,142.9734274819142,60.62731404788702,59.725393749843754
165.88331281148024,147.50903051421778,60.43578757092104,59.94474077819311
168.87467564386048,144.82490879599848,59.71168455249235,60.085558639375385
173.12791293801817,140.42759916465693,59.699568980595416,60.736535476521375
169.93655355314735,137.90785746371947,60.583819828126344,60.47294118064242
171.7266963371081,136.5760277252353,60.04317039530616,61.035665198473765
172.09160350272109,133.95558625178796,59.437583625136845,60.91341996009622
172.7558012221281,132.05217249607006,58.98028807560122,60.11262007971685
173.901068958782,130.1619872329849,58.74923732252352,58.7951698470676
173.5320740207983,122.72858094922373,58.31340551079259,58.001390335427345
174.32887198183752,123.24016091517888,57.98443072728679,56.95768853441314
176.02543743076316,123.14070405624942,57.46162324900642,56.60637276246874
173.53901842583096,121.48218682536017,57.243178986531966,56.406775144169096
176.15842656703265,121.01590558718229,57.19513094601092,56.05099383333158
177.64121220027857,120.92248142781969,57.66432859469548,55.49914498084553
179.49318133934324,122.54389319268482,58.065723167976024,55.064706346439976
178.14402335151618,130.09692036500954,58.922734006949526,55.28234432356788
180.10096635188933,129.60040181584367,59.82986813254603,55.05566833004937
181.1239620783914,130.3062298266538,60.473195813300464,55.3077996733888
181.75312046535848,133.98988421972874,61.035529736120736,54.97287766702409
186.27928089935654,134.19218770353524,61.49546358309047,55.74151803675241
181.63252684265348,146.31411394779488,62.873861585259995,57.08184256544502
181.57344074813523,148.8109488861091,63.54976111118004,58.4194600728498
182.77551115433215,145.07779193932996,64.7996582512093,59.205529997444465
177.77854749199403,141.66064885798795,65.1891668213079,59.321945447848165
179.37939581876532,132.7250152442624,66.4080424486491,59.32178132459123
177.56962490064922,131.74810671905004,66.93967387113925,60.542838899307995
177.2445912920961,130.4068250456246,67.08863124975977,61.44663907114821
173.44727164073845,124.39209681458446,67.20072183879094,61.55766520485932
169.91541180994219,116.29479688717201,66.31327105589497,61.67179783556313
172.58838769109408,113.73378372093983,64.65057496604601,60.83044669228898
171.6189008568337,111.67952696405756,64.57221035865737,59.81597150518681
171.16108478732187,109.28987890990915,63.85845440373267,57.955444653583726
165.72477704520554,113.06749008251822,63.22174772152245,57.65972471925425
165.77666688459652,108.91259513204861,63.010766220638416,56.62005115736388
160.37740887911096,107.06023182487061,62.978436398784844,54.77817027736563
161.58494557872405,111.91859899072966,62.161727591157145,53.74174238027889
155.93575645807562,115.1393007249569,60.43451016747599,53.67554824333686
153.91706964878446,113.09821205092027,59.414096367692814,53.42000901197286
156.35611338953058,118.81006801297085,58.49742727647462,53.5700437690851
152.46499331720446,124.83818510348485,57.317881150985286,53.30499496708542
153.153984898114,130.87036791557426,56.044313428235455,52.999244836681015
150.3986118415821,129.80962239809884,53.54982959134812,53.69650160058235
147.5866799908892,137.40747503096998,48.436159723397964,56.9172201324475
154.13237458645284,142.51016283640377,48.07845507206557,56.90320976358428
155.06429595687246,147.9064374405279,48.85787805540852,55.02118301627351
155.8430016742027,147.70676859701848,50.03433068973301,53.480636159873455
178.31581549582535,138.06588252329686,51.20535267417321,53.53006272626203
169.6150924380584,136.0310286924881,50.04778923770515,53.57104524063227
172.31413728312174,137.38941999270187,46.468820550729454,54.85780506345297
151.55451648630952,120.81822898261981,45.4104864607601,55.75185029162491
152.45986707244595,110.96584009045695,45.758447607670604,54.05435489785006
158.48780720408888,94.10168620527142,49.21620965548098,50.6324742221762
156.75504296432825,90.0195818029634,52.36427110113913,48.57385320806665
156.8767312471095,87.77912754911551,55.83748184064564,47.25689680182198
155.32118520352077,87.1960048879044,58.417655746880556,46.25299947363998
153.87686935593098,83.40035192815739,58.911442194791434,46.94888150397382
151.92488496785765,80.11525802918987,59.23795711923829,48.37768470031584
152.2272317807326,76.3347577877224,59.68183055014424,49.824712042534244
151.5785093857548,74.68830161372458,60.196338290234124,50.18622266094617
152.13017649122077,70.14309925721092,59.56355452700463,52.62577946213876
151.85802509175517,65.19673701164012,59.43003795471235,55.10001735812655
153.17924603105277,63.59463952461396,60.175855248556715,57.0235506300228
154.86135102570498,67.71776950907507,61.130739917150265,57.95896275735303
153.40712272321738,63.13254147971661,61.04041817892477,60.43249651382385
154.52580051070504,69.09467642113992,61.90048806476489,60.460037467769226
152.73234490640996,72.28180057577487,63.24366610570671,58.73302264467487
154.15468364616936,75.88459557385201,64.52298059243547,56.940376011710285
153.50160352437254,77.51135273313766,64.71526020172126,55.86985319780817
155.04049059359318,82.77742761354456,65.63753040913568,54.65540096201877
155.20494984869492,86.90653595025987,66.18120220235323,53.7205242277056
156.3561636222222,91.82367305994354,67.39763070388264,53.523025025122905
153.12924264279522,96.12269537841274,69.22403316383526,53.30064128448576
149.98459061854118,100.45310255759901,71.00793273999227,52.95586410415281
144.5088158017148,95.91871411271907,70.14367979948732,53.207529978592845
140.964512876349,91.99816128842072,68.88951602741616,53.70428624288169
139.5703522112526,95.69653592311292,67.94009254941193,55.25550831749145
135.4092426753346,96.3416977020163,69.14711110168619,56.03856785256491
133.2939287507201,95.5807967156621,68.74483299083215,56.4907737731035
128.1872592470985,96.0391506601166,67.56175247292893,57.3010528884746
128.23026217422932,104.20586415898332,67.39490226850809,58.7850449428652
121.09472540991823,109.15509762646352,67.9501459478871,58.924779339997094
120.26550716960273,115.82521286015931,67.23685257774905,61.66020767082327
117.63065691227212,116.40273996490845,65.82198993246764,63.84712485872491
115.4116409357305,123.51448906890619,65.74681874147738,66.69575685397648
112.54442423393579,133.8819580093398,66.5143723004013,67.67826243929578
111.97203499528041,143.76288003691755,66.85589200104731,69.11362488133265
110.77070593586127,150.1990481346711,67.31832487631718,70.56605389120887
106.63286314440688,156.1169047878329,68.28970156792958,68.39468060411133
106.43875977563091,168.08744646817308,71.47496045048578,65.14574926674638
108.84473257029725,163.7699689321674,73.0727238378987,64.09242041846974
113.40314327798008,161.64823718215428,72.57000860081675,65.86700016567306
115.4887809652642,162.14905508453495,72.14444455284763,68.6059811593126
114.55945504963688,160.08394331544935,73.6590933921875,68.50579364477994
115.29716404937994,163.07678569071126,74.7368796907208,67.43644590750073
115.8330822574251,159.57545505830205,73.34467537211316,69.85673593742533
118.12234026552859,163.94159860172473,72.8682840469157,71.49598129076556
117.70273856979944,164.2260631480485,73.79366103982254,69.96367019242649
118.17666654992166,169.56706242623386,73.43577751600617,69.07044135804063
122.62863941674212,168.2457129750416,71.97699503233474,70.37073899432713
122.42238957732346,173.73086812326477,71.39417343736835,71.11343376379878
122.4576704015281,175.50883393361352,69.05738430520967,70.74578463287787
123.66876272245486,182.45189652676441,69.40703999729475,68.24487329850477
127.02944133711543,183.75104671204633,68.07384061251706,66.50939188431609
127.13898666734244,190.00061463313747,68.40109166930627,63.99769615138674
127.47851474177102,203.5861357170564,69.48124849118273,62.61377670998927
127.38333459008047,208.9259827432889,70.06657155238969,61.215518624016006
130.85749444896712,211.58217473188157,70.54000857900114,59.239035668788055
129.59499281369753,218.02471492255,73.06746257530249,55.57113458585207
124.91182537063227,221.8869610091026,77.25661240283927,52.69111911257595
124.27767779716446,216.95091778885902,79.11652555123592,50.26620752907634
114.81330935128764,234.14613366783686,82.56887255804081,50.236978011110835
111.12110253638815,233.2911832712022,85.88676120538743,49.78636826437165
108.24778379791451,233.9757101953504,89.64182391808299,49.45156050314953
103.42563800480649,244.99344447800445,92.1506680021628,49.81222917539027
97.23992304303434,248.59128159739424,95.15061030821444,49.404156884395114
87.0682217945906,259.4738833948351,96.77801510917905,51.3619948239371
76.53179629186265,263.9258654466687,98.08609751417109,52.531107922113335
70.74888138379895,269.1867795038993,98.84309993009097,52.414422591770766
66.22216016901382,272.9328961672979,99.1333396924249,52.49041607924359
64.64521323644682,276.3867927722721,98.61952563748443,52.89129100589183
66.80051513982619,276.021287033916,96.95852877385619,53.39055785047917
71.32578026432402,271.4607379442917,93.3796944248239,55.88560269644529
75.03818533289264,266.46273801521244,89.77769040760549,59.02433946637743
78.60250992497518,257.89620798621974,87.23811535826708,61.21875034681155
80.81929650257611,248.78419757033032,85.25242151748782,61.87565158020172
81.1094930533702,247.5596883010528,82.63464152167356,64.74617303676175
79.9407736501879,243.56215188977308,80.73842678265854,67.45618116205559
81.52705956078486,237.80907758668843,79.0861676283576,70.82475080399152
82.68750883866883,205.6053394227076,77.70820173793773,70.41709499083989
83.2982473863823,199.91052669705564,77.59659972548044,67.99665421899924
83.80205534658405,195.28090850118983,77.31751152981983,66.4481179743173
88.28963521526109,178.44960398030204,75.7007998210302,67.54790276682529
106.75289267183078,149.56424419548432,72.23514611394552,67.26177190311114
108.86026535428242,136.117878140281,69.54586182673236,67.50417251632541
112.95714883370896,123.66630483880692,68.63432095354213,67.31890015870225
120.20312223955786,117.22364342408989,67.61107455077988,67.00075752640537
127.53506977640548,107.7788184236831,69.41540877090787,64.95902248693574
131.91464514111368,104.01304304680701,70.34789031230449,62.19221432345158
127.18984372324255,95.87795540323889,75.20309608002303,56.90470757323433
134.71857008894415,88.13210565970537,77.76024448387373,53.58770459142929
127.43020809902669,88.38883873914679,80.86526398067646,51.176160348554454
129.4961671378642,88.8144052208467,83.48675528868257,49.168728032508774
142.61691618593488,88.42433090872453,83.4016464289914,48.181981124145054
155.59916894961225,88.12523924329147,79.89386888320402,48.44267699582844
161.814743628962,89.13221935137379,74.95124777615248,49.87929236979747
165.48954210541172,87.32067580747989,74.11724959720934,49.74152712070174
166.81203637374034,87.70968870965862,73.73148976691199,49.26978797916126
172.61233492458925,86.79023729407629,70.19344130260431,50.143760752800304
176.30817814484445,87.38210460888472,66.34173527362346,51.0820318242485
179.3684074779899,89.81680223213449,63.02586826306373,50.71857510771721
180.25045503159458,93.41830173591846,61.103604199217,50.89523527602208
189.29998971864572,97.61299708967141,58.78699026945066,51.440411066318916
196.23048639949386,100.1972546208871,57.50246537546677,51.768107532665624
197.65777880527875,108.20502042131758,58.10785842911613,50.046519336956
196.95117774894933,130.26493598152467,60.11364658227175,51.330645583485165
196.76124445942148,131.3210920066918,62.27868073620998,52.582764914376526
193.83741539462162,129.57301088352352,64.3745409513047,53.41800820967856
192.4535408295521,129.52292426258705,68.59208032077782,51.303219207517635
190.14111105972873,121.29769868535816,70.56285899265725,50.18164315555456
195.34819565576174,113.982586292529,71.30012660631634,49.241783369374474
212.67730353105645,103.81670835752004,66.88338691468685,52.310973626599434
219.30538711593914,91.57059409461704,65.05722672581751,53.004061222229666
221.2131835423314,85.99165547828147,64.163159351396,52.7925079129086
226.9598308826836,79.6147066537508,61.73610593503484,54.07891631941624
229.04764129868755,72.77069351176081,60.22123930682332,55.742842299746314
229.19985877581271,65.78465944958707,59.25768885927543,56.31176081929644
231.66645840789946,63.71719498493904,59.44304227988592,55.18635334951412
234.8463140365509,59.529425416745966,58.64277497323612,54.51636693505798
237.12160980838038,57.9234101022689,58.5324538534663,53.884718612748685
237.9762478169053,58.70835053584306,58.79675926971267,53.25662212746683
240.6656639276688,56.6634629131059,58.84068228957969,53.41173169300949
246.6687148254031,52.85545304800876,57.93628890628148,54.88883588441594
248.47742906015642,52.19890157479526,57.84285988936578,55.50197371148108
249.6171049869239,53.85075794822576,58.22587251871053,55.17811316417451
252.12811028728552,53.58114926325377,58.01993867351091,55.08359851326354
254.89738687128101,53.26113666644269,57.58135250838861,55.33770777184618
256.2160901728159,55.36755426142746,57.52729751740992,54.987165825284855
258.89344692777604,59.987881395736686,57.49557299445856,53.39578447536756
259.6756796655934,62.04885978311272,57.667228219660025,52.17556777477321
262.3165604645903,65.17446377949287,56.9282327158741,51.770873053344694
262.9712757756702,71.37747253688407,56.77967860624169,50.508911858752725
259.77382905353744,78.35042618426787,55.50385481112732,49.41358382576491
266.42500659777176,79.15594075963787,55.5188749057642,48.578337379378254
267.94989973547274,78.19289679632357,55.577894763632465,47.63786127059119
267.9990582559673,77.7119808536511,55.295314329360416,46.9792889124669
267.4639282094829,83.0047206048744,54.43650681063487,48.39077672569414
267.76745325524394,86.23676191749465,54.845882924747904,48.96888322169997
265.65959511358574,92.00570441097629,55.85461635703586,50.28512421129917
265.9655446123863,94.27574157768574,55.959317121874534,51.17079631876774
265.92148492061796,99.54439084538333,56.064694058005074,51.9885268895127
265.85754795216417,107.56226149515766,56.310720672925484,51.856056311399584
265.97263562719303,117.34881275361043,56.158142009648216,51.07709174920595
264.992173085235,124.56390777465134,55.55192484541061,50.46194420285168
266.83580691364926,130.40683865289174,55.07458331696952,51.3345827362879
269.02895373196486,138.96257462304115,54.52406267151882,51.72009909249782
271.8633608250143,147.37026189158996,54.84206012329831,52.465273337748854
275.7174174235836,155.55767014823286,54.858099014325056,52.10363278881853
278.8581598515805,162.47094109002748,56.31735541123028,50.56329142860572
280.73483198705355,167.7622829402091,58.11692003768411,48.15859196591336
286.9530560373563,162.51454502087614,55.74283842267441,48.78681068635421
