596.5,36.5,251,244
600.3413607735187,41.72668198766303,254.6742578230798,237.28553191777087
592.9658868488675,48.02030657848874,255.7679733878362,234.6340832884876
594.6984512448707,51.639005032619565,256.3819452046556,232.59364158423597
595.6013598653383,65.39681457950377,255.6228375012264,233.84942294212772
595.5471529201782,57.01421681586753,254.79934349931966,235.33443563096026
596.1523232609497,62.50823671372629,252.7645861803557,236.04703555997418
599.021073718181,66.97737703236206,252.49024244286454,237.28913002188477
596.5511549122357,70.95800508318558,250.93050348615168,232.9262013185379
597.2266341858788,70.75663957189317,249.54204237437585,230.1916535458804
600.1821960983207,75.39155802728189,248.73813919921122,229.83359508511518
598.8848119064271,79.169475737922,249.41645457911503,228.96117698408642
597.1477472946458,81.0281914926242,247.6170495047346,228.21341457830445
602.9996956227382,86.56340523675502,246.8580047238549,226.44445593922495
595.5878244853717,85.75969018240731,246.2034774215616,226.42802711923994
598.1534728884471,87.5989118653066,245.5177658662651,226.44498089203694
600.9946380542852,93.64456841086081,244.57340493308737,226.24998146822588
599.1092339050824,90.87876940226269,244.29206631987188,224.60439347315406
595.105948996159,95.94533356384714,242.82728642153222,222.50715477553447
598.770379699897,97.41341867067712,241.6438169551268,222.86440559191908
598.9505893709256,98.69673148685362,241.0757902096721,220.69886819732852
600.707324125452,101.42214178914354,241.04774498078592,219.21651721249967
599.1402671146842,106.00000193271433,240.58187602540812,220.19696826630047
600.7532145342013,103.11483329461511,240.38790352676688,219.79239070561536
598.0213960359469,101.95941614829547,240.63707871983962,220.03608704163537
596.1492569910554,103.87289396839788,238.47975644875214,219.5105067905297
599.9248091418747,102.80408799136049,238.8684342897526,218.22366190981137
598.2620637633069,108.68499260135081,239.2791620731029,217.97974648102945
600.1897641183429,108.01220113998184,239.10940622806692,216.88276372421723
600.4411266532251,108.50725480881455,238.9286107323153,215.95987884020562
601.2446784096607,113.47528029579829,237.9703444877967,216.21213086001256
603.6812089198786,113.98884125576596,236.16804490954513,218.17656820712128
608.5123182775376,113.90675057721813,235.33611984962275,218.09298242871603
607.5182674763455,118.92288440686104,234.13344581914873,219.39880375868802
607.7557901333801,120.9180482846462,233.64107924070822,220.39785683960451
605.5554988088759,124.38653430582528,233.28315511481412,220.96925519672146
603.5712233320709,125.87175506308354,232.06159919968033,220.6617963844602
601.5887029222798,127.64419046693132,232.33844383701157,221.46230683668284
604.2089289280345,131.9710263210381,231.77741754190208,221.62413634154302
606.1981122781599,135.11037541082277,229.62560347112233,223.7132856046006
605.8752748867744,135.5406351559886,229.1760444558664,225.7626274404866
607.0552073233773,135.69451709448208,228.35311586577205,227.84343792530078
607.0598904100253,137.80381760379544,228.67490970138337,227.08681653428334
607.12290730619,136.2541868357597,229.2224426676867,226.48553109045065
605.6354244638669,139.09716681262321,229.52705708547177,226.56199083734617
604.59856734462,137.51499524426566,230.19422651939237,226.011952040849
608.213094858505,137.84594899222708,229.68970457267724,224.72879707454732
604.9254025271665,139.74199964517425,228.74414464001734,223.11127586585144
606.043518120146,139.98680214190867,228.0834011869457,223.66569736640878
607.4467149841462,138.19119760553286,228.96106469466298,222.91824953684716
607.67116704726,142.19435217889276,230.14346602459693,224.80663853313274
607.5228689855192,146.60933194904038,232.67562804888115,226.85775199088434
605.9551139457216,146.7250754070012,232.52719948215986,225.46753838276297
606.1690507753602,153.07264983850922,231.60923476725094,223.88048659616302
604.9637308516108,157.0517112974707,230.81459979442212,224.61231748225617
603.2695680650108,157.54063290839755,229.09939829853005,224.72035430152488
605.9439662338018,162.6080588602564,228.21103305988618,224.28913952091514
603.1386777924687,161.85456918628938,226.639000384447,223.94451631452785
608.399657520588,161.3161939010882,225.24961119493202,223.1419964505506
606.2455640203538,163.08910191315235,224.44584970525767,222.51285718614218
606.9232635251005,164.55134157399297,223.73931258083488,221.30096939335345
605.7638403802453,163.46619402423093,223.3042464216623,220.16167153061252
602.7984910648756,165.1598559116299,223.78984712912273,220.60674426307776
602.2721235615405,164.4253595447293,221.9234482341969,220.6587659094232
604.7526937194525,162.9281842269221,219.97623704701988,219.15712722237527
602.0770961458197,161.34930302908145,218.8067584424543,218.24051351179438
601.2190319709756,162.6507668794948,219.01136938663262,218.03045742923854
600.2278002804602,164.19561340736578,219.15305692022838,221.17774719591478
605.4221629561367,160.4380305017853,220.02749799648768,222.24392313891167
608.2766610119177,153.77609232086198,221.5866875004653,220.84978478365628
607.3866842112509,153.99595487626132,223.43080808725117,221.61740146305686
606.7333947263754,153.74618230009628,223.52317010944643,222.11119550291096
609.3527532076771,154.23948806691232,222.22463344850945,223.43857742325838
607.35390595384,154.57263486180256,222.54752708338077,224.5486110858659
609.5650179044903,159.8670307257841,222.6461977095156,224.19775156310297
610.0948790455649,163.84640177350153,221.78469775161847,223.13058051259003
610.8151457992922,166.43798282707507,222.09373866700037,221.54326815786905
610.8388938341227,166.70776931909455,222.279841068027,219.9818530517522
612.5066068624864,165.00172468581604,221.7077385567556,219.55743976627673
616.8064141986985,164.19377746400065,221.67465888036412,218.38508948563384
617.0852916919698,164.59718078126207,221.30786668526423,216.10092319859177
620.2830285802595,165.4812524446647,221.36603003179283,213.77379124101486
620.0721735180707,163.238883879592,220.95133189868602,212.38156713992856
619.6215727720866,162.83501152235925,221.4072037245166,211.68060647681534
619.6641556646583,162.25857988587404,220.98136595303154,211.22620213160644
620.7694717250831,164.8562211768821,220.0838005531445,210.39118289721608
622.7147001471658,162.4617103883861,220.49589021013878,209.5098768107864
621.0699269336969,163.5817765789015,220.89188719478537,208.41287592427773
622.8749320900558,163.70930110534817,219.92471083020294,207.69972330402257
625.2747096151637,164.1384852764493,218.4576033088262,206.40579947394912
623.8102994460879,165.16539064672884,217.42327219205237,205.78985363302536
627.8920559897045,166.31724964327103,216.89927212056622,205.52649227598835
628.1250062377308,167.63233990031418,217.00631698088276,204.97764039234943
627.5260710312075,174.1606214598888,216.5329469449776,204.77532818109813
628.0612815641945,176.7955352691279,216.81598178014943,204.25910402102448
626.1107345671553,181.82686007873087,217.40283269599604,204.86511361202363
625.5805684451782,183.95712864973476,217.48489321715664,205.53437793409665
629.2279424234733,185.8548443638382,217.35954452204095,205.4945834363555
629.5604829892068,187.28374599383318,218.1563974802349,205.42248240491162
630.8354474668099,186.3553763555779,218.40571602830906,205.69562700158977
630.3066246906304,187.86707279894006,218.89719994813032,204.6901388733188
629.2009124742752,189.19424205690146,218.2150265395779,203.6809703307694
629.596764535808,190.9554280697597,217.20314285871189,202.4503980887596
627.5544496777304,193.17401133224655,217.48023025080096,202.6079986574443
629.4633831679449,195.98161035199183,215.97735879763945,202.06979646756315
625.8338813477004,196.61016969088683,215.11195562355326,201.68571345909996
627.3347440288985,197.43691770534997,213.44414871342008,202.3425220718973
625.2378222350014,197.5132132025107,212.47211734317585,202.5138810404302
627.1082981627729,197.46387918680577,210.43080492721555,202.93578270607355
629.2561254146012,198.7528578156023,209.0802390485133,202.2004490399035
629.0042599517043,200.74741460982744,208.62041213491358,202.36689975961974
630.065990105416,200.36039665553028,209.45099354692678,202.49801296876262
627.7042826061758,200.9895633493619,209.10622893801582,202.53177953379713
626.6314006868914,204.1951909777925,209.28194136877045,201.52506195470087
629.4484479297229,205.1317984988214,208.35783833818581,200.34495570971637
626.9851870197339,207.75315572909534,207.94892142983113,201.5129177285081
630.0449499377244,205.6154096683777,207.182629884927,203.0025364368574
632.8720130136115,205.41021976142946,205.5048147015516,204.1385943370348
632.6390151989644,209.78520721542353,203.75489608142564,203.28725767749023
632.0573100349085,212.25014979515765,203.31406408470852,201.92914652391184
635.2832478344179,209.73986676723206,202.7778030906395,199.92400533489
634.2598757336553,212.05480813813,202.5523278726853,197.79259075372337
635.2935612065841,217.31477776030977,201.8793981738143,196.37091238888044
636.4962102595052,217.2789159073513,202.7336341885317,194.01734908651187
636.3444319811211,219.86780891679155,203.5136915842948,191.14795463867634
635.5500751932038,220.61099143129331,204.8115703160169,189.76178387760135
635.8283655365414,221.8125884424351,204.7455627375382,189.8763665829942
634.487516576485,222.37704887456056,203.6052105630464,190.0289998216409
634.1544339051843,222.78379099525964,203.009964000359,190.43239029890884
636.2484588666101,225.79834203661215,203.08604991506243,190.27783617457783
637.9451328472853,225.62037006292152,202.95033468610342,189.92642962948167
637.2094289978565,224.22301344910818,202.99496502213748,189.82436403516317
638.3738338350847,226.2388067835651,200.69920544520613,190.0471823879168
642.3921073723595,226.0825119903821,198.74421421400996,189.5287125780159
642.1633896490177,229.38371974540996,197.32402932129975,188.06774794991813
642.9476165559895,229.9645442899243,197.02801009960336,187.30761616268734
641.4868176456343,234.28665135492622,196.0803967234142,186.09817833883582
641.6089416735247,237.44708584501132,194.99021910458802,185.01609176451893
642.0260573831437,238.0938709839586,193.87583691420906,184.1669771102511
642.4167339548162,241.38521827298533,193.47024593545663,183.07051528976598
642.9102982942302,241.7671274427803,192.6815686564318,182.31728983921678
647.19553920182,244.21238011890028,191.35071658673564,181.07662412664044
646.4019558670018,247.8354013985337,191.9720880970322,181.45872201689758
646.6095458374879,251.3003103385997,191.84148841657526,180.8279759255534
640.4390690938005,248.48723267915366,193.48090572536114,182.93756687524382
638.5400934745711,249.82908068163783,194.87434050530848,183.05446424643512
638.9309937915409,247.0946670546706,195.36694499317224,183.66083279446752
642.6428162570124,248.86638315927598,194.0971563396949,182.99397414787882
645.6731470693343,249.31543356294628,192.47772262795417,182.1869825418503
642.4294415575432,248.45521505647164,192.21406458262763,181.37616836270666
640.0111791532347,246.11389653279707,192.2842200484406,181.7138180176303
639.1308690883398,245.12676985985374,191.74638780091126,182.4784576826774
638.3480984737892,244.86369628266033,191.8962774701826,182.63919444954823
640.8646613449594,244.87984958401705,191.63345116250412,182.23633825743923
643.4750329414944,249.54214135691134,191.79787127662394,182.10575877048853
648.3870663569847,250.32193039803744,191.66915223159302,182.25569435248195
648.8853388596422,252.95771732106027,191.02063073029692,180.85573162475296
644.1631718667516,253.1276501798804,190.95201381886136,180.93204329911862
634.6520620253144,251.81593616809084,191.9159830744896,181.87404801623256
636.4897073010985,255.48875920515357,193.5633343724391,182.1833401630849
630.2052111261837,253.15547485904196,194.77533304703687,181.97336962496144
632.2461594992662,252.54402408540787,194.1030670763235,181.34896694726166
628.9956748138657,255.08017723422702,195.9660698142816,181.95760747655817
625.4891722607638,255.93260903267864,199.35290452368048,182.86211077342324
624.6023393621944,260.79417319097604,199.57154057094903,182.48468558182847
623.1715043710216,257.13462486952807,199.47243088639405,185.88733077056182
622.9340732601395,260.0900027456587,199.66113302653318,186.7799683822532
622.1316012206323,259.8168135603709,198.74660689070373,186.12347912568487
620.5635207829423,259.8376650275102,198.339495270814,185.57711129348758
619.5722174517019,260.10131061062,198.86890290432603,185.31476599194542
622.0450520692618,260.26675055904684,197.9408103636948,185.4200656435937
621.7661891536686,259.04611682094435,197.01420887859703,183.74085544340707
621.3438527161567,263.48250124259744,197.59598438137513,184.91983487585782
619.9191263950077,264.63607437737704,198.384939978156,187.31589228442962
623.4227385543976,266.36465636501134,197.21249539875606,188.98743762541477
622.6177497667406,264.60854768935275,197.2407851660331,189.40365478218234
620.5317660713416,268.3784398965953,197.7769393205947,191.31493924587113
624.4512016818637,269.6926290810869,196.9095770793478,191.45592523388248
628.9912414048434,271.1283511933939,197.5917437652854,190.80905819776038
626.579998180697,272.77062182310436,197.7021702389079,189.97263085664383
627.6440770676177,274.31140794204384,197.98689979989015,191.06635158751493
627.970344010525,274.87397654564217,198.16078419467712,191.48779135709432
631.4293077200828,276.4155969260785,196.97832945469975,190.9720459422911
629.4261400701494,277.6173738124012,197.75139387100623,190.84747314002837
627.0607086354883,279.6107839976421,196.17864021658585,190.02874502037042
630.9565831411381,280.0153581269378,195.6785829853764,189.73705859811707
629.2848388154971,280.41776227451896,195.725398577195,190.34484593264685
630.854394290429,277.0190279076774,196.40485824119224,190.14945673328555
629.5444906150257,278.8247066343781,196.8011400678595,191.8460020928419
632.9393275045472,279.7855897337853,196.2184112312907,191.50335986787405
630.5136523153238,278.6626584485085,194.91563782662598,190.79666964301734
632.8186635490413,277.54217038407035,195.49952881896897,190.41953535357408
632.193450814165,278.6837889631331,197.4997566993241,191.6299917856127
631.9849847814448,278.13310995341266,199.2969962007537,191.53757045572652
630.4326457943698,278.6818670254875,199.59189619982135,192.4472491616897
630.369940364288,278.1710981499009,200.5238918950375,192.48774917692393
628.6274666304224,274.6108135681704,199.86522936215837,193.43512393196815
630.1397598496357,274.7156182900567,199.54722928466327,196.94884284017013
630.1061691543073,273.3293890427748,199.30474350527228,196.5599258121204
627.8997487123048,272.5140085887489,198.42117621285502,197.3410399730599
630.2622710282163,271.19606905843773,198.19951950904093,196.34196505800475
627.7838253750532,274.60872835181283,198.10722506249854,195.24817236923428
628.7551962198555,276.0743471038071,198.3302503273159,194.19162301374422
626.8017143464511,278.1427050783761,196.96653936861938,192.92385528581292
628.7516055739745,282.0049725735054,195.8173505758345,191.2992200643836
629.5875159557721,282.4357124510882,195.0924527105319,190.39373104838475
630.0477123998019,280.94993813764626,195.66750602761167,189.1074132926698
630.9282477391048,280.5375443819006,196.50112328769595,188.63571442644502
630.455233695809,283.8703995120868,198.41385544485541,187.90562352032066
631.3213470232296,285.25868562863417,200.51935919772927,187.89521415954042
629.2138040912351,287.19409190501915,201.27514430526358,187.331688822957
627.9191787154122,290.0187743361383,201.02115431899466,186.72917321151218
625.8072507612819,291.2909160031727,200.17674240498957,186.70206936657905
624.1511661002313,297.3025169454522,199.84496198000505,186.3521586883799
625.2995686046811,300.05963923677723,199.33118724263556,185.6537104810045
624.6434849407519,299.06359041015,198.61584058962842,185.4779805280578
625.3795806503655,298.69750689013017,198.55221636057178,184.4254376376776
624.369616114732,299.2460021272616,199.05048808415953,182.68449556858508
626.0658884186188,297.9458613231508,200.45558952207082,181.21996642393805
623.9629334303313,300.10052995283064,199.75413513020698,181.38340271651933
623.6974969283481,304.9300027195952,199.20759552888796,179.49011651526558
624.7825422084615,308.34092254926634,199.62493043901327,179.86326319930703
624.8519413963916,306.2555086640468,200.7895664351012,180.52075049657117
622.5631986963338,306.8120905648414,199.41388058201255,180.221253515508
625.4110714788078,309.86091624971203,197.66858806004853,180.0449063716884
626.6772930222446,310.03331704892537,196.2194826377791,179.84839330635333
625.724732264588,307.968960440856,194.00392239039672,179.79029269116268
627.7872556813858,309.24037660651464,193.79548842034205,178.77004622868083
627.0165828005765,307.28517473192903,193.64937364023524,178.84923674199695
628.4653174751903,308.5872370033978,192.99844149956502,178.8836488907251
625.7555841872808,307.06043581060857,192.52430713467976,178.97559279852032
627.3304981263835,308.48131598312676,193.37161274989768,178.27813005327639
625.9470002942383,310.0560680841354,193.22355433131773,178.1828386598682
627.9388494336112,309.1763499313123,193.93199377077252,179.34488705562512
627.9467014863642,308.4371955384253,194.32640630798002,180.84465295472467
627.5552451900116,309.1286884721086,193.21817963181002,181.28365125922554
626.7369003980191,309.84614163774796,192.1532426765648,180.36938756615325
630.3090324515704,309.18415683974274,191.72590085263477,180.21555750815668
627.8927313438288,308.4551030550603,192.38699237170675,180.83190426333167
627.8425271915202,307.2291463704616,192.61942339987968,181.31941769871412
629.2269474399316,307.73435860463394,193.00121456924046,181.26623405030045
628.4788420017088,306.12449005358104,193.5561173645358,181.832060753923
627.3198909452782,304.8698865195423,193.50166592362513,182.66154527446923
627.3466896182177,303.1042511669044,193.26282754907947,181.7461483085415
628.5095127125494,304.84162546741607,192.72864616601927,181.70682761164727
629.1379085265233,304.01687487276445,193.7727340165259,181.13503725889717
626.9962077116322,305.4985558643532,194.23567580362626,180.8665612448817
627.424852799683,308.4111387948946,194.11907591845267,179.5117952403663
627.0399163730426,307.2223849854744,193.70971986987033,180.4397091959911
627.1338678465457,309.45377241655876,193.93585671349433,180.3615888557644
628.2588575493489,306.30567133244404,193.5171493139228,180.7484492118602
629.3200492249837,305.6394105345753,194.7599455013801,180.93802551798586
628.904947695831,306.36796581974056,195.10826366293043,182.191682693627
628.5170376600065,305.9215799095713,195.70883235497018,183.62025908368673
628.1194610172392,305.96872270651573,195.81961703012263,185.77720969013046
629.3956332462792,305.36545811650757,196.10982499551983,186.60831046176247
629.4107310757294,303.7818565155703,196.0320021930577,188.00453831230337
630.4590010591307,302.880662884452,194.77153413472882,189.07880846619497
629.3232933239149,305.6157407933929,194.48398773687455,188.2675414651467
626.7513176264451,305.00130688308684,193.7423728972254,189.2150679416407
628.2667336001828,305.85791647286214,194.05664159100073,189.1895632196019
627.628693754104,306.6074635984004,193.74369948120957,189.92307752527296
629.1422770375337,304.151560317384,194.1471299812294,189.60192433999129
627.7082642115448,304.3216679998528,194.5181241829357,190.27582156679702
627.9973189713535,305.8552442792654,195.28087467251171,191.27237206812208
627.998578171089,304.6971299988868,196.09719117389687,190.8746340208317
627.3243952565208,307.7888606160572,195.24831450463546,191.06205100609543
627.6768564269591,306.31841603787126,194.90628386760267,190.96007536296779
628.8749633624963,306.5227027797459,193.34033981006618,189.23980570745798
629.0060260622931,307.7425386090369,191.34403920524156,188.72528360885062
628.5755208320757,307.51423459280056,190.31115010570198,187.02629013985853
630.9851543150869,307.7928869703491,190.56306300647014,186.78298795825148
631.1285165459856,306.8500668404033,190.50126699823738,186.76169967886705
628.7091311063836,306.70824680839814,190.34284024942036,187.1574576517723
627.2385649824647,307.8009582494118,190.90900516060333,188.08682115623495
630.2316683759343,308.253453981953,190.86706564661338,187.87743055842392
631.0270818921167,308.8271409653381,191.18482618920729,187.50488693299275
631.0946850164868,308.8355823410237,192.0419994866326,185.42002985262684
629.0471327407566,309.9180365878443,191.43588495621424,185.68641937648755
628.6776325168354,310.58607491011526,191.18919558519767,184.22813633459097
629.0683439713017,311.415610641851,191.1950894158242,183.706964150714
628.8610842182106,311.5550488721534,190.6457424497621,183.331865304345
628.0389432920781,311.7750392255764,191.14448990585572,183.6889015161583
630.4690982930149,309.6750891347772,190.93512795162005,184.13675535109223
631.0081675971263,310.0839647631652,190.69252516769592,184.9367833492295
630.0039568701093,308.14232450995826,191.54271548254704,184.12268760442265
629.6023474513942,307.42770161775536,193.2336758260769,184.74877367508336
628.4686418831528,308.19140854567695,193.5896903399019,185.37091001874893
629.5066087281873,307.4955166901118,194.40668095860966,185.90362509775338
627.7614658290566,309.4781230048851,194.4174125805405,185.04997972704155
629.8173493198643,308.6821435775942,194.0779796977411,185.2329520131724
630.1705980785013,308.8778127300924,194.1794034708649,186.54836827341495
628.5496194883287,308.3894010511935,194.0776328241378,186.80185654391346
627.7202545765276,308.33616244603365,193.810360741345,187.6128366348064
629.0482654469068,307.5790072736139,193.86081163585575,188.06299950726427
630.1032405171519,307.61804614981247,193.61590167843283,187.62215444591675
629.0669576120462,308.9920133460247,193.22499106919548,186.41778723412585
629.3732099836714,310.4280938804881,193.91121169253745,184.52050864868133
628.9631629659688,309.0950624713248,193.525513777717,183.2151533246893
629.5067036612279,309.19177485211395,193.00300305255814,183.32541020492806
628.9015076284435,311.5340700950942,192.3636368507244,183.1104232574808
629.1722666910987,311.15399762666743,190.47323259317363,182.63921038145287
630.7520316950937,311.6002039758894,190.2895424384703,183.23699641443125
629.7374379293713,308.96149632580807,190.9726309508646,182.59278037838186
629.7479686953014,309.36789472216645,192.48055050859628,183.29241771061163
629.3724063229604,308.3848561565631,193.4531154195132,183.2064697620912
627.359631561799,308.46310014470737,194.86046368603763,184.05204839804622
626.8295303650691,307.0550361225597,195.54723791358487,184.72668574448087
626.814688434418,307.44886991154556,196.65340943529517,183.99851483001999
626.7301404320161,307.4968693016609,197.34092822252006,184.10545730357055
626.5914494451958,306.4766462155844,197.91195125675137,184.00657523437528
626.0765873082943,306.4508841524098,197.77878330814997,184.23962387587648
627.1665782887861,306.0757931553916,198.33947536602605,184.07531451449375
626.095738442307,306.30803021240695,198.91469075406025,184.3267840945777
626.3867668782669,307.70144002706786,198.48805044529368,184.81653311645528
627.136860351811,307.50344082774996,198.52469225453808,182.98398584935015
626.8909601371367,309.2841847347055,198.85419424295333,183.81168870926712
626.2341856335397,306.363594201174,199.23511861206688,183.36026294573318
626.4752709994893,307.6468950553503,199.02391420139753,184.34698426785243
626.4182017909995,307.7067731582543,198.99461509870747,184.27166018430475
625.1034892799853,307.05297861065355,197.93893527378165,185.22537444711446
626.3538375611723,306.4323367041605,197.7119036627321,185.66968926357586
625.5035120734111,306.9819603183239,197.37247933613057,185.80311246161776
625.2284126036656,308.15329150254036,196.1565509276754,187.28027693453922
626.8871856636652,304.3743962035511,196.86418657800095,188.2351331720136
627.0419000804906,307.4181374702062,197.06803330806696,189.60870973217868
625.680760700689,304.5508274077117,196.7015817324346,189.84149927931736
626.2462372873043,306.13137742790025,195.30310774406993,189.62128597485645
629.0014320375949,304.4819967628232,195.17681105125843,189.5283365468012
627.4576452080352,307.1261223887817,195.0939981575673,189.45182817284447
627.9770806491362,307.27565761234166,195.67353977002477,188.7952203965276
628.2597079845087,306.7442692222995,196.6119214594481,188.51171540972038
628.710987675526,307.40283571911334,197.45972518890957,188.25245292333307
629.1552497368286,307.0729158483713,198.35726938657848,188.17221987800917
626.539702375263,304.8122220809267,198.33928869695944,188.73992403658607
627.0049415285189,304.2902172379215,197.75302351853776,189.4416279729416
627.1487145821817,304.8506350171108,197.23533478802597,189.57230291547097
626.5884859666487,305.2444782863607,197.33423766823893,189.0293638964644
627.0780373528362,305.7642276003689,197.04872202021164,188.903884137848
627.4007820297653,304.21664991711543,197.58744666228694,189.54910573703611
627.5361724840945,305.1441041655477,198.20273171355905,188.66166049510028
626.1548476081773,305.6855268409116,197.77047809167527,188.73207322962318
626.9160709707813,304.35463466501307,197.32088612377612,188.15939222077887
628.5108442452412,305.48696493881107,196.39065649609057,188.52613225835745
627.5115027756464,304.15984876898904,196.59245215672337,188.13804625388525
629.2481994185789,305.67100632454617,197.22359158951656,187.59757103801937
626.9594360329737,306.01181919520474,196.63481329557212,188.40162289660918
629.0539223463818,303.73114605311525,196.1051431418241,189.51765143557944
626.8917053502387,305.1341403201297,195.8397858361977,191.50089181771875
629.2629868202698,302.2377716578204,195.73107347062876,190.82658764987508
626.3024685653028,302.9183633585059,195.4027374982632,192.39680025604196
628.968855852459,302.68927816041383,196.1130475453802,192.31162484324327
627.7146921867571,306.66433316433563,196.69818940906384,191.5113442230645
628.4172193013662,304.3737747805866,197.36419536050977,191.58022868694323
627.8742658547606,305.73573908067203,196.39419810371197,191.3016624162554
627.7902417263713,304.9545689015855,194.72591594667205,190.02083833045862
626.2358597026442,307.50770814758584,194.04702201797562,188.5598182651243
628.5134069811628,306.87770587838463,193.35296972206223,189.09999896624646
629.2433317653855,307.20706570971197,194.74192939586533,189.28146834329885
626.072862806184,305.9343408938852,195.18860452358825,190.21657559156782
626.6215128187646,305.48624732599086,194.35764332365312,191.79625258646055
626.0005659115471,305.00473601706494,195.06322753821158,192.65221632904962
626.7012989393694,305.0573286253234,195.65494414171627,193.61923355660932
626.8762065749186,304.2640311620378,196.44255250514698,193.84833532102542
626.8233740324205,304.25103300058106,196.28236987738794,193.25794374024846
626.587638482719,304.52010751786327,197.4175782738492,192.7691332774113
629.3274952147954,304.46999262548206,197.82624342984403,190.33172606685827
628.347372530988,306.36626294327004,198.27411773422642,187.13793798951363
626.9902340849233,307.92592545280405,198.46131838200156,185.2197768584232
626.4582680447552,307.72500960084784,198.02622595195407,183.2214015196415
627.1435145662972,307.95752667456816,196.9251163989557,182.6101464646319
627.6702349884144,307.7738099890248,196.4484756030724,182.0065070427118
626.3026570906006,306.39270794699047,196.20699689628927,181.73765400741095
625.7218049564934,308.302030733334,197.08521220542957,182.04310482830908
624.9703308537933,308.91388153088104,198.06669063896794,181.05131742565308
623.2526749075809,311.2521437534313,197.59978490482095,181.2829980129012
625.2366398251204,311.66367960288414,196.42657762680975,181.12864328110135
625.7051391411212,311.228951277996,195.6656831529713,180.26269365131384
626.2510502096396,309.77808046661966,195.56887896170093,181.40362024969056
624.751663199599,310.83596987034656,195.99965886404533,180.12401670516473
625.4502726057094,310.6282688758839,196.2113596723383,180.09272417099402
625.403867153421,311.0154214727179,196.0107700508686,179.54910278088443
625.5953488840565,313.3997477921617,196.10439805745472,179.19988850411832
626.9217505184856,311.5548829971287,195.31806977467292,178.24638574860333
625.4974330870529,312.6564270808757,195.25687978936344,178.80571775856907
627.4758191837755,310.6947478540101,194.5272325253463,180.0859437641038
627.9227987156422,312.08909835121574,194.69776807144564,179.01009489009203
626.0750848445686,310.92423485879556,195.11438531249433,178.54023963196664
628.3986989490336,310.9781703042246,197.06244681074804,178.1797090328471
629.3707436558872,309.37157657415514,198.34143374057732,178.58199151328017
625.4700760630112,308.5166896931454,198.24829155892814,177.85049659281987
624.591186830539,309.3177956521007,198.3824085057757,177.2290807140136
624.405300462596,308.99592666781916,197.01963720288916,177.45212188759004
624.6455122173846,306.82380830602074,195.97110203521535,176.99041559894926
622.3083296615345,306.3426135657236,196.0008491125529,177.65571252259014
624.4681871412708,307.7060087759871,195.60905568666485,177.65254776200584
623.6074288959061,306.28114089390095,195.1193573965868,177.92615838121958
625.1077941895328,306.27302746858925,194.04312691709862,178.15296167670732
626.3027158374268,307.2040144387371,193.32878842496808,177.94725645227007
629.4142262053014,308.9371339582418,194.4625458340554,177.10876447212894
627.9605537543162,311.6056735978936,196.23492150155934,177.14971263194286
627.5632858023678,310.6413100447153,196.90690720105965,178.42292168333728
625.4439810656728,310.88392052812134,196.76429061167514,180.356377092868
625.8447907267421,311.50431083045135,195.8441036961407,181.56484551736747
627.1789272137976,311.5463772655975,195.92779243009863,183.26158236944153
627.6258239373389,313.1677767101679,196.00777866136076,183.27142468131998
626.5323804772884,314.50539701319695,195.76170626330082,182.67321354189096
627.4613988803208,312.3230959035369,195.95710549811437,182.2598216053272
627.7391553859156,313.5802178303759,196.33331804854333,181.26037877703988
628.5866639325438,313.51956115885014,196.30888587235535,179.61156756545734
626.1969971697968,314.7229523512296,196.16458725292148,177.9276331788407
628.5185731443114,314.2621010776128,196.25244335671815,177.59900897341166
628.2593144129722,313.25127402838666,195.80133069721177,176.85030593990592
628.034393963261,315.60877378998225,195.19451988517028,176.68133360024746
629.1529431488867,315.18038572733116,194.96380016458428,177.1281267164496
627.3754330242745,313.6644383186592,194.6976639120387,177.7802705667678
628.3506413067458,315.43890715741077,195.469474205235,178.3413492352425
627.727137349276,314.2833378456199,196.15328051390105,178.05681668191383
628.0693591778106,315.9896974314811,196.08530886267582,178.9109146030869
629.4260978311482,315.95945222175345,195.8377751309061,178.5510624877617
629.6068659723309,315.3739827600339,196.09188324389217,178.39279315638655
629.1699404471971,313.78475548489973,196.23324911902714,177.8453718521627
629.4178359274039,315.4685243593765,195.5394974689496,178.06032430897403
628.7989910995931,314.764686321411,195.5460175431578,178.52063432607855
629.3489480722604,317.41336776058387,195.99208083266353,178.0138240638522
630.8280676890815,316.5129173038498,196.24461149076018,179.90331798345443
630.790646749154,314.33738015872234,196.2870426968181,181.79736173896504
626.9874285103082,311.1393260680938,196.8813622654828,182.90336410052
630.1114078938891,308.7577626775677,199.03368826547177,182.0439513613085
627.4141147641134,300.6614083277165,198.48527087054327,180.36447912229013
627.5637357168075,291.62697749769956,197.72501114789623,176.75466608444813
632.2225633801738,283.08996245338227,197.99295667412983,172.07817546690592
633.0930701408256,274.38142710554314,198.19759873716163,166.96440433519166
638.1615710696365,264.9749546521722,195.8887066207508,164.88678527708973
643.8233188592202,257.38805658611955,195.07714246095597,162.17975827381912
646.2847475939705,253.28495172639214,193.65164140625032,161.58251073314202
646.0406950455243,243.8949512248092,194.13129435403457,162.06824408188896
642.511210778267,239.25305222443555,196.13226375448542,163.11538684734575
643.9834509052113,237.2714393709122,195.73819019500908,163.174665439448
644.7735877291155,230.1761181040987,195.61684584750878,164.21997945134646
644.4680157337218,230.2580725523647,194.65569238441597,164.47778691705238
645.4284612334551,227.30199898323212,195.31840500547864,164.21307992171162
641.3828205468922,226.3809173668187,194.9382355729403,164.61735846616108
641.5595054108969,219.50925623192796,195.4094766742843,166.45959392869153
641.8163121379039,213.9980670136482,195.57641129213164,168.8816677616744
642.6811440460449,204.75385998942227,196.16643245814925,171.1915864030218
643.3896092519369,195.81249922604994,198.95437083985286,173.1020789258602
642.1059793425707,192.10233387187725,201.53038997929886,172.7725235982864
644.3165637152855,182.06851730255542,202.4912593503242,171.01168650682752
647.400985690038,173.1385537360565,203.79129462368908,169.79966844939568
646.3099314593173,169.44364906379437,202.8534845003069,165.98263823245753
651.6702776009945,159.44067643966866,201.73829720657656,162.91670314013277
655.2319823634605,145.87802327314813,201.44543263022263,161.2639085057666
657.8992986064969,138.385348847485,199.5767356128234,158.51305702445126
661.539411933178,131.8916099304105,197.33926933162294,156.65312847127115
660.3979892621262,121.35232373685307,195.92719914066072,155.04111476829814
663.9745619690416,118.16706877302303,194.52471462313136,153.3439443370715
669.9783665083926,110.22876875961336,194.00236078582327,151.92050697985763
671.6783082048182,105.98967788345759,193.13617499810528,151.1361278877478
675.2127110455858,100.72367560696053,193.11624893998297,149.9153944417795
677.490656365247,96.59646513577874,194.19916273639075,149.32876618980714
681.5275167579066,91.28865666694736,196.71605913094209,149.755789263029
683.335204440576,90.79932873855394,197.09905107517352,149.1467087516365
682.4330955618984,86.96393270499708,195.9227936452271,149.88971971370873
686.0282246894008,85.4130252081545,194.94828560766015,150.03445148214365
688.5225529186157,85.70486180209994,196.16379317739796,148.74603401486814
688.2099794557665,86.1349910663432,197.12368488435203,147.4850782550889
688.0116211735844,86.71147277717361,198.27360865544233,147.09075196368855
686.1930360185704,86.02318842171852,198.8144747872325,146.9142010151749
689.1310681788555,87.69548424115573,199.14854401921355,146.00283476959578
688.1352860193131,90.59807816022273,199.8259920987508,145.13026554947325
683.7241839134323,91.08415505672056,198.493880362026,144.78079641405128
687.7182595777754,92.85402524963806,197.66575939832995,144.1319580706052
685.6232726741846,93.7902579522742,197.11566810770273,144.1473512945596
687.5671104751538,95.31256857307758,196.89385435078097,143.70384098816402
685.2120020967814,98.00688269507214,195.87292143406387,142.87300826877208
687.2010175916301,102.59143926963941,194.38452924975556,141.56733706375985
684.945475150409,105.8692793383498,192.77877853802062,140.08100192374508
684.70316640844,108.298597532792,192.58098846399434,139.13977996166426
684.5377768877318,111.06097131582794,191.43957545638443,138.5422327129752
681.895105343244,111.40025632473348,189.92808741437818,138.8293913953251
683.5586648269314,114.04490857135424,189.66984876659905,138.6425491938011
682.8186385504042,115.46400004771695,189.26064639201803,138.84896076736658
681.990165930133,116.1718144796946,188.8019667279279,139.0002089108957
681.2486242554454,115.99037185881411,188.83737544523063,139.26217890694488
681.781949993065,115.80030995276417,188.9133273673608,139.38833385436544
681.6827417743336,118.99224093684941,189.4607692331187,139.19385539296985
678.312292389294,119.69486798338093,190.27588293850062,140.01078381219014
678.0780449141499,124.00883634039624,190.170516349425,139.69638183479282
674.046099979837,127.15022409437093,190.15841172647382,140.15586249139423
675.3142855857839,129.20919022921885,191.61400533162714,140.39495346083416
672.5456619460217,132.12515695740012,191.39537845419946,141.33337379856945
671.714140615343,131.91456357405704,191.31834028212182,142.0727006249652
669.5311857403474,133.53991143169645,190.55933490912724,142.3806885434907
669.2267903703254,135.20389672773655,190.6853845912985,142.32749250280207
666.7130390435382,137.2524324494131,190.03417153900128,142.5164370468452
666.7714619598075,140.25685271835545,190.19309088705043,142.0970845384405
667.4707814002417,139.755404695894,191.302625471911,142.30238937395183
664.7513096513914,139.49238458995063,190.65252439868874,141.89583135261555
662.3115146389272,140.53977680977238,189.36275378595215,141.82283884793912
