1001.5,545.5,107,52
1000.5502567260133,544.6406228397813,107.09375399973652,52.66464286580158
999.4844835943211,544.9353320372825,107.25990576620316,53.03722048968564
999.1296769965343,544.9997635643425,107.26887953506875,53.045757004719384
999.4372221122627,544.215721779471,107.2663309791795,53.324281329352985
999.2350403583584,544.5824666227791,107.24782712925698,53.39260196692874
999.8924107821075,544.6752455213423,107.00406003568811,53.34813095678773
1000.2901750560891,545.41736914427,106.84182982518445,53.35115621192434
999.6168568873095,545.947641437767,106.9660519076014,53.7056300642232
999.1172355376865,546.5091046800785,107.06297916905382,54.07982217186228
999.2197085137545,544.5755102988443,107.3269113669038,54.16826122996987
999.9076047854854,545.4605885826303,107.25078153267837,54.112536782720966
999.6859926956815,545.9259249082996,107.12116436602213,54.26108776419481
999.2789476411479,545.3823720301951,107.25208969971811,54.48780202279176
1000.0737111536241,546.1525887651394,107.11137825894824,54.37700026295579
999.7848629852988,546.5166074997511,107.24473225059964,54.51988303461154
998.7797308416687,547.3986499981588,107.42070412605574,54.66410857036579
998.3888358127288,547.1892383217423,107.61589334384368,54.68116368584644
997.8485854318711,548.327930143539,107.8287805515582,54.82475048216408
997.6073116672482,548.4942364068535,107.95267751565669,54.86294762979803
996.3192920731465,549.1088505756298,107.90493669172933,54.86595222052152
996.9599413597076,548.2739558759538,107.9362771166387,54.82187359790848
997.0491716165816,548.5508794226085,108.14336266130704,54.90919980772627
997.3097830992258,547.8196990753493,108.36393994464154,54.818416285707386
998.599291828486,547.4555184031161,108.0663749034948,54.718736613118054
997.897164610964,547.5950038591578,108.24374187401565,54.97192264530969
997.6999902645364,545.9759547799567,108.33362145828903,54.635429405472635
996.9549752883067,544.8265615568861,108.44476995628074,54.46736843187532
996.9131719714406,545.491537438015,108.3654228258127,54.47373921562259
996.4257857635712,546.2722879778466,108.36828285751841,54.519291773464
996.9272143620306,544.4289851891774,108.52845580815216,54.18146421481609
996.7984207651996,545.2230691007532,108.32775814692525,54.09813390463455
998.130274300146,544.218845299022,108.03785850729972,53.68945890563407
997.3638815162318,543.8008398314478,108.07309227630743,53.70203757407032
997.4020988764821,543.8511674136123,107.9355147684695,53.769104530622414
996.9251020728332,544.9030712909091,107.71747423136583,53.91840909216028
996.1095533954535,543.9113972737329,108.03200488042145,54.07200158185046
995.5247648886116,541.515715723219,108.35503673428869,54.011826501573076
994.36244958748,543.185705716166,108.01448498448569,54.23068655207135
993.9972304915121,542.4179543416748,108.16919291223468,54.13082214597867
993.9373306109476,543.7623959068205,107.71722707172871,54.242972035706714
994.3678800386108,544.1164058753852,107.52849763693085,54.17184835120953
994.2363778362032,542.1310334583172,107.61188868992384,53.97898749534314
993.1362524284127,543.3036018534967,107.2370800915952,54.19336332018797
994.3297800077848,543.0743822326313,106.89733552359492,54.22790887180955
994.5675904957296,544.3218977901421,106.6388073448654,54.28681709928681
994.4787192684205,544.5224235546158,106.68921322290282,54.32424672239698
994.8158053124935,543.4584826288404,106.88152351180915,54.30467240481935
995.5797619787838,542.3982465714041,107.01000907163096,54.26847609508559
995.7274925711174,542.6709790904926,106.77367220770932,54.294971684941316
995.8797788145266,544.1343375123378,106.43563962164077,54.22667497484167
995.8131877306394,542.3824586270802,107.02013382473757,54.20225262298135
995.7681899330428,543.981977860489,106.77073675788228,54.35054854108199
995.8230911001707,543.7390012462479,106.89854112786163,54.48716237380266
995.2603512264159,544.4802879238938,106.76980813828773,54.629857477830875
995.7616555915398,543.9109215653884,107.0261067261552,54.708770496507796
995.6574130494707,543.9988886512873,107.30743165899048,54.82785243465365
996.2274171353084,544.6358939648851,107.07275724471552,54.86497757634828
995.7557342437595,543.8501612337835,107.27827027560457,54.8472938018724
996.250454480367,544.050898397464,107.2098257530885,54.82650462513463
996.3765125057846,544.1060395878985,107.26047072052953,54.86017173803164
996.5337611332926,543.4862627156947,107.22389591700968,54.705491421197976
996.225210156854,545.2190842399647,107.28042453042465,54.80610370369763
995.4392666220252,545.9134078663524,107.41236864411152,54.93153995559899
995.1829112828041,545.9420240540471,107.61549330422974,54.84110493204664
995.8872203272454,546.1036916018361,107.57974482613363,54.776909612698546
995.8119586362108,547.4687258743444,107.71174708370587,54.732252044091894
995.9681679330479,547.7125882475078,107.66221501423217,54.5643608148396
995.9435031032746,546.5864866992254,107.70333143964476,54.37405616756912
995.5668375243134,546.5330755947489,107.70476484528194,54.50001265772519
995.7913347473675,546.4124071890483,107.6104384799805,54.33542955964904
994.7443774326172,545.8508291329983,107.54814197170958,54.379859141674004
994.2554454211245,546.578507307611,107.37135018052419,54.34697932252387
995.099952320027,547.3958147155855,107.39155583843798,54.39050061688045
995.4993458533437,545.7562133451869,107.67746351496113,54.18242847249999
995.6661702374922,546.3392299304627,107.28060460947562,54.314868302474856
995.6500297491197,546.4779621649042,107.25400736932828,54.26545840176341
996.025950223517,546.6532903163519,107.25812718303436,54.247417384979855
996.2681761339466,545.3796125986013,107.44459919125381,54.41033931256173
997.2285992634926,542.23313345189,107.90944791278314,54.26951836632968
997.8741704939936,542.048511338671,107.90056515446376,54.35965555856146
997.8314790685424,541.5054651058537,107.78151176278556,54.43468599817217
998.044587023805,542.0947048535512,107.56724813623893,54.298839917045626
998.1818943379292,543.0607521561678,107.35353210627406,54.275931913451245
998.3083444298538,543.4712134385095,107.20378089690291,54.313500173467105
998.6016015820271,543.9070833384077,107.07994627671869,54.280284596044744
997.5846911388164,542.4465154862387,107.30296923337616,54.1471862725203
997.021228564095,544.3634888169706,107.10333984599947,54.0989222892789
996.4071688549175,543.3091994399348,107.39262525280002,53.84736501124623
996.530632160894,543.6045728342641,107.34329237451519,53.67179953157232
996.0296822711767,545.2311670404345,107.13171442319864,53.752594302138675
994.7791579535193,543.9674941846137,107.09025231060401,53.61367929448112
994.7271315143257,544.7370753615772,106.92826393995435,53.54525487466647
994.7106836815285,544.7960669769717,106.81405349449918,53.564549947381394
994.621529766438,544.8725005271046,106.72919293011444,53.57295807001315
996.2409395658455,543.1905666460842,107.13698740600678,53.31166442267584
996.8981088203064,544.4754006855784,106.78759296170179,53.3399384575638
996.7865321212458,543.987818665154,106.87586492299832,53.17826096284447
996.3373196867141,543.6716580163958,107.11547494459248,53.26152656482718
996.3037166497172,544.5345728682632,107.06489636945241,53.240535494629555
996.3142798425313,544.5971443721206,106.91204778688778,53.160105823889026
996.4076468515028,544.19114475578,106.89967024441711,53.193444699572055
996.1314473714709,544.6145396162132,106.73183880391865,53.167567041827326
996.5759734635861,545.0160308357076,106.50120455982793,52.98611936760523
997.0066804979463,545.1307072622287,106.45134236002326,53.057812200569614
997.2333277521083,545.5352560993665,106.24689135767791,53.13990881025614
997.2644882887196,545.0536949254887,106.30195182737631,53.194334864181045
996.9952755714728,545.2190850864633,106.40237953328379,53.408996825385216
996.68489393738,546.2040906504725,106.24275814170208,53.61399280224052
996.538439407448,545.6650057219729,106.40068370668845,53.57647779233448
996.3939682539606,546.1021706085578,106.40530863943378,53.718202530235004
996.1445678122416,544.8744709630075,106.6237785966919,53.78786821690427
995.492634041414,546.3144654739049,106.6605744144089,53.8443933342851
997.15974110314,543.3252902379019,106.7592631039148,53.613558682847525
995.8896093592958,544.5038821478015,106.7300397351425,53.68629362906997
995.2688479309226,544.5107901051995,106.74103387961647,53.70908620536701
995.7174057925344,544.430449494259,106.49001432634142,53.565241157811975
995.1108683087472,545.4192018495643,106.56260388799396,53.52094276701045
995.8636465095733,545.127493945542,106.40705943111253,53.419472953984126
995.312051887815,544.5063525237753,106.31549228596491,53.19060396875168
995.7909083488528,544.0930400322005,106.15508327891301,52.98527239844208
995.8827298297972,544.1635317818624,106.16087630568893,52.969098670894454
995.7330387875895,544.0623888959402,106.2750274048204,52.99366556494641
996.0157936249967,544.4965995044387,106.39298565460084,53.06903466453124
995.797402573867,544.3114976337996,106.53987651387935,53.01727417765627
995.8199672395937,545.004222973645,106.57763621031948,52.973307448580385
995.566112644055,544.5329670079509,106.75487215720653,53.019978317899614
995.6642122955249,544.0373749538229,106.79912676807469,52.996572997253935
994.5163315643309,543.9695851343241,106.73129822840274,53.11568657187283
994.0000581054908,544.2366115008924,106.76126450338282,52.96781957420028
993.5035895377637,544.4870673460722,106.7524783493472,52.852763349968136
995.204085749888,545.2719253178425,106.8463792375529,52.84896525596835
994.6182645975302,546.1058558925821,106.70951088114313,53.09379522282221
994.0444578770173,545.3618812904358,106.89768277954357,53.27025532189003
994.0679770905731,545.8037476670992,106.93124176799857,53.36279080043205
993.8642695597234,546.2089183828479,106.80612336288175,53.3696947331239
995.3625808149718,543.3097822533134,106.83034364298877,53.398881584935694
994.4485875844645,544.25947413213,106.58055915559348,53.64428370834511
994.3388674990003,543.7093145041664,106.63903668528256,53.61017994677039
995.0637727745509,542.3800658465368,106.77082787311113,53.53475740309693
995.0998924190968,544.2394343984512,106.98486686165478,53.559824992490405
995.5384446366277,542.9686341716772,107.04497632429825,53.558931149010846
994.873552880522,543.8813366042477,107.18229059727474,53.65493136085026
995.0572880561922,543.616453662657,107.23915325207793,53.597255680425334
995.132622483286,544.0024035340416,107.29515319204539,53.608900537666145
995.3899395956327,543.8030011999181,107.05301197215083,53.518580162759505
995.8113894875636,544.3908704921037,107.02358964485876,53.463991356754384
995.6964960224122,543.3785032614371,107.09070244615225,53.53723875372582
996.2268409329567,543.7788891302699,107.03015508016409,53.685262990314854
996.698684679243,544.187527846292,107.033254766108,53.793388139962445
996.5053830084888,544.2761785153311,107.02165243988233,53.953769347069255
996.356617911014,544.8984519154126,107.00861215639253,53.77134656080723
996.8400779232204,544.1320662688785,107.1301833333806,53.75039070391203
996.3005208979903,544.9162224304508,107.34574254852112,53.74132563609268
996.2403523935295,544.6638489603545,107.24882612576495,53.84200765276036
996.0463280951059,545.1911658969113,107.27955477155476,53.87081134163547
995.9299248880291,545.6408774642474,107.3859063406375,53.80708997059339
996.1549032441087,544.2299604260486,107.45456898701795,53.77651086950069
996.2481057795981,545.0940969748353,107.40265534477192,53.69355067723886
996.4344526816963,545.4273581030251,107.46605835783073,53.747824529105074
996.676441983474,546.0949559206591,107.29519186417485,53.64507198809068
997.4906905986106,545.5146160882313,107.09045612090847,53.597816796531475
996.5480387311759,544.6676986450968,107.09509836819873,53.46268780702994
996.5084835135638,545.3406800832829,106.91297827506841,53.4636594876188
998.318104331609,545.5720826910035,106.80205768580709,53.42484809809007
997.9377745909413,546.4175627796607,106.73596367001876,53.533031950392925
998.4903139280224,544.4956680868859,106.88382815400635,53.549069937856096
997.7662707093325,543.3878471526757,107.10713438947414,53.67536778161821
997.3264108291156,545.6015699395142,107.09572704038041,53.71434619628338
998.162690101745,547.836925164344,106.71361203474083,53.533637615825356
998.0750349198684,545.1793049621214,107.36157855908732,53.64881956003529
997.386844982363,543.1350633469108,107.79003280686646,53.83966280060347
997.5914313722602,544.9827856747171,107.85127907633495,53.77027696190072
997.7116110931454,548.4669379152539,107.80268333361938,53.91545924764226
997.3438732787915,549.318125622341,107.75936687906362,53.839498132479314
995.7685861957295,547.4402599693323,107.9406243242251,53.866106084538686
996.49406138444,544.3718580227384,108.14077660889083,53.944042523197645
996.9671666485956,547.3066049855802,107.9675456976984,54.15692173975651
997.1707162601713,551.6604241688938,107.96162456631149,54.24442173219906
997.4382294368475,550.1706678032812,108.09048332953634,54.01548629180856
997.0249382219813,546.1796405507558,108.41890250619952,54.020642603499894
997.3271380893984,545.781519490247,108.33365010784829,53.92676904620724
998.7865408523971,547.8677778573947,108.17677051759625,53.77860724660418
998.5980523370445,548.0985455872495,108.0581076876716,53.59685804583036
997.4423905109998,547.9740804802071,108.2513559689723,53.660378162673744
996.4214196373722,547.3179958202705,108.6340668879423,53.82421679407049
998.1394382221736,546.8479846922623,108.19348379129188,53.81501731985453
998.6016531869668,546.7914555738985,108.07535569390444,53.680627931779895
998.4978702228633,549.2910902034553,108.07874315471847,53.79388842730479
997.7935957088381,547.9682525828632,108.36927796634596,53.79886809658949
997.4208708313654,547.3844595827583,108.65443898804745,53.772345014577496
998.1314906588913,549.075207195626,108.42250881080165,53.97484203165502
998.4387695430529,547.7086884518324,108.102508196657,53.94805858113203
998.2832129885683,548.1396472728057,108.1426048568901,53.848855861613444
998.458236496571,549.1731128243568,108.08253783518165,53.84238508756705
998.0965740331208,549.3903261437642,107.7620081678516,53.778900683745064
997.5602425433073,549.0975749524213,107.645576007975,53.767800686155496
996.9466873884256,549.9459935525124,107.57186882811423,53.59192560507569
996.5036378000169,549.5957812011482,107.60012490390704,53.54854662786098
996.4710694801495,549.7349577706053,107.67923624842166,53.43967950498178
996.6365241659762,549.7130143837762,107.70408405364435,53.40879788440813
997.2420952287675,549.9038287310935,107.51897401824868,53.50146549137678
996.7008832293998,548.6619267514778,107.82191875177116,53.58728733009431
996.9199271096137,549.9295054698613,107.45971361245283,53.5826319742448
996.8130015682527,549.061742206544,107.54914560204274,53.497452014177526
997.2050424706177,548.9687337937938,107.38682935126386,53.47598915413282
997.8138895465388,549.666215063606,107.2476042374315,53.53655356248348
997.761626220396,549.030324571535,107.26882971805668,53.65089138084669
998.2334084164648,548.529036412379,107.1521760004909,53.72681818829812
998.1962721194508,548.91827854829,106.9109883298362,53.552466628363305
998.3517939818983,549.5393428084463,106.76232415289502,53.4115491790652
997.9498886012555,548.9011224104014,107.12737710716428,53.2523724090462
997.5519917848522,548.2151897283011,107.4538590854028,53.168797371215945
997.4633712838104,549.8802105631288,107.45911419304497,53.11815152027089
997.4728698810292,548.6398726922387,107.54975169604475,53.13122834695115
997.3452144711032,547.8155140287854,107.52387378947145,53.32310921183661
997.1371941208921,548.2499850491413,107.34991320481745,53.43315826237637
997.8626321997787,550.1315090376869,107.21052603305985,53.31596642732918
997.6721590440827,550.152630599034,107.32094128614008,52.79458263552756
998.0888039348253,549.4583182365661,107.09397325672643,52.29800006504537
995.6365889255125,549.5510841962047,106.51917811666061,52.370050661246566
995.5373771937952,543.8471263521799,106.81665300346589,52.564906923942104
995.7727065834559,539.4602905080174,107.74847887952473,52.548558623253534
996.2405427449314,527.827744246013,107.58805788551904,52.9810324338833
988.0285266946509,511.80527414821046,106.03711249279405,55.51712825387797
966.4081176711009,469.74820034681017,102.57097176914193,60.34742423314342
946.6928923363799,427.6298086985734,94.76077989097652,66.70913886506618
905.5004056589886,388.7071129171096,93.81960425894269,65.09695749098202
878.688024861364,365.5550943490999,93.95856415741436,64.98838934135703
839.7711545345107,343.8651696055066,94.65492993319148,65.38175811565291
809.231826130825,329.17656234771465,93.32560486800425,69.20469902589011
788.6044709347245,317.2051297302836,94.16609254292004,70.59267648914583
775.6800207708459,313.04368786492813,92.4117118495592,72.74141881284376
761.2530503520221,310.7739961299426,90.31471732343722,74.2196920247124
745.9796632192201,305.91777791430115,88.57505360075996,75.5882754591692
733.1075174307225,298.99222523874636,86.65288323317505,77.80240456821336
722.8257002395194,297.2346234624858,85.5743762734183,79.44596684246753
712.8643534234119,297.47028803498176,84.2995639547055,80.88824982477973
706.1512463549593,299.03883081582,82.69237850970153,82.83048707804465
702.3800542288456,299.8080991564201,82.37292489800696,84.62525813991698
700.3967321426541,300.9693629349122,81.98052642588915,86.29685690281794
697.4493225687245,303.6847863298453,82.37439523729199,86.9225091173158
700.5178616092238,308.8130904164444,81.7304249520086,88.78171992147345
702.4110201640685,312.58363244449123,82.26723225104107,89.75704192464501
700.7371296314217,322.4326655480822,82.55877609557061,89.2184510440012
704.3048203383228,336.5352115643662,81.91334295447369,89.78896135213144
713.5742342546171,357.2734718642189,83.76450497479023,86.21028315965262
728.4811007708493,373.1033221724495,84.95752967853193,84.27576603012983
734.4470173267348,380.684463220472,85.17921810454169,82.88626912085243
735.2072275355298,388.18826189835556,84.74157494868564,81.97382938837629
737.4803573848868,394.95819594713674,82.28317893367225,82.80829467246681
739.9153416264724,406.6204743931761,82.34933191427682,82.02323706322501
739.4073232651326,419.1878115408553,83.06636601935865,79.52805289543002
738.0748060024766,424.04623377581277,83.64207034828993,77.31844490622797
733.7082638713426,421.7094883801718,83.3626729211048,76.69332357974261
732.7131808462561,421.6008963376197,83.66409073080703,75.96050034539643
729.9280330788827,425.30904914698783,84.62284976271569,74.66129687280885
726.9940509030378,427.1936358571471,84.79939642031385,73.18198799259038
722.5726461967855,425.4362517199115,85.3562170251401,72.18120422314684
719.7015325084564,426.5102009256363,85.8257936831093,71.3405806301176
717.4588601481435,425.7146920668771,86.36442686351295,71.32556800267292
715.8153304364952,423.8451929518483,86.9506658407951,71.87576255994009
712.7956163252813,421.65177449705334,87.49707543605619,72.61492300163442
711.3047535706885,418.65998047208205,87.83362048145102,73.88034613077018
710.1297165360946,417.22360101406616,88.4566539021782,74.81550264602225
708.8648549656506,417.13971965428874,89.1310894911864,75.29955690643818
708.0946866101284,416.1310574251938,90.02573599951774,76.11518616084702
703.3402829329449,416.08141508897097,91.15173085388477,76.61761400078834
700.0814972501502,415.21833725717926,92.10282349022626,78.05747040590117
694.9014872136527,415.09955592330164,91.59464612212014,79.01940432810052
691.7585226388817,413.356785164652,90.84409103017654,79.60590753058048
686.7601175648097,410.76353722275,90.14379863162864,79.99850149406583
684.4512479194705,407.4535980431718,88.08345784036743,81.16185548112148
683.084398760124,403.000596636095,84.64629396118417,83.04632862074506
684.1958060488196,397.0157921924514,81.11346966585181,85.17524308054203
685.0134314406932,398.68711318486544,78.26289567234187,87.06183912900863
687.5423414126343,391.72059322424764,73.33263114349411,90.71438626765143
686.5088374925112,391.0518977206538,72.0336461992401,89.62146988653338
690.4652870127031,389.37114508532846,68.7728272179079,91.57899025289484
689.4339486776499,392.3423571398967,66.04264719474638,93.69684789729845
689.0803541436965,389.35415945613784,64.24226551909263,94.16836569752489
690.5045813719292,392.67819902133755,62.728598908238624,94.51522970906278
690.9454647107736,390.60026856955943,62.0861640869198,93.8415484525848
692.3787618008622,389.2175538559826,61.302595362217446,93.1212667820212
691.6812503903143,392.25167691271406,60.47288077753644,93.79174966864974
694.4189500611284,389.26399832190265,60.11706313527958,93.35036690962933
693.926301558307,390.4619994628041,59.803199779632294,92.87434956454058
691.9457002039571,392.7380512813372,59.406236270528034,93.2573479134057
692.4581708589735,390.40738876017986,59.26745169829976,92.37168589898825
691.780895965443,389.40010313130836,59.14783962203374,91.89177487790747
692.3818103628954,392.09067841604787,59.145651816432476,91.78680266841378
693.3554041349416,390.2795582953315,59.110425708611814,91.15070493529811
694.0265813663507,391.21287511454483,59.0917802568715,90.7526492778667
691.8266408997725,393.9420474852246,59.005398391718415,90.7825247513509
692.6900717851497,395.4070832003263,60.65568429552461,88.81130722158004
689.4751900806023,395.897582556594,62.002790367430805,87.61490453498851
689.0403746718615,394.1258734391337,62.706734562650354,87.74897022893911
688.0233797952191,394.6705521750856,62.83262037306423,87.98105023510082
687.4070918380526,394.68753267026835,62.712881815198784,87.80568066717403
687.8336965154842,394.8098960971684,62.72891429402225,87.76181082683789
687.5589544175812,394.64691003301596,62.69951221930535,88.07320974988036
686.3415547396016,394.7344942607052,63.22974183020062,88.02616091220243
684.0140901901682,394.28145096856565,64.24315567409302,87.69657371127192
684.8658799965591,393.3270168710459,64.40130627924493,88.24859688506356
683.5935975798157,393.4876696406143,64.78149008551017,88.77429850134517
684.7599315786846,394.0318018125032,65.17041689825808,88.84145875244641
685.6696209677876,394.8660144114506,65.87981309678221,88.57652171373138
682.5788430192683,397.15172965182194,66.7343106785437,88.37205080482704
684.9503503254787,395.5831363878416,66.83992411025157,88.27004532381554
684.9261018725666,395.5408346662112,66.7617681196713,88.20833083804686
684.4950712878548,396.0144773459042,66.70016626896103,88.38913609870175
684.5728384790965,395.1489969519382,66.6405415117695,88.65967043685805
685.2669359671321,394.18150268146496,66.54281320191994,89.15783060294194
685.3049914572783,394.0382105525725,66.6973317998602,89.51378694099336
685.1028800529066,393.68152624161746,66.66787771012432,89.95890479948704
684.5228903137621,394.6699055589595,66.82515161437752,90.24148835840653
684.4423987374552,395.9111227643263,66.81047244315891,90.44490075324543
683.2908041141991,396.27477808918627,67.34689597597941,90.65275401868277
683.4243732852613,396.6786044016009,67.69230908458448,90.69818995157371
682.1310915897494,396.3213032339747,68.09719298837969,90.76888175959684
682.6708667527371,395.35958352983,68.17997925031025,91.49638770669695
682.7970950209086,393.8245752586072,68.39910262329184,91.77525606341257
682.056846738917,392.4338192664846,68.80267414798365,92.1797917960556
681.4079078654564,394.735910045324,69.12349175572562,92.30850752002362
682.6041846864268,393.70844349621916,69.22328130111691,92.71034799547627
681.0551148733016,395.8420577000343,69.03115751298446,92.87282186979793
679.2734343304012,396.2941530642668,68.87575333999611,93.26038324132365
678.3777481977456,396.53600363681926,68.80175962325163,93.32972575972057
677.7477469099559,396.4616612211303,68.68359659614697,92.85393201253086
679.5312764462324,395.89999132802166,68.7282359126475,92.66427135815069
679.92997280352,394.50672431548367,68.47708728290738,92.72339101364352
681.4283636832308,394.8708540699271,68.12659630259952,92.64179695866761
680.3776875457784,398.0135733779634,68.22500172386655,91.92966442627413
681.2376300633148,396.7333773208449,68.24100707728253,91.47773769094746
681.194703785616,395.54083302953154,68.62098262662634,91.2561279989618
682.3497662152937,395.0383641491626,68.98640965859772,90.64734689239782
682.4347847841551,397.1783415613076,69.34340972418684,89.70158720513162
682.2442488176708,397.1647614444611,70.08682782948821,88.74788803998284
682.3624760629561,398.32389942207755,70.30512489006888,88.07241289270276
683.1738973215216,397.4930815330521,70.17892198227467,87.41975719355035
682.4865191726219,397.53362756827244,70.46860683556281,87.08122634423238
683.8934339594477,397.1045178904602,70.50685021608885,86.60095175664244
682.133449640143,400.4445168716855,70.59088621843746,87.03477100915768
685.4615487674681,397.7157442231718,70.37829052573792,86.6710725432151
683.7665187684782,398.832214148484,70.11508004070068,86.34555499674414
685.9553502014347,396.2655804655732,69.70955200335518,86.07544864430412
685.2189010998154,398.65100150873866,69.67152801306649,85.82833540547676
684.064731047551,399.85885387779643,69.86945218207902,85.19883631673716
684.0623879186792,400.351736622157,69.72812669985353,84.87011571555874
684.6621195093566,400.10873482842675,70.04741740472159,84.58749094417826
684.0869944085379,399.9653164359171,70.5398158507398,84.41770301267735
684.6925598830289,399.9314152824356,70.62149856047205,84.18084550599778
683.0564805092947,399.4319487645133,70.97231612713905,84.35154196194725
682.377517405688,399.7365656379583,71.40302342032064,84.13566677347374
681.1157382254976,398.65582732526235,71.86004654624993,84.3149259677972
682.6275774053081,398.954190392863,71.78772650495794,84.3067651225701
681.2891482827837,398.79177117649505,72.01006547815601,84.48289509259091
682.2471678853989,398.5720593886037,71.88110322299895,84.58782062054493
682.1638020254347,399.9760024580745,71.52626163779729,84.73106606386337
682.071029240229,398.7555572771393,71.84028731480079,84.58129895312335
682.8662621858068,398.06434869331696,71.8639063826753,84.39640697960901
682.1929892267026,398.39422608717655,71.41661391911651,84.85909264923387
681.3315495773143,398.8191025697576,71.73110388798304,84.66337358337894
682.0191739950463,398.4319554400357,71.62643319849965,84.32620250793049
682.3928574517504,398.5560082740508,71.61186599393476,84.16172398191252
683.5644042333233,398.2214502772644,71.28357274092373,84.0082157093376
683.2777183627082,397.98930413471203,70.96746854049583,84.07811505702057
682.8123053456321,398.8873568156444,70.5982247656883,84.25902864752553
684.337738693288,398.1699359914632,69.7747578964262,84.6243139404115
683.2121049069877,396.1479625843076,69.6721042940238,85.39862936891956
683.8909760551833,395.7277348702622,69.41794938662494,85.74273248206126
682.3195309556739,394.28802334027586,69.85300534186923,86.48276936497102
682.1829853030307,394.0837595742903,70.53764210261137,86.80802537114187
679.4149110474087,393.64639079466644,71.47659737273598,87.07207346915838
679.047140636656,393.74527667455766,72.32003223488582,86.82227842151337
679.8420212241094,393.16068799685684,72.77817459772916,86.70452140115205
677.4388764362755,391.95323217897567,73.33015404232404,87.03682147609285
677.9744210264082,391.36649507585,73.76982576541704,87.38728350916836
679.7597620306447,392.53075133824893,73.97034441383491,87.29895576830606
681.7510997547563,392.2643273342091,73.75320241287716,87.2023089901232
680.9625935867668,391.6078363505318,74.22896052407887,86.76218746283374
681.2556239236826,391.3732282751155,74.60672120177549,85.87583448944453
681.7196707236672,389.43432291605995,74.29739867800888,86.00986173358703
683.6977021353902,388.6422380756399,73.78024490836545,86.3843987793106
683.0453421697645,387.8234583015236,73.64020213286027,86.80830976988024
683.6539907861408,387.9442804304575,73.80691235402595,86.70760272114168
681.5721235045386,383.49508268994236,73.96402269542854,87.55761067470624
678.9684647547261,380.4309592542751,74.06425115238999,88.7499172803852
676.2161908675237,379.88376130981356,75.08516350122736,88.94060274440824
674.0332146015331,378.1050184005278,75.62574214519269,89.27153035451417
671.7698182408753,376.8566316050925,75.96636571901679,89.86653430732326
671.2534528709418,379.8085010464156,76.36621088358933,89.35698144457459
671.2610578213996,378.93744218120014,76.59982849970618,89.36493100312285
679.0947885515487,384.0167316466569,76.96139688559944,89.14095480963597
700.4904647859139,394.6630583887593,78.84179734655669,85.32862702428378
707.0750415064091,405.10539207273814,82.78260446159656,81.77388900813271
710.3346260721233,410.1009236170054,87.08800693966506,78.46895882746566
711.0926997729701,415.38944007427364,91.4043843144303,76.47073469741406
710.7880875914026,420.51237962734604,95.10691283482242,74.41414373061254
711.0808214386923,420.80723185996413,97.00415478646805,72.68568954671025
711.1683676937629,420.21462730811595,98.48775940462271,72.49109844994425
714.3227365935021,418.09848232759106,99.51759124625747,72.28060600895552
714.2478133045232,417.7461096804576,100.03740132113884,72.6890890985753
726.2957096958063,416.96457048262346,97.22779284948572,74.92108777279284
735.6118282540288,416.81315644688937,93.2293686373987,76.7636682084196
741.2558830085446,407.668084311972,90.93810723475124,76.88341567344476
707.1315536216787,392.0397677156979,99.08755717669607,70.6946638867449
694.7869843455226,396.22859281065314,109.19754934381544,64.68065495888895
694.8736093510378,399.9783935187994,116.81045169560844,60.15457549045706
695.7028968195889,403.09125303716746,122.2473948706888,57.34306677324007
696.9240471093442,403.4761432799278,124.9960780634561,55.95207225554627
699.9911454793845,404.45820417416576,126.11795050672507,54.914522193869345
697.8448738243308,400.89800555198406,126.8099994320669,54.497794804443615
702.5825542468688,398.77271527839105,126.44899748896852,53.95093673010861
708.627003355316,397.96205283209696,125.56724973136346,53.23452072456455
714.71569560304,398.03899431211846,123.17813904725594,52.95186996121009
716.0501972100535,397.6689875378613,121.18359475418453,52.06942314442904
719.9607886411478,397.19147304284746,118.49830857473515,51.619031473484185
721.5544468101738,396.4795676014824,116.75267862851359,50.44685050631493
722.6273749196984,395.9901571819592,114.82663602454818,49.59166813529363
725.700441319367,396.75034797218456,112.56044516551864,48.75836550763219
727.2024955746751,396.1456253971247,110.21369112896997,48.10984089685709
729.4546991293521,389.53676054452825,107.95273752227108,47.307496711364
730.6406590000867,390.3294052746454,106.91463109047135,46.26998538070738
729.6709013417155,392.0704201489697,107.17944352444687,44.838808169214005
721.5886451964878,394.0038387986162,110.99754887825671,41.34670810284448
709.913830415926,392.9865635100681,114.47612474370183,38.75183696897257
698.0150479224395,391.7183589052808,113.36095665267186,37.628296399036714
685.1559492532194,390.85406749907145,109.80760667360711,37.40331575968841
679.3753307681993,391.03328363212836,106.16380938766586,36.92667536089033
673.3149749163406,391.91945798389065,103.8409843329606,36.157341102670664
668.4406997912595,392.4802736635386,101.93815881255385,35.573337499970386
662.4827843389594,392.5664732307157,100.05102836766665,35.04033765570099
656.2755388975326,393.02691604228363,97.13374549258592,34.569200191020016
651.6421100571952,393.789565369682,95.02763545322877,34.290031406638086
651.0998728270716,394.6679491188801,93.36254741156868,33.809529529427195
694.3525055947354,443.45035614007685,93.05074043336997,32.6499202599829
696.1021085092432,443.313621839854,95.00693840913337,32.18797560712116
688.2866599980623,442.37393599283524,97.2317761663585,32.3696537148093
683.9875443917964,439.52844360200305,97.94498140080182,33.696661064222646
699.2063334861949,430.1243379986619,96.21657832186813,36.74464125283863
693.2222806951643,429.9592640148419,96.06037722515737,37.983419710781675
687.5744722168162,437.2617462147171,97.35026546023512,37.23019996282562
674.5561407843595,436.95315811273434,98.98581290766795,36.67808979651372
669.4289015486354,437.2482747749036,100.48704030337147,36.1935263804007
666.0047267486736,437.86188047242234,101.71756868671184,35.738823606579054
678.0164746065399,437.4406467144933,102.88545251809836,35.347399396896954
640.9426504437072,434.863475756056,101.18193507227943,36.676435136632286
642.7819014894998,434.60613747013275,100.71246050945699,36.956788117484926
641.3011594993293,433.6815728659302,99.28814460500195,37.93525493470433
644.1447433454374,432.8525211236453,98.4875945733081,38.43825390133741
646.1050076026648,434.1689779009116,97.49226389859012,38.84251528691402
647.3615409189869,435.01567608241044,97.3460543177955,38.75915827728709
642.9217046502463,435.12853691817594,96.31694103526941,39.32349319202156
643.3549867442675,435.56765062071383,95.86848393960734,38.823127733767045
639.1456242719845,434.35731947558793,94.5582526616392,39.14389669249107
639.9720039850187,435.6531227381281,93.98471412656974,38.912750210364294
640.7497168135169,436.5156361838824,93.78338011386039,38.61448506526225
642.7101241455701,437.1492859419486,92.89638202575793,38.64388698040421
644.0530769015779,438.8756302546845,92.85135495269188,38.53043628332293
644.0797373884877,440.9882771319666,92.41877188914293,38.396346218333946
642.7209229904144,442.28636958195005,91.69329713342526,38.196095184867886
642.0176225885048,444.1833640514287,90.87737615532302,38.159728964721616
641.6675843907861,445.45375350272394,90.79992009245478,37.32708375964088
635.5806595348126,445.2537114067186,90.01625885622077,37.56019225973703
687.4513150335105,439.68876479622423,92.96022007562195,35.89531810096499
684.918548795383,465.44395251574065,95.99965453895264,36.96374286334816
667.4674636491143,433.0044944515852,88.08308780146069,43.90189361079981
652.3833589422102,390.49396821798797,85.98484824065972,44.03525839488875
679.1986744285889,409.92088826972787,87.97103855696463,41.628191820461694
674.1266933990069,419.0511090856151,88.4692305431918,42.71397974190979
672.1057348510215,420.32770404186357,87.32619347275019,44.37892995468756
672.896024845313,421.9057620325628,84.62493851640127,46.02630985723078
