682.5,321.5,77,152
680.9831008842496,320.7018154211284,75.07744885863707,153.2499303326127
680.8636833062433,322.0833054340725,73.54667849726238,153.97627416117095
681.1613494050208,320.53749254541174,72.3692276096934,155.49450432863688
680.8347143500836,318.4556757848221,71.44354040030807,155.70072179222933
679.6317095649368,316.95348435586266,70.85621281621323,155.24285560954462
677.8091285019009,318.3929891613618,69.85833094738157,155.59803646256609
677.1793737045954,315.90841989780677,69.63175929943122,154.93224151799654
674.5074071901372,316.5189683767834,69.319157179727,154.56911157912438
673.0341851056361,313.22991062756824,69.51090140327945,154.22389247901341
669.8945009364621,312.9421307005237,69.4333356710402,154.35123032177478
666.0307949770241,311.3851753444384,68.98299604877853,154.37108013611834
663.6097816054294,308.5719380625106,69.36810216818877,154.1738919421003
660.5600906096406,306.16837488301326,69.52874962836349,153.86531662568
656.1705258252942,306.2530117850703,69.44558499997378,154.4428949214613
652.4728430056276,306.5960077627151,69.3896800590152,154.12262511578223
645.3565397277991,304.3371417701521,69.35607701231635,154.57047566169933
637.6478570376325,301.8329091092379,69.35024655372115,155.3763118941722
631.6189666276609,300.5970704002716,69.36523886811035,155.51430462925876
623.7610012174404,301.9818675491739,68.84983690962083,157.136899357333
614.2546123314925,304.1045110608868,68.88933091381628,157.72730569328223
604.7981990910434,308.5724951106897,68.75992869598392,160.2046533666866
595.9575435688575,315.5157724003092,68.6591524143059,161.52947879233054
590.1541731432748,318.4504541247255,69.56058625863547,160.3659459175335
583.4721749347611,317.97802156798286,69.56078834888058,160.59109227672727
578.4786389570587,315.98443416476806,69.79320351259834,159.69477032183488
577.264636124414,308.36226427809896,69.49885714999473,158.89110022273658
571.9713989154181,302.13688354317094,69.44354976104079,158.97477242104713
563.3382588084054,299.6900491938973,69.11642139047149,158.57397271673187
553.8847529432285,300.3360740699865,68.83899632272968,158.89479854534113
545.1008632952081,300.57242078169486,68.82302012560628,159.2495730403205
539.0228575469094,300.43099707330987,68.72019106129048,159.5525164145335
534.5297475653814,302.8022892612324,69.7230454886106,161.66877012004844
529.3614983076001,306.4643222361324,70.99115887996663,163.0051236343597
526.1918938586017,307.9395330603669,72.85766289057328,163.52799338298541
527.5717162952541,311.69684266285117,73.38956150100272,163.51915106018848
530.5067109289782,317.0255288438052,73.70016238629483,163.83210035355387
529.0686477293715,321.6352905447644,74.6296803613216,165.6547446152096
528.118416766996,324.4970054032261,75.15059850479193,166.10883374289068
525.4702186555336,324.88955452654864,76.66786641465228,166.40220620318541
519.9400590490077,327.6261511844288,75.96737191463042,167.830994718022
512.2232814996208,331.8519319747661,76.02192158127521,168.8536009611389
507.4454950010382,333.86744825850417,77.62419839390064,169.66760013194408
502.22490250407543,335.62729526157165,78.6178373825771,171.2010496270908
497.3084285094835,333.99885978458997,79.16224071691482,171.81527641410776
489.84390856291583,338.95478885663266,78.99840322204969,171.74798366156287
482.9380058011074,343.1493966115953,79.0302977044067,172.45960204445993
478.52955615565185,342.15751221408334,80.27628511100995,174.8127339984251
476.1085206138831,341.1826705750113,81.48198291306855,175.87361820525726
473.5152904365246,340.3138724019024,82.93347842022092,177.04443893149127
470.4621037179759,336.15221615260225,84.4247514735598,178.50406582218145
467.1915553433084,331.23496623902406,85.60072065941824,179.84511929924022
463.9369494307249,326.57533247759284,86.42860752578396,180.52269370686824
459.8227942915844,323.5732281435276,87.41950487453002,183.17699926830926
453.17145111378466,322.9317629764433,88.78451670772964,185.8489383629302
446.36443083812674,324.8753843132605,89.437609268628,187.80327655706313
439.284798051534,326.7127931802271,90.98025096333443,188.8979228390906
437.09956498483814,330.9578067572022,91.13900664369275,190.0079456576746
438.92869330657334,334.4563210767245,93.15470353339492,193.25603039143263
441.7601586110323,340.30694987490097,94.33154991727487,197.08362239682543
437.85192111405877,345.4496055876935,95.35365187579103,199.41982719896248
430.72473895839653,353.27723442412486,95.95448606626587,201.22980237522086
425.1433044374829,356.7894461274119,97.0321929453123,203.45529313795828
419.4225533112852,357.8985118020937,97.75591126979036,206.8615891071677
410.07221259188543,363.5838565448722,99.79177489853123,209.338348924284
401.8263206047864,363.3708430783705,102.71933272221654,211.28750007527447
392.3062400538749,360.27645323784145,104.7627668342935,215.21588208367945
383.19255119050047,360.6909840884988,107.25096781085924,218.041177100428
375.43153096226104,360.74667265379696,109.46150104230153,220.48981779400467
369.8536569341652,356.6476478939336,110.27623328275826,222.8361546100266
369.593891888097,355.4959951263472,111.22705167683944,223.33431404706238
367.33458829029985,357.00911555809097,112.5415575483523,225.3825971093562
364.5073983362622,361.01355614131813,112.35185033255681,226.7509265599673
364.2432799754887,363.87043849312226,111.19974581035987,228.47929432935103
363.80732135992224,365.8138278729077,110.18082954444537,229.64774332628025
361.8946701312714,364.8893461732946,109.84139477716815,229.28673219814755
364.4320260191631,365.3046452438315,109.73677672849661,231.03002235892313
366.1492934405428,360.11844680383126,109.54589136846431,232.08118930423115
367.9217330838542,354.60334690516845,109.97648190949343,232.66608804564856
367.58894984321853,353.4198314971023,111.02693820204222,233.3735189615353
362.8539488465276,353.44008651236146,112.07351356731127,234.69005160126687
357.490240446712,355.3973742618724,112.02173648876862,235.31720316828503
354.1512190813215,355.359259148623,113.32632417194212,236.67793900048144
344.4644776236331,358.6507384739025,115.20974818839312,241.14026080646542
334.416831395815,364.48229680307566,116.23467664561633,244.13420191026518
323.68503816801064,370.7644361435361,117.26840584719673,246.01852304471285
313.7480724906139,376.5849152170972,119.2936109294072,249.29520272260282
301.63225629176486,379.46463807777945,121.25279001899975,252.1389560063654
290.8208410388193,384.6250998751433,122.18608729124836,253.19120707899603
282.4939440935873,391.3057265813767,122.96687531470803,255.84046887954202
273.82846737661885,394.39271379413447,124.42976291459945,258.47296627867235
265.2128320803512,399.9166485958672,125.8087948520445,261.83422867899117
254.7883839842722,409.0634249940581,126.14742378651196,264.59775710514356
249.00734512218895,417.76879542193933,126.27508569341774,268.06019091673943
240.18864481464576,421.79606226061156,126.77718090384106,269.27000717683393
236.21790297218502,427.3461033122463,126.93961996061918,269.1581796206836
236.06359353834256,429.6579346918512,127.25436323535712,271.3020177388541
238.54024750877363,432.0466892999762,127.88171229980506,272.20429663524453
241.02785594768386,433.9605014715082,129.09983238563814,274.79085161728426
243.90350681211493,434.49435245315817,130.25269830890613,277.21388780744195
249.99901254853359,435.6706258733144,131.25284703809518,278.08597132296444
257.6732868715021,436.7825794302882,131.7401185902172,279.4229727650014
265.94485952068453,434.53673752126423,134.03823038718923,280.7235028183246
273.7358501221963,431.9337155179916,135.68349832967345,281.4675803102826
280.19312985439205,425.6868166019824,137.59137710533327,283.2850161046421
293.4625264875971,416.3863894073109,139.2567368998364,283.31956151876545
301.96538615421184,406.4501476519664,140.78185748665078,288.5275781715443
304.8811479820299,396.8230069430505,142.2616379234218,293.94503517226195
303.67465391579753,389.3252699225164,144.21542483918893,296.88425196540527
304.50437864865205,385.61003640918057,145.68723457643702,299.3549373453484
304.84500792677864,381.75546842850497,146.37246602663072,300.91210530438025
300.8485313598798,379.8573830214604,147.89046884686024,302.45173725051893
297.54013416290314,376.6468407747111,148.3602414703363,303.7665600138234
291.73296844915853,376.0217522813076,150.50316500750574,304.50239493100463
285.64498288271005,371.99290765070043,151.07943521266827,305.76127943223975
281.05622142993093,366.08000266305146,151.70593749597316,307.1591919542295
276.83893462830144,359.5643097994946,151.9928098358044,308.17338770179
269.71408883783,356.68919081471506,152.64812580639574,310.41963382907926
263.90704664340296,352.8054278080406,152.94185668725407,311.2075641812649
260.10281432605456,351.3012546439538,153.30298827217675,311.67047007402886
257.38761257399784,354.4886227257796,153.9981770660546,313.6715645607069
251.58053231103497,358.0516327478183,155.13393545422397,316.3622015829747
246.78387284168005,361.94896921146983,155.86775636894703,316.86637108578634
242.40726403673017,364.0984752602616,156.08868256649328,317.0146780189646
238.30624580145258,366.21073663250985,155.83383083819595,317.08889518459375
233.0923321080803,367.4956302824078,155.77366116988674,316.9163752264117
229.0785333847581,368.2174706153822,156.18844323643472,317.8821598734206
225.89104508257304,369.3485557052135,156.2319669942777,318.18304711639587
222.61258189324369,373.70241477034244,156.5244771551325,319.0308938665091
220.2572724176925,377.3096368273848,156.20383370846878,319.08491479453863
219.81012858081033,378.79888782282626,155.85424468660017,318.86343804550756
217.85573005445815,383.5763118335468,155.67800116999913,318.9800482683902
217.64418750214486,383.10187380480346,155.54810316944304,318.2105037011439
220.50826004725275,381.43737519314334,155.38616405762085,316.6290476049146
222.85519879472332,380.7875779075754,155.67154748415794,317.63387914742884
224.1514118765973,377.8869696539615,156.14877721564312,319.07712207906457
227.1667539593061,375.09595230117236,156.000484979852,319.87676475964895
232.10526874893432,373.13341948537555,156.40689694417466,320.5778745215679
235.39037646036928,372.05183086682854,156.42596021927227,320.1778777493388
239.96959608231933,370.92403775888516,156.86273009707628,321.8058539374355
244.65145899631943,366.9532757014829,156.97416486783095,321.53782624102183
250.21740650729686,364.40067428136524,156.8640193423361,322.31216465178323
253.67651774786617,360.094782534357,155.99842156365105,320.94556126683227
254.9720610923277,355.1146242297094,156.49981672630574,322.20356636031937
259.4763343411531,350.098979329508,156.76318280342304,323.0962395988326
261.54232828222973,342.7382570614026,156.91691097809348,322.7655381770967
265.25478637876154,341.6185134393746,156.8058342206073,324.0217223510843
265.2343198655654,339.8703400684042,157.0494780096195,325.0778065369491
270.9556319999233,341.77080335769335,157.14991404363812,325.99147241518835
276.332595881508,342.31206650225056,156.76799841883542,324.0324582153264
283.25610350183956,344.35843833762436,157.01489244178305,324.6245576079333
291.52650175194634,347.51402236693144,157.0878750095627,325.521104583804
297.63394021927235,349.6465277572106,156.72145255031353,324.48965317328657
302.4510285460131,353.3606468827244,156.32331029014253,322.5605995307185
303.09872104180204,359.161678273464,155.85851685797482,321.2717272094443
307.2138674504753,361.7900672578926,155.85255398905358,321.36438981523315
311.2855347922199,363.3308306382148,156.27000841384069,321.17561951668586
316.1345685775686,363.6594189209494,156.28854984430302,320.018527381196
320.370783791791,364.82907709972943,155.45700095424934,319.0850210221482
324.7029996182601,361.68931685247725,155.85354342240484,319.5706176618247
327.76662537961334,358.9579295555451,155.6070230055028,319.53044397153985
331.7493206299017,356.016284515787,155.20505470799003,319.05177459365854
334.1012155023996,353.2168675077498,155.5764288042418,318.96474511485997
336.55767071220475,349.80993085843517,155.92513604515392,319.54897506861005
336.72921392294154,348.99137366427624,156.22687311525374,321.1334204570474
337.6460420038038,344.1343765280221,156.14263533140542,320.8793513750635
336.5500535224063,341.07086077944,155.70614664173462,320.8731531397142
335.79785160683673,338.20179581969643,155.4443010546151,320.34124207027924
336.4071557374134,336.4642461984032,155.3553288427324,320.0799149594111
337.39896438810695,333.7259072787466,155.34573989026808,320.85927901317126
337.30252580216785,330.67942837491205,155.11404781299314,319.8948451773163
338.3621045406098,330.90660739306145,155.29764569194427,319.3123848831696
341.1279667762101,332.7344530151262,155.70139609333273,319.47607034611724
341.7875387214711,333.8463338221611,155.47381340104525,318.8531428632882
342.4555849950364,334.86091086069257,155.20478454314647,318.902726283555
343.7512297413507,336.5517791504161,154.87936848267742,318.63784770963156
347.726131002264,337.36866599308814,154.08439832397937,317.6995574108041
349.4816582269259,337.43787836701665,153.35140383406724,316.20023798292397
352.5637176204908,337.27574473979496,152.50645266092053,314.74541280629893
356.54764256439785,338.1626128658892,151.4241699613694,314.49346515121744
357.64238229936115,338.72485640552054,150.23852128196253,312.1734934337405
360.9534065967395,340.1530487975256,149.15519472547484,311.1121603436467
360.1311905574971,341.1790859324816,148.11430571135412,309.2645217202687
360.6374295963346,338.8939069541192,147.21816548436905,307.04275302141485
362.3781674304718,336.1552141551516,146.46184779224504,305.53294169704776
363.0610268825249,333.7604138474436,145.19882968784248,302.1469470289555
365.3504318769509,330.73516144711226,144.53697731579658,301.4646732804239
365.8091236436161,328.170548153479,143.9899784160073,301.63182081953374
364.4956226097101,322.0797488274338,143.73410861759305,298.85224546039365
363.25212744300865,318.8341311651362,142.36858516086534,298.5350982738498
359.794487709191,318.4169101468416,141.5058180205295,298.63856903367895
356.48485889307784,318.14627035677154,140.9463709141388,297.91279155262373
353.11130961584536,321.1926227746816,140.46209568167757,295.81119704166326
350.978955820774,324.25693795093343,140.2491364169618,294.9242525564691
354.18051914195365,329.073044208841,139.75788502255784,295.37505071417695
359.4663192682216,334.5934654250314,138.7573220625025,295.30953386620774
365.8451721690624,343.8688545521632,138.11118661909717,294.01268093543047
373.5867354529082,355.3032130127041,137.07774610182057,292.1023399451348
380.8832632111431,364.18074643028467,135.6192158844231,290.1830303655279
384.5262365651837,373.56435409842425,134.60131412491975,287.72276083003
388.7370228857236,378.9713634106257,134.54222927680865,285.887902514465
389.7254762024256,380.4548698659131,134.22578764546466,282.42537369111886
393.3078922906101,378.51181639751775,133.88952917286156,277.17586146439646
398.996130877338,379.0518595431338,132.69257069905174,272.3110979060898
400.81245085412354,380.22057555254423,131.34535926949798,269.59459676757706
405.34830301055547,390.0627772806721,130.05772878628505,267.5901325813408
410.6764504444202,393.1227608978279,128.31352422006918,263.9626511086717
424.3583131507041,400.536521802214,125.30963347852193,261.6092141540255
432.320389161527,409.9583619909982,123.77820358669797,259.0609820796798
437.8993347474388,418.00476974771357,121.38876696657113,254.78262732064357
446.02966328715513,417.2691017955194,120.00831599523163,249.92231630578135
451.293419144145,413.361846199738,118.49605830194281,245.51106513009563
450.72922326572086,415.9211018797921,118.6858758042784,243.32415147964318
443.1947616392115,417.66271381065104,119.63189141874729,238.9632867149293
442.56713983875426,417.5436290624097,119.08076678788832,235.10976900895832
440.3376456320744,411.5165744439692,118.1442998408355,232.4106843905537
441.1381811927648,400.3496069606118,116.4351422899183,230.4901981231376
443.8339829242752,382.50013543845716,115.43801381011296,226.99020851974188
439.8895799063935,376.4011797823611,114.04044575377422,224.3046712311649
437.00035757818824,392.7162284695716,113.11305792880043,221.19862743035227
426.3393504089008,408.32834177932716,112.81939348014384,218.87173967802875
417.95511903073384,415.4365541511448,112.86114687063309,217.3967661978212
411.1385283112565,417.24140002763943,111.82224540858678,214.65244918877036
402.3323466252559,432.4415832226018,112.41126474067099,214.08643719948032
389.0116939901211,445.2191944756305,115.66660657099922,210.81081483685557
380.3139549906629,453.10190741807014,114.41445197103859,208.70645405359988
373.4653504792892,463.01513825214846,113.97576812574407,205.0484017329774
367.4498578475428,476.01385482074056,112.58690590083356,202.43295712118373
361.97687559172607,483.777727853893,111.56391441881459,200.86273058612892
360.0666633663061,487.3810019328241,109.32887603243529,200.2950283488294
367.96774179048975,488.5669713369412,107.54435262217842,200.36787895023267
390.1132594676435,489.89193934538963,107.22861710307602,198.4427498977333
410.32970349285375,498.87321689816685,106.24422682487224,196.55549691620232
426.01054761010465,504.9727120657244,103.78805807584406,197.79455399014483
443.45030806751083,502.5034996709682,102.24991823402982,196.01326032338886
454.97593833434246,488.9248100235527,102.94005365068388,193.49133930999227
466.46287260169635,479.37425843085,102.85820248047807,193.9100732632201
479.74616993709213,473.361724631005,100.5909184938906,190.1589586882273
488.88732845833,477.28443401541614,97.47719104339492,190.22412150815026
488.8600048752157,480.18477396886124,95.50170567750372,189.19947452591214
483.3643029738294,484.3898287139848,94.79424168242474,188.15721343196623
473.7132606800066,484.6237905904935,96.03911153313186,187.17894195498803
463.92112911887716,477.8638854102706,96.11014528527352,187.95949545660812
453.5790719684006,470.9967177629238,96.30076936711048,188.56608607661906
447.0309489713945,466.1977936290659,95.64197328501191,186.93776666550178
444.5099196376292,470.73396557334723,94.20817135683939,185.2467737710493
445.00094814836825,471.3626439999127,92.44423687726572,183.9800782875551
446.79120735432343,472.56474337077793,90.67894060948225,183.03893074573767
448.0022706665759,473.28202903988586,89.64860473261975,181.60557561107817
449.64197618962004,472.10097123159176,88.71513379959916,180.0853367297568
451.8281150186982,475.96926752869535,88.97257206093738,179.96664689128698
455.433258170121,483.487467072539,87.90213637454684,180.26108314600685
455.2132409260411,491.6217602039767,86.53195705846167,179.44894829914716
452.38384112197605,497.39256152227387,86.5486792206079,178.94707668824853
446.14964425521856,505.0660892778179,86.33753041261903,179.12945061289042
441.9837808388211,509.5488063653381,87.46352823769308,179.18196935685634
446.374414663217,512.9284556911273,87.1080637734104,178.66961465593124
452.0105237606485,515.6117041632742,86.70048199975109,179.49362512359406
459.03894952503725,519.5952133568815,86.8884186408344,179.11218088646507
466.74436482067546,525.6330225628484,86.22584759393055,177.84957364396473
472.80924102977076,532.4804708860015,85.51816567897482,177.86932047605217
472.60178585747985,545.896514387014,84.24152636478132,175.39149487234255
473.71430840129983,546.9059794946099,84.55845415273637,173.71124480527536
467.45537387784333,551.766729934403,84.88902919330182,170.42379400884974
464.48408288568027,554.5446186734404,85.1483717176365,167.9036398427714
469.0762636118332,555.3596017142547,84.83604719922951,166.1307916822566
471.6771359464839,559.0327555166414,84.0948604675502,163.53077476122968
471.8969472606983,559.948960987611,83.72704234768827,161.65548997106072
473.1090557791747,560.0295228251356,83.06111989310233,160.67497814484273
472.7860999784924,559.9716867721363,82.29633427271094,159.74756956331834
471.352209607944,560.5750727149663,81.99179631683207,159.5823878914341
472.61612502589173,558.5499489610296,82.105428045405,160.71335916181962
474.08414580318987,557.1961897991525,83.15628944300299,162.6127105048304
473.94826149430867,552.4096187963975,84.15833071148407,163.42633960903436
473.0053051185877,549.1013676046049,84.52522636259171,165.15043934369382
471.35359923845203,547.6467556217576,84.50555281478819,166.56223370008954
470.26794896486706,543.3271059428222,84.41720027052747,167.43388150003813
470.82721020186113,541.6738123190472,84.91295992773436,167.93821740862927
470.7616317896208,538.5245487668066,84.71835018879952,168.20711528261128
471.9770187578012,534.8119057127992,84.26794307849619,168.02550355966298
472.1542825056011,534.0467589704284,84.86877605509868,169.67382730192753
472.523593737019,534.441157270364,84.91418718877856,170.3168868574519
