318.5,153.5,37,49
317.96662223812234,147.7008715589458,36.718073746039586,49.249271210111324
317.6443712128523,143.05683262677312,36.77377226684034,48.947369902703784
318.2894481703549,140.5365708253462,36.96806201638597,48.38459054993017
318.84881255029967,138.4826561840474,37.08595380188364,47.67765390235195
319.2196698601242,137.78199009909238,37.109964437247065,46.87220206232852
320.4726507732205,137.1679075394821,36.98253287495529,46.56842982078555
321.44311290069044,139.18765768812665,36.88186805280806,46.26414661791784
322.196390930649,140.5048499041259,36.686487100846925,45.5486723316789
322.23102070929303,141.11084253786112,36.343991298641875,45.16192094091366
323.4633562708344,141.1428751601382,36.19492772331913,44.64338917461954
322.9413143353094,141.902549487454,35.57140750558581,44.51650003174486
322.5282860820767,141.67511550564222,35.08296236887047,44.76107224367749
322.4366495998185,140.87266038792183,34.91954876155036,45.215981072448685
322.82741312671146,142.03179165691546,35.16105079673848,45.266054735175544
324.48128313717064,140.3959044186476,35.37512297636634,45.39961700773176
323.81130911718856,140.1254464623852,35.89767914392451,44.91001295794576
326.34384231905585,137.5151107338037,35.26192449250925,45.93389038205822
328.2646156848426,135.383605431289,36.006599932719205,46.11589207595482
332.49224910571417,131.82565027204183,35.836129805758816,46.8324441218967
338.9660598071113,126.11574864643555,35.46066721644107,47.01052621984998
340.0998453201677,120.37305000288084,35.33274701201414,46.794514167054594
343.1308291043428,116.27497645621983,35.075544668120635,46.34660207916324
346.8085824564522,115.39944673062146,34.931365516697326,45.403607165201876
350.5526731958478,114.8176375714751,35.60686792920249,43.551587608891346
353.29924185340616,114.10032979926747,35.74931830634643,42.37733002441561
356.0326713339704,116.34615781000701,35.253293123599306,41.56618953066176
361.11082136940837,117.33697919632883,35.43914564824339,41.410030318580255
362.83621767279203,117.87439755695064,35.393579987353206,41.097541533966876
363.1106623393491,120.92753208149628,35.46190581079418,41.02453092298595
367.450265294999,122.18583244552826,35.3144830034373,40.982303773947244
368.9390655221707,122.2167516279064,34.879160123633056,40.13614678326399
371.23863017429017,123.09845102843049,34.74631557128623,39.590051973533576
373.2928486576193,123.53409428413366,34.452066846586646,39.09925853678276
374.68813274345825,122.9053812189342,34.710456738034225,38.35595701367828
375.5764536565648,122.48426406064694,35.18833294389512,37.73419348937144
375.6522142925271,120.32329858486992,35.07942182552642,37.09895013977803
376.82334945358906,117.43825662988019,34.38935422881293,36.884721038588054
378.0662632489834,109.91373309538884,33.71103641795444,36.81715853420649
379.7688776567153,97.48334598208268,33.1224656225102,38.6801071382602
379.90953945031777,92.99955790199826,32.51030517297951,39.82702747567515
379.1248055419491,89.71991747811579,32.42779688116583,39.79323209434464
379.96936455519483,81.63533209120388,31.550269287795096,39.54297499646436
380.53124820002654,79.41027062487237,30.819107749884513,39.0396486798598
382.24210213511844,73.56196841688313,30.2500092756816,39.07955010053797
382.35406579659406,72.64454766606427,30.036939580457496,38.65716418136881
379.7571958747551,74.0344874453555,29.778753192751125,38.878326035139864
381.29929759855094,74.57191570056838,29.399703448848957,39.06120918783818
381.01592349802087,79.06019138158004,29.1558434417296,39.387935795175224
380.5464019855713,83.3199588230095,28.818828150397934,39.823666911156636
380.7166294122178,88.2878337283868,28.87604776824488,40.38162284991375
380.6242932189644,92.54972726721059,29.606693634499546,41.628920557727604
379.5405971608726,105.52147359187093,29.761631240947914,41.858760122762384
378.5104311987659,115.16799976469471,31.139929328319848,40.9536758404693
373.890670607924,121.12980359142028,32.07395715520622,41.19638612677649
373.54422942327176,122.93198071815985,33.563729246858,41.347334540915135
372.1753203712404,124.75854022621554,35.412048461474406,40.862167347084636
371.7891780815232,125.90654428430418,36.741419270233244,40.7899308030204
371.66717060969796,126.41620890423792,37.91266266465878,40.194481961426405
371.6654693001187,127.26128215096978,38.89061654428872,40.05055267110294
373.2059029205381,128.5838464626551,40.6282078605788,40.02701466205116
375.9005445672698,128.4984898474592,41.38475376786,39.45111087326643
377.06454986281557,128.18751894654895,41.75335863430326,39.1479862039871
379.01510043834566,127.64912816533311,41.939791434048786,38.93252917331729
378.8692210741383,126.5637647911399,43.148862605719856,39.24954264770161
380.3813627147625,125.40530695384875,43.66764081929878,39.648432232615654
379.5460346092729,124.6697466069281,44.69639738494934,40.07843811932803
379.5117381147408,124.087617714362,45.1921330537049,40.51285890409023
379.94813184564845,123.81249960593053,44.97652351699951,40.44550683932171
381.39373803516406,123.83927657403176,45.044651471906874,40.56656979128471
382.3348799291595,123.9584588067486,44.70034216073022,41.01622025037724
382.28329666901453,124.22572706277624,44.963724967798605,41.69626641997783
382.4616802598133,124.83928302623036,45.51378911030151,42.49175275967116
382.7998586221536,124.7682933590803,45.94510364645478,42.99730570475391
382.31288503293933,125.05320088565048,46.273606968167044,43.34958451986917
380.984678228583,126.00723142535426,46.806324964926006,43.6465319472365
377.7642033553243,127.35241508573503,47.233227565599904,43.767178086634246
376.037825180865,129.29982160183263,47.54542924799932,44.34972434933041
372.5278307389099,131.35200118338201,47.87669218357574,45.33131317664916
367.9655008697708,133.59495964808954,47.500275223550865,46.41905328306171
362.26127590430633,134.91250411346175,47.25381602056858,47.11473222226661
355.58242355961374,138.39759995583682,47.46679872509054,47.79103063456241
345.6678489054542,139.62731888396016,47.451824193077485,47.1376482049133
337.2723256793155,140.3041591198879,48.52283509237641,46.95534777608762
329.0184854956214,139.56113300225405,49.243620661485835,46.787843306834105
321.0229832384861,137.56803483721538,49.61694653348347,47.00499499923143
314.36875983292106,134.54954174711156,49.89015984699397,47.13240667077209
306.5068877270327,132.5394064499452,50.62978464348751,47.01755401223613
300.49434261572975,129.5694606872951,50.839924876774525,46.45952979275485
295.0714849991753,126.81048166763676,51.04939056764707,46.171096116068085
292.0064682046708,123.81853268594972,50.71571718644124,45.503143855900944
290.7570183510455,122.20592271670762,50.863808273239,44.55839137464635
288.5570818185119,121.7755361992221,51.43712036418502,43.81610106466195
288.32651577845286,118.95913022257135,51.15914340499651,43.28645936653524
285.5655752695621,117.9906707567514,52.000492921008046,43.02609908331614
284.26976350291665,117.23088581534716,53.20518861120503,42.632976538489416
285.9116969394004,116.27513517142478,53.28948222445884,42.71751130221003
287.1607088213175,115.95809200641278,53.56244191818996,42.72126557952635
289.11293268427147,116.31356183931806,53.35929314438462,42.90046060590788
291.44218051687415,116.65085010839988,52.92039815666954,43.888381468981734
293.7599170715066,121.83349870536318,51.50051266337136,45.47929250412006
294.10612631729134,127.27394999866488,51.171677766362535,46.969847017431206
294.1733757409143,127.73198543495573,51.33534137944382,47.55047762380762
293.5956518748919,126.47181043764043,50.90391259991472,48.03414119799756
297.23792670629854,133.69336887201155,50.30626832116526,49.171212126801706
302.8938591657783,134.92261914354134,49.60599950968867,50.301477443345995
308.25843690382555,137.40109241793996,49.23810444771769,51.49517424324262
313.3892464750767,140.5284790923291,48.87077527561339,52.55994473296532
316.01010775338153,142.39786819167622,48.5597458685703,53.38801767333969
318.97827703265324,144.78796633523888,48.48197645522957,53.45073501383889
320.3742804306389,145.33789333883578,48.41345059912331,53.82697072260273
321.42770354247233,146.55145698614461,48.20499550304284,53.949640724509074
322.37058435289185,146.7977425095409,48.36814211584635,54.115747434502865
323.2974082201937,146.75251598317627,48.403084597879285,54.52429530701631
325.02584223007517,148.44134039701362,48.22601961575984,54.43808672783098
326.2856142133731,148.5138396995427,47.932698164270214,54.738563134836795
327.27447419268043,150.25229656033733,47.73596689889279,54.58702163233325
331.4388098240485,149.4907341792966,48.16262381456235,54.27920638625123
336.3681708104815,149.37231208466264,48.73247258907195,54.38340842559393
341.01312083369214,146.1185441996975,47.8773574318718,55.2478935249004
350.5074361666844,142.26174428357461,48.612006718890214,54.21751581045427
353.2561570740626,132.16497599913077,48.19393731013959,53.77130285236444
355.38511111558563,125.85117742615886,47.43893650324715,53.75487228834734
360.2093756240239,118.96718519278849,46.64010269205911,51.85828308565446
357.6969219708104,124.91736539260006,45.435911201641574,50.15678190081406
355.51744909330995,123.79412975260293,44.714791706245784,48.46059237224508
353.52906140581945,123.15177843505265,44.12415613533454,46.836392600653134
347.0273345933535,139.35900768680895,43.955498249035955,45.67416188034365
345.34180540704375,142.15594275460737,43.61956900225538,43.18575596479382
345.87824359002985,151.39650302436436,43.275794532569165,41.11081485338042
346.97048137576286,161.40623663979764,42.81441664310239,40.029593395829316
347.9111749996917,170.81655371254755,42.590435367725505,39.84015241134022
347.60142475523173,178.1386319647877,42.26388080198081,40.29339752581748
347.86413404570663,186.20305796405563,42.2590736860083,41.07716225701793
346.4342451779053,192.31977817248963,42.558063267008826,42.18223426080418
346.52115851850306,198.61307034800507,42.34766930388176,43.137787055769415
345.86178378247035,203.8219740268416,42.1199940294338,43.171469146643716
344.6601804459887,209.05640004882937,41.8156637665908,42.949527197883015
343.48392136730223,210.92604697184316,41.551023511030444,42.97741784778132
342.4437512808193,212.56179786958268,40.91907411223412,43.18894970937626
342.35659357794816,215.16951776084863,40.649466998292624,42.95785965447501
342.4134718410148,217.1312810668901,40.30568179815283,42.9087381880372
341.65538887805803,218.49904291045408,39.85927956019462,42.72911602831402
341.9992465177024,220.18365383863446,39.60753777615097,42.49771584630022
341.97630363036444,221.53721040723755,39.4390269399708,42.12314751271338
342.5459628994886,223.14182185346655,39.5503492708631,41.865404055222406
342.58238169801166,224.6471460134042,39.47351617610592,41.59505233759624
342.1844922601328,226.31786560403847,39.30590166168502,41.39658252621602
342.1407013332935,227.59026699153716,39.328919704538166,41.33592253152263
342.2424967223007,228.89566902188477,39.19468369909161,41.31738765303259
342.05098843461724,230.56131482612506,38.915354984274515,41.50977816201418
341.230402350493,231.94175040544866,38.62077571438198,41.49666443821194
341.3855053322376,232.82205899681801,38.72099922858462,41.32917653270255
341.2856844137735,234.34187105070455,38.36931258526908,41.461344216845376
341.19352643923776,234.4842130880625,38.358819395565604,41.41227529126983
340.91442728576817,235.14954626787238,38.30954820339364,41.632714073289804
340.0476662625593,236.18847210638228,38.28351598288183,41.88790620997544
340.35384206089395,236.80734995630095,38.15942745679576,42.056949707335036
340.076921045573,236.58549532048502,38.02168734413101,41.964301933793266
339.30677950896376,235.94695999440955,38.04976290926236,41.88881743019009
338.176398465907,234.51270065646818,38.06211667780981,41.46334954715865
337.5399435461716,232.25255966816778,38.150788679489224,40.62942829957735
337.3836997957915,230.97522083198442,38.38988996557601,39.94016824115491
336.986537147828,229.59943074868926,38.735387756391255,39.57515790786729
339.2035475690945,228.98536791210708,39.32525645548422,38.71059311319717
341.32425151157526,228.00843796126162,40.14804038875997,38.62814019636083
344.40870464698844,220.5842150501019,40.6694760673965,37.474478398441015
347.6298651055281,213.63144603587074,39.79172080888653,37.720309357506366
353.3726320495702,206.51686144214585,38.1118691031144,38.829540648227635
355.61001286090504,198.82849634963864,36.74480449048499,40.056660313832865
354.1355753154937,190.16702979224814,36.3065073591702,41.8277955617926
352.51225506858793,171.22613873479162,37.064322770202814,40.88525211518222
350.4657367926043,162.63481889945848,37.59733219967258,41.465083787191276
348.9416464037599,155.07659418754488,38.529867330312435,42.9868552859086
349.94605822375,146.14682466590176,38.722696694024776,44.58076932919485
347.065922120346,144.12148356931436,40.22257194343538,46.06970945503256
345.43448405003704,143.60835749369426,40.68604918497483,47.57204929567252
342.5372834650111,144.84934049868315,41.73215504786725,48.61228077066485
341.4358048629681,146.3171622304984,42.17740715952322,49.29650916181643
339.42914495118845,148.98817025670468,42.27685641003871,49.73073536556839
337.3034541911825,154.0432726395056,42.50762139867851,51.02404069365552
335.4321279266413,163.37266609501992,42.5698489990958,50.93758235013176
333.05075333090355,165.58329756965782,41.95889137294434,51.46623337943265
331.9394997538582,166.87291289670364,41.86351312817027,51.872526187636524
330.6878033414336,167.0993521065786,41.780675913422925,52.213857665404774
328.6193676945042,167.73585102458483,42.02862070123917,52.08328214785085
328.17308246746614,166.8822353157475,42.14858478248205,52.07507174251986
328.1425097116768,166.57650643160534,42.14222272158868,52.10915445644476
328.18785041923184,164.88005985644733,42.22523426304544,52.35611755495718
326.6731866730344,163.8868228205839,42.12978896834615,52.77057884458719
325.40787879989614,162.3457874742898,42.35207394031539,53.18979510411563
323.40386898274073,160.9020629680854,43.3540210534166,53.82902271912457
323.1483766177713,158.89976160395238,43.30025463513154,54.74270476066882
321.0323818442036,157.994417118986,43.97201607290722,54.2097629398911
321.50158725510516,154.92829887125,43.59213087299509,54.67596139901667
324.07656417948107,154.94225231550263,43.45545550858778,54.78476075843717
327.0104955213974,156.3310195747052,42.96704600697555,54.86887098490507
332.17066702697616,163.4886654256848,45.42426704458513,51.96093840617591
336.2595825222262,166.1251748866558,46.880802089546485,50.244193898296366
338.2741787964981,173.362499077667,47.59429199797286,48.65701003958942
343.5569710071815,175.18182632453178,48.709582401129936,47.253882584434066
345.22674720969144,177.93676403334428,49.63680655784722,45.88591438192746
346.4884259269853,180.91081720920567,50.51706006800734,44.88091229732505
348.61926367312145,183.07618070225882,51.30528033913231,44.46079479493763
349.7544024851051,185.44131223991627,51.816298491532116,44.006429699359025
352.0992732886861,186.99886534965583,52.0982294193128,43.80408373760085
353.66886000893993,187.96264394215638,52.316046793014195,43.84053559915438
355.47510609380237,187.6463233853715,52.28051041857735,43.892715925904646
356.57984002194854,187.0306501353686,52.02893414572769,43.61845339041851
359.546675709694,187.2342694336687,51.93699098068599,43.33045729060682
360.82234929498526,185.99169646199203,51.25320741541202,43.08421466508193
363.28210298241464,184.4347496533447,50.59403548595734,42.416793194104514
364.1311371842295,181.63754646461655,49.41971273834113,41.632736303280815
368.23253390837436,180.3002766952851,47.972295152172954,41.63858492206757
369.14006593897045,176.10650079876447,46.30992480965254,41.77978642671775
374.9101012906848,171.99831638233766,45.759748019492896,42.6621680235484
379.126012898912,163.11057408601908,45.85044391467183,43.63876154868072
375.45127251849567,158.33474432158027,46.197374073545284,45.226741287061486
375.60613859856915,153.00974858695793,46.8061330981098,46.315307547260765
378.10916126559727,149.134126888551,45.988989188461446,48.04346821092034
380.8193282568853,141.02471161199298,44.943307591597055,50.44384974365061
379.0643639821993,131.70492846071957,45.67491082167882,49.52847677617791
376.375456207433,122.1189357424722,46.36638603918031,48.501249184718546
372.4909321568969,120.09735998288915,47.49713562874726,47.41591788528115
368.8048546450241,116.68463896139006,48.34636718294951,46.71522066894093
363.17030276986065,114.62400531855295,48.70666603978266,46.67669505452973
358.81720148155,112.51424403076328,48.82680713874287,47.219553277692064
356.0159421313797,111.76096188260931,48.70526864151265,47.70317824962103
353.2291234916705,112.48184409055668,48.692976050325555,48.82920815669381
351.68006042348617,113.85722889394881,48.01830722476492,50.41924264994617
352.44844997106065,116.25867326815512,48.18364986423517,51.67713013520664
352.76543428751995,119.1791327864344,48.176411554154335,53.350080861068776
351.7488924250436,126.1975136782114,48.2872739761209,54.259988656067
351.5564124595225,128.94815661839985,48.141408947885026,55.18912794277385
350.3691453281743,136.80557331632215,47.823168199518854,55.441024664727074
351.61642237378607,138.13334901687685,44.85906659814821,58.20884362494581
353.022055112129,146.04302202724418,43.78115044473494,57.975193824609114
353.7404353464456,148.28731192289368,42.7430949519452,57.631626412002745
353.34057298718506,151.3826579191565,41.621652535227675,57.930748700940754
352.6611268774812,154.33263935575582,40.70122117675458,57.73601034174964
351.3846050206688,155.84874046126922,40.538474857038885,56.68561202476581
350.312020650628,156.3215880074564,40.51111747598091,55.56007764916356
350.01089368718027,156.02986545763343,40.44646743025068,54.07587791429102
349.3214635589336,154.8866259212907,39.91652064748316,52.706516113258246
348.41100966717266,153.77024681082545,39.33214545676184,51.47406556534414
347.5758821577996,152.12599819945694,38.61079891300804,50.574224508357005
348.16159877590576,150.07873969302742,38.116570285712946,50.003045853949246
348.8331761635096,147.37595979079654,37.447952751964024,49.77112063109775
348.5554739424893,146.22100711376854,37.16489418560095,49.2483634027563
349.48503439143434,144.703691519745,37.22593739598718,48.74269159893627
349.72066947273663,142.6690255196904,36.9209964235176,48.73065229167245
350.22805106848307,140.88437749916667,36.81638423681603,48.7512627820302
350.41784461244674,139.96246909065707,37.04411453694639,48.775167761471586
351.08272253946757,138.6903610330644,37.275423283849236,48.65967299256273
351.2096279460644,138.20134345791172,37.5206911318589,48.51350481855011
351.56852165455985,137.818643351657,37.664399328919906,48.618710455273
351.25229660332286,138.24792363357955,37.5541520732624,48.870409901193504
350.9891686733276,138.46454054523775,37.59176834012861,48.99954548410038
350.1121853718384,138.80877572760213,37.39894174452151,49.447427896852716
350.02553057475745,139.9108727072421,37.23035364242676,49.914324540447524
348.90580617750965,140.14571474097852,36.882189331148446,50.253298536386424
348.43193355674293,141.12684176699202,36.839194809898785,50.27641047118348
347.95429900459493,141.66469059121636,36.91403774575305,50.346861862003244
347.458395729475,142.20333588339378,36.95177819825655,50.341928813010654
346.43053870247405,142.25318992283974,36.98907036390699,50.3821885929101
345.4972938891816,142.4258040131408,36.9656439281368,50.569546092792734
344.9059660731096,142.3544779985771,37.09996400806531,50.44982172407201
344.17075557013703,142.2554303102453,37.159691249323835,50.88168121273134
343.0629819309046,143.7148947575793,36.69130002452336,52.10944125620421
341.4289119466434,142.82117891791268,36.252496957920066,52.30909889722258
340.0228856137652,143.9853921652843,35.625569759555944,52.40433601865978
339.47950174872636,145.2540737543835,34.61805128624914,52.06188169780691
338.16777216128605,148.22932854690757,35.23589451149904,50.71351396990603
338.9543273489522,150.53777854602578,34.22429779850509,51.16324004359956
339.20833225631173,152.02936948203876,33.5183229727853,51.27797382098764
339.48045020571755,152.94807767601523,33.24552161949064,51.1431475409525
339.080588610106,153.4766223106764,33.031420943869556,50.710335386498336
339.3694532134038,154.32652698351876,32.94958280167941,50.438166002056306
339.51264873328637,154.50337993082118,32.95909502739051,50.016474922960754
339.9238325839121,155.00647723007967,32.84233027003632,49.81876678608316
339.93669382908917,154.5687863131235,32.80891508874342,49.05849643550916
339.69016272093165,154.12552992571287,32.6191696211138,48.5043641116442
340.03560803463733,153.21798920760534,32.510066818333144,47.578319725792
339.39763355305354,152.95765003207833,32.32487872515,47.23388195746124
339.6068221860268,152.13502365496504,32.34349639924593,46.623131331866034
340.53252682835597,151.83074349191406,32.39755867792692,46.4940425152258
341.3092544102628,151.1273726221474,32.46132272378425,46.41006505557854
341.9015490877543,150.0933908649985,32.58826741592809,46.66728190010709
342.35294396771684,150.0428723390652,32.67826245414828,46.499952823767366
342.5922756876976,149.9281530672971,32.741764889621535,46.32587835298704
343.476837043412,149.35720772436827,32.800401682511016,46.27295864837229
343.8444677673444,149.23089237004694,32.77192484062614,46.28265384852532
343.50259670856366,149.73122587853354,32.76047515759334,46.0263946641747
344.17595013204215,150.58821453123832,32.88349487313635,45.87867626608323
344.3805500854934,151.3740533312204,32.88147640801782,45.65543502170989
344.5200382672563,152.17176013132436,32.87908845463096,45.69310512263569
344.69895297192517,152.41540804771094,32.933619147231475,45.41836657588666
345.2194907139934,152.95905208263483,32.92999195010519,45.25051537804435
345.47613550521726,153.49131602143274,32.21417295216935,45.61157658507374
345.4192169086369,154.94581312173267,33.597556177281895,43.763240243322485
341.5800454565371,158.31312112202622,32.864931254638215,44.08027190585183
340.28004185693175,160.2842226016634,32.304926685507944,44.65345743534698
340.4218261661986,162.59379284449523,31.400557869849596,44.78522818549268
341.5078150990145,164.66199023980408,30.424066311362033,44.898961664070484
346.111143094141,164.57299892487111,29.856030697695935,45.13624521951907
346.895676909271,164.8623763440122,29.618752322578164,45.2460107531508
347.89090580715236,164.42958955989448,29.574167906522856,45.264695004350564
348.4549552230457,163.76144668414562,29.72765524493267,45.32254636005818
348.890184518754,162.34907716560957,30.224292839200302,45.48814743288162
349.4246107682208,161.89262707022374,30.48782135032215,45.76820663263308
349.5859656120633,161.0229568504696,30.83546441961422,45.91763537284638
349.52897485791664,160.58184842933434,31.009788470734726,46.27730950004425
348.62478164351484,160.1209770118489,31.282656372507432,46.50981718420102
348.8170304009161,160.5230449205224,31.470934340836283,47.1545100640586
348.3918621138774,159.82691228262638,31.802194746376536,47.26676809669422
348.55778114731675,160.17616149020577,31.981842911778543,47.62813610991071
348.48605445961294,160.5985624537007,32.08693233127124,47.963664697828676
349.16534973054723,161.34532418240718,32.22890672222577,48.0903716767408
348.4101857097106,161.6534048130591,32.37962539843579,48.046141837193694
347.9171347271142,161.96803382631273,32.582255123657426,48.18473051421579
348.57331532343153,162.69576605925863,33.11727063523878,48.13177144612061
349.2567660666161,163.2229466525193,33.672172265668095,47.81822452818828
350.3289583665357,164.52920654203194,34.00854466389104,47.80439168268049
351.74501890842845,165.83313196190053,34.17806986039423,47.80668617337237
353.2537277964452,167.5440648869233,33.825557155619165,47.59317431960372
354.9575947212585,168.4355103965325,33.4841253670736,46.99502634714587
356.4687419062966,169.08593695387134,33.01574411345242,46.94462587014061
358.9018026644153,170.06669967736366,32.5669924397443,46.72373093062518
360.9654290090203,170.6825201717724,32.2233217226566,46.29062236816493
363.0235739907748,170.74952848416746,31.81475585353841,46.342348181214355
364.79973592334125,170.88310494913335,31.292020687746287,46.41829278903848
366.61178981806006,170.74362542973597,31.013523755318637,46.376999886152376
368.21613626887927,170.21386320107277,30.676957909802034,46.23827655314217
369.7441405599635,168.50259748249462,30.46831828324574,46.01768221782224
369.7895814966703,165.57870392417513,29.33358443820586,46.21459233555987
370.0618088470393,156.8101047106165,27.902522090525704,46.35551047398083
370.0554347476121,148.9046888911013,26.68084474464134,46.59682593106544
368.99544795182555,139.53719479353015,25.505952251161986,46.50357277794112
368.80962803352924,127.18415013711983,24.623001814851108,45.790415417177805
368.5357829489731,115.06543123473432,23.978984253670113,44.60601255422422
369.03117649066326,102.90239565615279,23.413588516506053,44.874006852866756
368.59977301813075,96.97720572868579,23.324618062984804,44.415401951331035
368.6802469123797,89.8542321373288,23.4571977286247,43.6166408820919
369.51490309785055,85.94793874433458,23.294754077737586,43.61675484779836
369.7172009703493,83.27572072251682,23.236303575192686,43.83222789781204
370.3525917374167,82.25834074255168,23.09237610313837,43.776525888366706
370.675698359577,83.58503723958081,22.589657256219535,43.70360893991697
370.25969616026117,89.82186239372116,22.646285036942693,42.40744409763969
369.77253267135836,92.33257321454681,23.12497257135084,42.61978042870567
370.0373397932133,101.11253248239142,23.063440040363766,44.11547445710338
369.43634765896354,121.51333044248861,22.845126447763914,44.72461843559063
379.3475729612349,131.05440393366598,23.048611969930207,43.41604628233745
375.31672033644617,149.04446443436132,22.091380108606852,44.82393339862258
369.5789568110782,176.013957136794,21.769058457865658,44.824446895124346
368.20213511197187,194.47876589211828,21.61047064918438,45.28149091401683
365.6227535466914,214.86293832255103,22.356802539663583,44.29574645598339
365.4889099867462,229.57139923686682,22.632855855970305,42.35389176602366
365.5262913438414,245.34501011677628,22.315139558181762,41.347214516092436
366.4061747440152,256.085985274742,22.073858780783436,39.968364023159054
367.6308011670357,269.74766812845536,21.87770704520079,39.024699930112234
368.30132050280093,279.11624492461965,21.575638486470865,38.102436245620595
369.2816389462659,284.7477075152361,21.283205907097123,37.11637797722951
370.5129811832628,289.75481270941833,21.194126445997007,36.15357349554226
374.38860839467765,291.11113940622346,23.613263105930983,33.38190862022962
375.3622310111042,292.09268764371956,25.6772478649907,31.23301899874644
376.4727910479187,292.79737477433446,27.34358277793404,29.65252927950501
377.85291534431394,293.4157259906802,29.058970190545136,28.559336771225322
378.1643856052377,292.3891370824644,30.503980632671535,27.665773006693676
375.6441102359728,291.5329721344219,30.42793896397484,27.60844684065252
375.77340210870557,287.51780392478423,30.39071713874681,27.811345859110055
375.6548563463499,283.8711784905753,30.410982120246224,28.054545515217164
375.88042767489435,279.35291824724516,30.632014751357744,28.242742179855853
375.99171724052087,275.2046367813918,30.805134048258623,28.39368762651621
376.8523734759552,271.24320017293667,31.23054532464348,28.180854895550546
376.91968163382853,266.7378757722296,31.75337342637342,28.270308666752243
375.94876099203066,265.75649403556014,32.02096839878136,28.66906330811333
376.8157759126766,261.60886222724605,32.52802957044427,28.57664496368189
374.7852156493913,260.05379922517443,33.53779950344788,28.42972641406849
371.09113201128906,258.82899556058237,33.220397512379414,28.649271258511313
371.2247462822314,253.60680971021387,33.42992455974144,28.311802634846504
371.55856422366344,252.74653049148833,34.15846787609616,28.419635337586868
370.54401949363347,252.4241320038946,35.337437387769,28.851307367014584
369.30233421063207,252.42569007360112,36.42460908502033,28.974824528978814
368.4903486463411,251.74075732196127,37.312804742868565,29.373710878148565
368.7079189889026,250.66868151124,38.188035218252864,29.51560777508854
369.7292567475502,249.4945867646161,38.68007678393488,29.615943750804057
370.10770600158435,248.77707841263543,39.23477884177687,29.77545455438234
370.52907580970054,247.59962707173523,39.673991725887845,30.077930421149805
370.54939970335863,247.28232873129238,40.185869041663864,30.299501722854565
370.0715022317165,247.88900849269697,40.48434312790004,30.61797477584345
370.1658756257151,247.60581536770061,40.978665926656774,30.776957079913284
370.48042356602383,248.71744212504112,41.18733353433194,31.060877103440298
371.0172345094868,248.14040034108052,41.524546317472826,31.44039610713346
371.82023212217734,248.01488882790127,41.68913603300209,31.723402814515048
371.8176976690677,247.63719234116948,42.018316222046934,32.086332491326814
372.8783452577619,247.16538254870906,41.895892132686434,32.539003965428776
373.49857559068744,247.49015163178737,41.86304958416777,32.86521940463793
373.8434008295316,247.82242623492556,41.80345256707747,33.04711677209584
374.02971476012146,248.32812943986096,42.05844993287225,32.891224352150395
373.7891139932635,248.45299362191196,42.37202106235416,32.883994132555834
374.2932151152926,248.16322998222395,42.493077927793095,32.98704185179501
374.3815832814489,247.94392227924538,42.746392177174116,32.970143989042974
374.92164534620827,247.82895947422045,42.975395140016886,33.03426835709892
375.0547480365706,247.56922073475923,43.19356487850151,33.246949553491554
374.75456213583726,248.35158931123064,43.55503779173789,33.17292158614904
375.37873299322945,248.1797126945371,43.58749498900184,33.40407064849844
375.0727529733414,247.71272458070632,43.713447010522714,33.45069321748384
375.3065959595473,248.07627033167918,43.88270133857554,33.386622147533494
375.0250482549084,247.52535039557026,43.78954251592343,33.211026478598384
374.74397324829044,246.54716688738253,43.801847370105634,33.05137519968575
374.6827278690685,245.71160154566118,43.702044706923445,32.959492043406776
374.0902772150061,245.74259246340407,43.71995048968817,32.89136786219827
373.23363834151365,246.20902713019262,43.7437437596299,32.90531574787851
372.92049134837475,247.015097200057,43.693823646977336,32.76639595650789
373.41400804179085,247.4019898233856,43.61823253996083,32.72506101626622
374.22705529935695,247.124005546502,43.54196452762859,32.61003552668324
373.63634896030027,247.45810384123567,43.45423433960728,32.5522791914273
373.8289516420188,247.08732761284512,43.37444150706925,32.58822095570736
374.1265134215111,246.77949705959787,43.47470251010023,32.496936344867095
374.1534483011051,246.05643842942413,43.35843059938723,32.60202944482947
374.4441632785304,245.925277418206,43.466212609143824,32.73411087788543
373.69049435619,246.36115581435462,43.63526858393624,32.71250175013519
373.4114204851807,246.0693841167509,43.69572737684675,32.65138806993745
373.5056356934917,246.82028376643328,43.62098360376572,32.49158937424859
373.4123096961891,246.15347233189385,43.512955718228646,32.51737463785108
372.82907907421406,246.62645312747247,43.40473563245159,32.52279610095023
372.8957896842006,247.47446878592024,43.3399690837898,32.5253995277452
373.53599523283117,247.2456505156318,43.624017668039684,32.37456306541144
373.31256878605194,246.9744755055329,43.78394003033479,32.50272699537832
373.36613739427895,247.1346570487147,43.684641644232606,32.79404507232576
374.4712679619541,247.39248346827617,43.67932845733813,32.87716803724562
375.56654854578267,247.49502503571924,43.445113443893916,32.84701507253787
375.77877872387955,246.8951374225528,43.14784914633106,32.93057781164996
377.47598958651776,246.05369905537975,42.72321001192072,33.05019577886813
378.70602816191604,244.51372835558325,42.21768598841305,32.56987068371012
380.63571333623247,241.7642695613519,41.688446693704705,32.305576068193346
382.54291377392894,239.24513629898698,41.052765338880576,32.40632685729697
384.3030407373249,232.18756905847835,40.40477317470769,31.984066814693612
384.2341064005981,228.94965436876402,39.28584858758701,31.634146320007304
387.4557790516753,225.52578224499828,38.624499058748036,31.58917654394865
387.3176727839822,224.07190302198768,37.860572395831014,31.555637220423367
387.7951310193244,222.49431621049857,36.72140984701295,31.90782517521921
387.58565001017513,221.23361728772434,36.15070462850659,31.538740118240813
387.26042431922684,220.12927695279416,35.411907400860265,31.211234808258048
388.2715648483475,220.50152018080735,35.108398038709616,31.15689849394765
387.1581922903017,221.09727331913467,35.53517968052751,31.116000876083586
386.62798573364705,222.37890230766848,35.36070054472948,31.428599536970673
386.00011837665403,223.72983835270776,35.63097479852956,31.615297517158886
386.3751604101331,224.62314680050932,35.67896444058247,31.199015485218485
388.6113485985398,226.41334945674902,35.20795992427324,31.522732286920597
393.5341365648663,226.563845416828,36.306066662213524,30.6134936826882
395.5294171741251,227.25338229545537,36.8428596841134,30.422464950305333
397.0635413498953,226.71642991407876,37.20430336252601,30.2083991701508
399.12432974288777,226.5842596021416,36.835140803073095,30.359260634252735
400.6657738537451,225.87110755987638,36.526913407087676,30.000301180422607
402.20396173361996,226.1372002793096,36.366294111342526,30.185529643838848
404.2568547760546,225.60935984623703,35.96618553578121,30.2141749159975
405.4899999994495,225.18817019308486,35.71589302333276,30.239995980457664
405.6235203640681,224.54889842417725,35.72232928217272,29.946119398033595
406.0166435039162,224.4302523628977,35.78073452272876,29.900729131571776
406.25427409534717,224.0964200188605,35.68416420848288,29.89596074135717
405.81023482766057,223.7309529476674,36.27880413044131,29.428472690216175
406.0126093988515,223.6469281759912,36.39903267208041,29.382776773654285
406.03366945524687,223.69519523796055,36.976371115465,29.026867077511046
406.0465361255624,224.02207246278937,37.499347703823375,28.85597447453882
406.04047348607685,224.68062586580274,38.1875929659907,28.83785791814586
405.4121732550657,225.29408566262867,38.59677327201096,28.898287906212445
404.98484617944166,225.5385417861603,38.85812648465274,28.962398639839222
404.7811030938786,225.14340503704656,39.02155631174662,28.844035031648026
404.74301237880644,225.0573212059431,39.38536302489377,28.655950551902436
404.5352317454428,225.1308602633864,39.52048592806896,28.693533333674708
404.74343994085734,225.40565532554106,39.75941104324416,28.681793291286056
404.2328058708508,225.73696068287592,39.9748192002898,28.832597448308988
403.78418008387945,226.15210898124946,40.12957207838219,29.01634954712622
403.7582679557191,226.1262383823345,39.98097048633817,29.27375205670176
403.5055887035598,226.3885591533809,40.13399672647173,29.15787067481672
403.15585557151115,226.57847107377438,40.26729545717134,29.174964326181012
403.4311970083104,226.7324281329593,39.99984875934839,29.361085213380605
403.22211768857034,226.69186631676124,40.10517733810813,29.310425986212934
402.39327812099526,226.75473638906212,40.26238941126179,29.503407374432836
