335.5,466.5,128,89
335.54282204000395,466.30459144230423,128.4184252483002,88.17325247296219
336.1598390621296,466.58793558518266,128.4593573247688,87.62771135079018
336.46097930541913,466.49378156041337,128.51506872432867,87.1710668050948
335.8139276693809,466.56487783004064,128.8135929921174,86.85254988341588
335.8305291495428,466.7044878663256,128.67943121508648,86.71123864208474
335.9922505097038,466.7105861298322,128.3790878334002,86.54758490965672
336.2433162512289,467.8796165413042,128.0502256371018,86.43779724001783
336.8663902302241,468.0185113583359,127.86770170350255,86.36382460097909
336.73709680652235,467.3871208356834,127.83397068362706,86.37574114051631
336.66221522663284,467.69010685072146,127.79949368103348,86.35924587464231
336.61605912281834,468.21376954152856,127.40918809319516,86.07959583320371
337.0424625590308,468.11685460828505,127.2757053327087,85.89043128631484
336.8138800288599,467.60225737621255,127.32392176295595,85.80079149333406
336.455179941731,467.87708394297715,127.09273714221561,85.56820622136186
336.839995654296,467.2915800472611,127.42311658897285,85.70399589317263
336.5779403513796,466.97089927404636,127.98878701021235,85.76939996250934
335.65595656118586,467.2828838985246,129.06738988408355,85.82608500089128
335.8785387399371,468.15804091645384,129.3014733827213,85.62157725375192
335.75320598175193,467.6576478929263,129.4213680518902,85.7398646788663
337.0920462829374,466.9997789430172,129.19458728892045,85.99946883158371
337.328108817383,467.5579206753171,128.62727022721006,85.99411592900319
335.38456884930497,467.30710597642536,129.09862064066104,85.47931459119869
335.705647034122,470.37525446266284,129.6676815552295,85.34252552277638
333.92506037291867,470.65339776494966,129.763617021725,86.17902708997099
332.58309021286647,472.50099236728386,130.86715508677108,86.55366401140118
330.6520817868524,474.4192718342538,131.6866487931235,86.95977418299114
331.26870691192187,476.8225624252187,132.47086198864798,86.94434595516296
328.51057302771346,479.0063197419553,132.76210982527158,86.32551835057464
328.08269158720225,481.9029573409442,132.69398664557932,85.41116561506016
328.16247493044267,481.8707108754519,131.33605427077453,85.30745513255823
328.1291648864048,482.8714096543654,130.07498256540848,85.37273729084148
329.1909388058328,483.47246645288936,129.14063214762646,85.59076717886288
328.7051298779904,483.9155705381241,128.16204467723094,85.81113807371631
330.381486982941,485.1043177276159,127.53990459834169,85.91520440182487
330.113342545457,483.3576568270611,127.39983125683707,86.37962128807865
329.56615297696146,482.5036386099172,127.71883836547724,86.25998392952741
330.2256076250116,482.1561181966584,127.92733123192889,86.07180193767032
329.136057591246,480.7419868594949,128.56805508734,86.1822337156197
331.1844065561569,479.202213079503,128.57412414817992,86.319802105758
332.27060080752415,477.57013852736196,128.38119147411197,86.40801403428927
332.25358544658866,474.77403204954453,128.29322500348093,86.78574706667582
333.53030550785223,472.7657468526952,128.04181759007554,87.08020885785069
334.0639627957431,470.78317501152526,127.99540982028586,87.59025510328573
335.4907616742829,469.7317259491489,127.82126329039441,87.78950115608569
336.2539542079441,467.48557238256655,127.78502867473219,88.51267114516158
337.48064515496844,464.900399117393,127.78016601057243,89.14382213794153
337.71951069162276,463.3580821381253,128.08701767137183,89.40937216741494
338.448367585647,461.94805297017456,128.1339151370616,89.78693110413138
339.08892926305543,460.82568376216983,128.41712569795527,90.11909451365577
339.449823494169,459.3902474103208,128.54938548783394,90.25508843889625
339.17085562573817,458.657218317397,128.27632423449165,90.33447770422691
339.45827615305143,457.7341324467359,128.06145968013794,90.30715863515479
340.27331693583113,457.8763623136404,127.70124303137996,90.35943578903911
339.6337899745926,457.3646831941275,127.04468606346846,90.15052664830425
339.4094776336328,459.76646309911547,126.89305227580653,89.24542579600045
339.4803796939933,460.78318340864905,127.01921219035805,88.72167844189453
339.37849550463835,462.6159633662212,126.50705356425384,88.21110180883939
338.3197531090698,464.0227913576792,126.49142306379558,87.87182965694761
338.1958327686856,466.1728905205135,126.56325923046575,87.95586909754486
337.8204116481481,467.76623640288915,126.55246032678822,87.95806945887692
336.1401633660507,468.0963176787279,127.11087506763411,88.12162849485728
335.06325166057184,470.5354164597988,127.41850635708604,87.71334107752148
334.50353849556217,472.0317388284544,127.44192224055692,87.574312339432
333.6654190940141,474.0193213470948,127.9552465291114,87.51561782980028
333.7276517790825,475.0125520683193,127.93928033577475,87.63357442667318
331.88422748037044,477.361079425198,129.10154511667065,87.73311528634099
332.27124021540214,479.69782670612403,129.22138594719019,87.4787233932511
330.6905322542069,482.00633038362366,129.49817881889084,87.02171445515245
330.15368440506114,482.90196984825485,129.59860559103882,86.03893146466805
328.23088117153884,485.5700060030787,129.8114057569665,85.51949237950772
329.3898441127282,485.44759287686963,128.70704057500427,85.56888988796733
327.7119492346703,487.1303506955789,129.64509165504882,84.92998491110178
327.1532185679722,487.72770934777594,130.22321696273028,84.81671318146813
327.5627360669197,487.009961975584,130.1920188741294,85.52212338739213
326.4101815771717,487.33766386395246,130.25590714096361,86.04025221582657
327.62723303392266,486.4854601854009,130.38925546609389,86.14547947058131
328.4645725180558,486.2551616090182,130.3556552083837,86.39220083787666
329.13348351100274,485.15003206009226,130.3226311102919,86.63672831494003
329.3262672413972,484.0049883766115,130.5091396721279,86.68747919127043
329.82105622160117,483.2921816004906,130.66316622870306,86.30539103662588
331.37928227221323,482.5850727671091,130.65811163228545,85.94316689087357
331.9092170652623,479.6507711563659,130.39497333938874,86.01572528585241
331.7755215367925,477.8971610089733,130.5012169806904,86.41396754757187
332.8453468844458,476.37193646531887,130.27200255800489,86.69332302793188
333.9957599787672,473.96553378621843,129.82882056968714,87.2602587495972
335.8276356492611,472.7841325032466,129.43876541285766,87.72439004612397
336.4934026243378,470.7979736479754,129.48363717864666,88.18290165200628
337.3680551638779,468.84181489443387,129.43816079200263,88.67503263946662
336.90011427105213,466.965261974306,129.5554757784904,88.91052912188854
336.88613162143037,467.1733034817692,129.4324943861017,89.28669423680671
337.78506467527933,465.4249069960477,129.4762795988612,89.69036877906585
338.044442902724,463.9081957425847,129.91625938483577,90.1725670542718
338.5332947447918,464.62755112011916,130.01724360696528,90.17297039298336
338.9230151430956,463.63319456685633,130.06581575362551,90.20383816927068
339.16498078749976,464.538787210723,129.84040095527664,89.8388905648336
338.0680224337429,464.9553999561899,129.83764045484364,89.44787348320911
337.737425775895,465.78311031371584,129.4360585162898,88.82967634565674
337.458594905547,466.69740890128924,128.89309128493238,88.53694936494504
337.1674150644812,469.8205630641275,128.96202281545644,87.82693073119353
335.4456639525787,471.28997167183735,129.43783671719422,87.55229570190052
334.83716447906005,473.41504830555033,129.48072215219221,87.28316145455514
333.76972839722345,476.41760998524603,129.3507391694574,87.06333596579975
333.3880845610133,478.9463150954287,129.36905055975797,86.69037589497059
333.01710161336285,479.94497511092834,129.1870279339597,87.03873085557896
333.4243300280707,481.7041733182359,129.17860406019048,87.54065008808907
332.03667298130006,482.33146276683556,129.24321263500923,88.1604857540687
330.2342587470217,483.74960477958996,129.40316347905423,88.65770878956462
330.08930086712627,485.1712590810114,129.57491016210443,88.28443192500299
328.78580335714486,486.9827428278279,129.0577723104394,88.30538342245883
328.6854423903228,488.6164776685524,129.69395326183715,88.02523416413604
327.5774713909511,488.7306064639762,129.26876362110002,87.6915497179032
328.0977723875027,489.30555731425613,129.3187264749893,87.46841018098232
329.205972156351,488.7748867245855,129.47810251293043,87.86400187006257
329.639152620019,489.76688380098824,129.47078780637392,88.18222067082456
329.63315504312516,487.6567703191645,129.53318987809115,88.4886617000238
328.38538155295794,487.05987095257035,130.02035739904454,88.92375136014539
328.8127768235363,485.6707395633602,130.59695046765955,88.57046072708195
328.63752918185673,485.27421000962113,131.12994991321108,88.30278317837109
329.2012425149377,484.23042677905886,131.46384090547352,87.94559193952918
329.4206824997562,483.9711759904851,131.73557066989483,87.04000122389104
331.6411810691622,482.9837468156058,132.17873786442638,86.63556279401713
330.36949224543696,481.04358665616377,132.32757591722657,86.84683003520342
332.9795733430578,478.4273021246859,131.8163642415467,87.15081499934324
333.41355622211404,476.5274603295299,131.13713967565576,87.32866359629286
334.53523137357763,474.60624373034034,131.01486381082367,87.4211108613681
333.9827074235395,472.70823821375734,131.19738088099342,87.88813620346349
335.0675401816667,471.72076904842015,131.57408014897982,88.19416927595927
336.0668722301029,469.9731152698113,131.5811268923327,88.823558196855
337.09625940686317,469.1325608679955,131.51916976999044,89.44425340147218
337.28181467224636,469.04917072629866,131.17447383104303,89.81925300444786
337.2475736630281,468.65663793272506,130.67587487490079,89.87139567995104
336.23821936839556,467.4333784887044,130.43324260761364,89.92851003269885
337.1255472282247,467.99747921211286,130.4927060886618,89.6217178113458
336.9874871172342,468.4155398273843,130.28658667684428,89.43718019276814
335.99541067866755,469.20381563962115,130.65884435038723,89.13995321905884
336.52915193446205,470.2242669053459,130.83944483421297,88.95306401139315
334.49581799680044,471.41441782806936,130.53505472232303,88.73225942699364
334.2948583983448,472.79560318854027,131.09181285377505,88.66786648734762
334.44071932849135,474.3905635209474,130.82579213632954,88.66700174218056
334.2855444024241,475.37849658551505,130.69848791045735,88.53945347460228
333.9561217939143,477.31039057298767,130.50739735744204,88.41737854668463
332.180376773393,478.3653733723605,131.09656397128435,88.32864936761663
331.96792987632364,480.3139838253045,131.90765399130464,88.05573847836078
332.1737705344971,481.70982498792864,132.03680447923315,87.9054614971219
332.7595925318768,481.0658151938196,131.7541304423023,87.78813969854495
331.2167052801477,481.9913004600978,131.8437694725092,87.82189259089999
333.28413080121675,482.85480661332326,131.7838648338746,87.80712956347132
332.23068834748074,482.9739139434423,131.44439988210894,87.72221001786967
332.2613644959857,484.03512191875706,131.53625818034914,87.86803809533164
331.6053137194519,483.9242227977453,131.34457662661282,88.0526657446596
331.94168986617115,483.8575619664279,131.1818972797227,88.23659353884806
331.96005430275375,483.16170087789226,131.24503196556515,88.22021844876845
331.5044531316829,482.67402349776586,131.16163961452293,88.123204110358
332.0765380643789,483.1357128400798,131.33550356356128,87.70574321328189
332.97616382712425,482.4306390791761,131.6091644926756,87.54933571189599
333.2230958127052,480.8855004899771,131.72609435047798,87.35517666440286
332.0984378846587,480.76920765394215,131.56113646770984,87.11137465689588
332.96283320193623,479.50152843641024,131.7465592521154,87.06737356055719
332.67975074644175,478.2175662865074,131.9585101206792,86.93113264010216
332.1212021190845,477.7505807856229,132.2128423016175,86.6446361936367
332.99513007096414,476.69185447372786,132.4728468199926,86.78966943628512
332.7225732964029,475.72825365364787,132.40128803205985,86.69580154977272
334.40401615132254,474.0419162790908,132.19916844694592,86.62866769178534
333.2895391172833,473.72611800663356,132.19876026564992,86.85755528904131
335.88622877058856,472.1082960614707,131.60854992342544,86.95930497427369
335.781588066676,470.65792700670346,130.78052836036431,87.19602159180374
336.5707312784982,469.70755029421014,130.50771633724023,87.4727514600811
337.3453959315573,469.3710363225933,129.84000910715667,87.09697011338258
338.11307265863127,468.61724765905706,129.12811062909054,87.0859757060266
338.4157767883396,468.151433063288,128.99498314021406,87.08240361029522
338.7031753587962,468.9118307220234,129.10369385900776,87.24117098069814
337.3459663900453,468.60445090115746,129.33769502175977,87.36301880678677
337.5375101615452,469.6110453680606,129.61090993084744,87.48202272309337
336.67458621981484,469.38809402431343,129.88682273568728,87.53166276486631
336.3924235160949,469.8444007273732,130.04782640011567,87.70166652240476
336.12449337341377,470.3334283433637,130.3776425629012,87.93585639712096
336.06711206930515,470.6411428717633,130.25982823463505,87.96951703434489
336.34132049127373,471.4131260316557,130.2558955291867,87.82479263884596
336.66402640430243,471.0076581955989,130.1356326312947,88.0094146841934
337.10417640077776,470.813291202289,129.8432777419894,88.33017761262333
335.5684027813363,472.48206142849153,130.44889594950018,88.08536815921119
336.6934977857828,471.83582781762743,130.0236141971379,88.21863292446503
336.4749943848792,472.41525848193794,130.46202967823962,88.2104080303991
335.62436181144744,472.4535819892431,130.35974040940027,87.86061018432784
336.43755488946067,472.99598137807595,130.39009658773963,87.77103606133666
336.53905827089034,473.62316209423096,130.2183570208203,87.27271490412352
336.1489317719514,473.98966212546634,129.9664970626511,87.02333822708215
336.5064744991112,473.6334453491733,129.87359189140116,86.8998752876638
337.75499157070135,473.35355452110866,129.6079849409088,87.02201568078502
338.03330426048547,474.00853180433,129.50657784666288,86.5637874079061
339.1888645864551,472.99494317803067,129.21919820157478,86.64816676125862
338.5947411072842,473.6401556615439,129.23494037723987,86.8676864715851
338.69637676402806,472.7607228720845,129.5944511129312,86.8322365931598
338.46987852716484,472.84337211010364,130.09841320872516,86.93275230226399
338.51001982274727,473.1825358065683,130.08053885248438,86.82766709683474
337.28097614871314,472.1178994359144,130.27442789732996,87.310277841301
337.6391762323377,472.51889860095315,130.10017411479674,87.49125863004761
337.471666324544,472.6603643306619,129.97382426690734,87.66480058075965
338.23174637014836,474.0992529188446,130.21927415532812,87.4826172383175
338.13079705657725,473.3092405159829,130.56431944637447,87.39217085263472
337.77566821468514,473.24734743136594,131.00942235120132,87.49602956303106
337.99796257391944,473.89703201029056,130.82932277681962,87.13647002556216
338.10446332678197,474.26466073685043,130.70204482767267,87.14025866924416
338.42363581575955,473.72906348298415,130.69514799939867,86.9017023816124
336.8951241003632,474.2319749179928,131.01909199675015,86.7653014109138
337.7699299351003,473.9173697643392,131.02165863862385,86.71560849613692
337.62132977257346,474.6027245345674,131.12259626133178,86.45247389540823
337.30399362835186,474.2164668053641,131.36221632537732,86.23247349182678
336.91293760564463,475.0076906314898,131.2773440630258,86.08031916118485
337.1443713436773,473.9175893918605,131.49722556033007,86.16788290944075
335.979002692187,474.641771186007,131.91835032688022,86.03562778634242
335.90735648590305,474.3502645296641,132.43554869619334,86.2138608303591
335.21843866110464,475.07127543978095,132.39855854870922,86.26964496315118
336.2126833218807,474.87379342689826,132.19729888433022,86.21723074094027
335.212010577697,475.0168066873708,132.6986924140412,86.23637037509516
335.52088557600837,474.73237836675725,132.58396020058348,86.33890462409695
335.97471510614497,474.31985322239524,132.4202705807705,86.71857285420052
336.016527856543,473.86239656528727,132.17574505341463,87.16299875262591
335.8602201442722,473.6126872982169,132.241710571917,87.28456684364187
336.7694621755943,473.31725274840204,132.10302427786564,87.70523611691182
336.2780040454014,473.02698015374614,132.12904679616693,87.88419954200245
336.2492395705756,473.2037648953981,131.99630113470317,88.11430144970879
336.1525559612528,471.6754303649375,131.97989616885746,88.62498266616285
335.4820783553567,470.6887190546676,132.06978159648529,89.60668860379167
335.1864401631212,471.7464277702484,132.35846543520856,90.24706855879953
335.53709411239447,470.46791454994735,132.18599432340892,91.05860742863895
335.52261857153223,470.3306131112353,131.96280327380487,91.83336945046459
336.4102441307154,468.8307691486839,131.27118903535953,92.40870735229785
337.45244154351514,469.11441906250985,130.57607643632252,92.73887269407567
338.8269761979168,470.9099843354858,129.76940853666844,92.29812728949649
340.69990793609065,470.6284866590221,129.02589682118497,92.0587388619445
342.0600851906359,471.8434750872143,128.1814736942737,91.45735776304441
344.5975196807162,471.92164178299294,126.3429888674792,91.02854909907012
348.0857631271774,474.03116783877147,124.16359250495228,90.33265792196124
349.9862109221097,473.4085605218054,122.48583939593787,89.59669462982997
350.6129190795552,474.06935112922844,121.34145195687472,89.02348054574024
351.17822804673375,473.039848488546,120.62585696196119,88.68092122902158
351.1451999897031,474.999880072218,120.00497949896175,88.05449247635042
352.3714609758001,473.80169698415426,119.45770831450275,88.00238448370045
353.0716073450038,473.27961513517005,118.76393827926606,87.93426173319016
352.63160969664784,474.07191640585717,118.3685450967453,87.7750228516746
353.35145655826557,474.38765338009557,117.78169650586077,87.5932893130489
353.52147114453186,474.964654264015,117.43436788310206,87.51709842873204
353.8781845809339,474.26497929537754,117.25004679280678,87.60455049212848
354.2695529476531,473.92004101736865,117.11835699111204,87.74616135257436
353.64914631599765,474.90519223262896,117.0282049738901,87.52772740845822
354.79327096894264,475.2997119084618,116.41775608494655,87.13767895611697
354.0614535070036,476.2019509770092,116.34887107226298,86.95953751278589
356.57136262990616,473.9115509941191,115.87256707816684,86.9004582518814
356.690820011639,475.53121387255663,115.32582117632873,86.16745511730565
357.7513395984215,475.3279032872097,115.15786039193154,86.03758268858465
359.44984741360025,475.3451030637112,114.92108040496089,85.78720032591892
360.93047970804434,474.58792313002493,115.01440365710664,85.96129575370851
363.3366135060842,475.03005266265507,114.64102508766887,85.84982694161063
367.07409573550285,474.70730454091535,112.80258053773655,87.14247572815805
370.97929251161395,473.2680217473544,111.58232017566931,87.86566941090675
375.1056732710663,472.3595918193554,110.93532304580276,88.27731996400253
378.8921496281966,473.3958857395224,110.13202746655192,88.33743781214515
386.1349653558535,473.40847863742306,109.4460986555862,88.37871012983533
391.4788370624106,474.0332285160465,109.30890284226449,88.33695008339629
399.23616423860017,473.35512169721164,109.65504732563973,88.2009395046048
408.2638293175251,474.24288639142566,109.38623145001642,87.86814411924372
418.28867580771197,476.2238737247625,108.35645309671796,87.17310527791804
430.4336520456228,477.89464417263804,106.54967208390893,86.63824243888385
438.491178482275,476.9574173565532,105.96892764413721,86.51704017677396
448.01982906177716,476.7304340242084,105.22688451125597,86.12963977555708
459.7174655564853,478.7058845334113,103.3064078170057,85.70244471647139
475.5961763485094,477.3977832746712,100.80177668400732,85.94001135062027
486.13944725917906,478.1805367820876,99.7992688287325,85.54310417976635
494.9643050930979,478.07182416645406,98.65799317859505,85.49306343217256
502.59433944498215,478.1421141640164,98.34614663516588,85.60190191923232
509.1892334723832,477.87707452440134,98.30522237278322,86.18974476006888
512.4417490437343,478.9806702597344,98.93044311454149,86.36684326933744
515.9091544142323,478.96485739586507,101.65730782673157,86.26785865028191
510.622426760686,478.6369198577072,103.2607924306991,85.70275999651042
501.4591047585298,477.90448882756016,101.25039839485036,84.4195446642263
492.91559632532704,479.80208724537465,99.2701888513437,83.96756615516591
484.74546940382106,480.9758459659248,98.341611441304,83.61427648105638
475.5903230088726,478.94895367789456,98.18400490869112,83.62354497053845
468.6965465858678,479.77542876686994,97.97709955615332,84.20504823230016
460.378559362767,477.73574852114655,97.97442120084122,85.16187826338933
447.4772448903883,476.7915377374421,98.99905598971492,85.78404171026136
435.72541887869374,475.8723132127864,99.48921352152689,86.42418324538211
425.7446209815802,474.56017637030646,100.0953672686347,87.00631620806723
417.8574322765679,474.42761594662426,100.60772647492394,88.40505397971756
405.7638019600014,472.90594852539556,102.48914756948281,89.02933264503567
393.0530272409254,472.52831810667203,104.37579824970027,89.8042156481925
384.42591540752085,470.16891804553615,105.74905668366019,90.9958203168204
377.45096459740984,468.9623467735474,105.91458215947307,91.96648909160999
369.51485926957633,468.40938773599225,105.13803488056975,92.70081944322675
360.99539712751,466.002249989936,104.56022561367703,93.17745560352161
353.3620534477271,465.30785730844707,104.68272218497387,93.17938548344438
348.09883664638255,461.039291073576,105.65640043182793,93.56552937439005
346.0421673020491,455.2162690512426,107.09572645951462,94.07472783037282
343.976703199902,446.56123383730613,109.10704387737081,93.86870405048205
342.37361912848246,437.23807834959695,110.10144744615906,93.98902740077837
340.65867532485606,431.47083108855315,110.80803149696959,92.00259449366673
335.9942146003931,419.05399167224397,112.14117915362857,91.43122686327241
337.67383308838583,403.85684429301926,114.19983797155791,93.51208129884587
327.76936030552724,374.612523655784,117.99031658781225,96.67241065315035
336.7169968197654,368.89274499788615,120.08490790870114,102.12323038578562
350.20231725749585,358.3408927544264,120.26659170975397,106.84348913295896
367.84800266646255,351.6494211265755,119.89813730417401,110.42660862767457
382.58552759640975,345.18581365226737,121.59251150128645,112.72327223809492
399.0039744414167,336.86271836719055,124.2019030590753,113.39569457399571
416.2171433803175,329.23410743230625,125.8179083209221,112.74328852933559
432.5687391169861,327.22778195984705,127.75483830754597,110.88784598365336
449.39113248547835,321.71827644452924,129.0740217548876,110.27494859754103
465.21594421474754,312.2462046439648,130.45551478194488,109.86826402789347
477.2689128274032,307.31396830530673,130.9322916374441,108.68238842334931
489.3876243121616,298.8526243696943,131.5974260409742,108.63352058473527
502.30038998792173,299.1030344977075,132.55442452038656,107.07904708850505
516.2790715233565,294.44787313569657,133.00173407219773,105.74923690847407
529.3400792682289,291.21595904800756,134.48766116362964,103.90546220146689
544.5161259027379,290.19388420452736,134.85317730012912,101.81435416748
553.7407489315897,287.767458022979,137.2335706772402,99.79231811047184
562.2401628609424,285.0993920254724,137.72793358391542,98.88523502140896
559.7720473673241,286.6566905770117,139.9996516984562,95.57442941150784
570.6403054106723,288.0393427740666,140.85424202655454,92.91094302015847
572.991420954521,285.1415579871488,137.96763112280198,93.7447916505431
580.9889492879954,286.98150332206563,135.84134124052122,93.94864140581936
581.9605081898969,284.9187493243361,132.51383916223534,92.93237951526153
585.9405503610886,284.77988900750586,127.87771321676365,91.88651845336544
590.7001325072085,284.66698576646115,123.3320343943418,90.52967796947428
595.7039480829947,284.97249584081993,118.81404252499624,89.04919121795447
598.5563775896542,281.1740925699475,114.37626119607958,88.92892765700762
603.1726280444215,278.4094299672034,110.68452795622278,89.05758614878133
606.2339000291312,277.6652003485567,107.07154790968553,88.63118275332323
609.3861182396129,273.59072831893184,103.77168578758064,89.12160849821136
613.8600248124114,270.93273950173034,100.95418365425155,89.30094463023394
615.0612181107653,267.92430137792627,99.95547511712206,89.16014322739046
614.7409699508128,264.48609246965725,98.59268889002978,89.62336018867336
616.1189013875581,261.3289909535207,98.02731006347521,90.68563489147874
616.4452902471311,259.2459709181808,98.07661062716241,91.39389460098297
617.2018197407551,258.8134121324744,98.2390119785069,91.50699819105344
619.1551704070716,257.55299839980745,98.57672688275127,91.25746304080197
620.2650275746727,258.0298124561262,98.85912493615997,91.06764890063764
622.0876593653384,259.79808519772996,99.6045450057992,90.28061561301735
631.720115265434,264.0054874178388,97.7058632165942,88.00435239441828
641.3611621064406,264.5949191532945,95.56045204495683,87.57837784142988
643.0991155894037,264.3001992518757,94.82485407904598,86.37271469035659
642.6853449739021,264.3442586907055,94.38439744914061,85.35811790360893
641.9224024941972,263.74539161545584,94.03723720248064,84.7040380225072
643.1949733247186,263.6939597921643,93.2536361927592,83.9759370442085
645.3277851159692,263.3843620547318,92.27733713227637,84.220084209509
648.0052232258856,263.07417599707344,91.38056075451499,84.37703015209236
649.4109293966648,262.53021880610993,90.7474213755269,84.6347377225913
650.7800304993074,262.10052022419165,90.41733074250729,84.69768611924266
651.3140305823005,261.2006762962596,89.64908012972488,84.93289045173802
652.6709340156875,260.7323852934782,88.84328577229672,85.04680408371598
654.1020666001831,260.60472486766116,88.22507110608261,85.5081962227436
656.0540788673244,259.6531689942436,87.77921460158511,86.12028698016084
657.4186703435882,258.0003104173573,87.27221010822493,86.60007854532553
657.8908900520614,258.08667225442326,87.20375321424314,86.77786260739971
658.9647811683142,257.7521689947613,87.45576794447555,86.88200139181453
660.0038786028068,256.821433365879,87.37928110619096,87.11892516804231
661.2921034759369,256.59684121878337,87.31335157973378,87.67812568155144
662.6348202234087,256.680606243754,87.10363825195014,88.0799661398041
663.9432114408826,256.1935897702947,86.9374233009044,88.49497540842
665.66409526325,255.74986873496084,86.85834491283762,88.81410608582678
666.8180338265023,255.78928306176155,86.57428270294369,88.9108894348365
667.8872981193932,255.3512913130873,86.2954854337284,89.5851060091151
670.1351718187267,255.46253324763126,86.45939408288244,90.01228970108141
671.1749608522167,255.1377234915646,86.4833826624783,90.56002003505783
673.1310600877747,255.0646568893755,86.69464639152717,91.24121185702793
673.7628315563296,254.80561600574433,87.21142612535387,91.88057624650837
673.1442843841811,254.89693382519923,87.59898858068914,92.60919686131793
672.9935713493144,254.37702165308514,87.94868629900836,93.42679424309894
672.1800267514943,254.75502957237396,88.1286440993085,94.43548298959665
671.8900550644063,256.17065618701616,88.6581249183443,95.43564589037817
671.2050086382375,257.45540774432425,89.30971161328385,96.78811433528658
672.4005064830105,257.8370127003759,90.5385400948038,97.91828375381832
672.1139272586257,260.48558924316393,92.3140069599402,100.11505528600954
671.0890297548618,262.26265676679685,95.10456455882989,102.41293668771834
672.6318459169067,268.54708750978887,99.70495308587527,102.36494159577734
672.022882868946,276.082394968443,104.21730681508234,100.73120392914045
672.3869913862961,288.18273766041307,108.49172907405267,96.56643201260749
673.163045305613,297.7038657756367,109.90871765761447,94.3849526834054
674.8853129413175,303.32283784477727,111.24786234836374,93.58649695607389
678.2909542806464,319.00453954386137,113.16294380544811,93.47378592545948
682.57049136123,333.39105383402836,114.41473790752545,94.83315213577484
691.4175040342761,354.95351679871345,115.67846097451911,97.04716587315272
700.2027248135897,362.52047144869954,115.59539467529132,100.0264195675653
708.4418802375108,369.76657595195104,114.66202000756397,102.97043645217559
717.5467143832236,375.70306591383866,113.0838462382331,106.09128625557321
710.2699794387579,364.713973133647,113.77276553664922,105.27198074234812
720.1672506355105,389.04890214704636,112.70053225569282,107.75836508615487
721.8911666473786,386.8940923318613,113.3767537101979,108.38510312282077
724.3227097129292,389.10067770489667,113.62314700643431,107.77089473141007
735.7509584289343,401.9668989841456,112.82815012374041,110.08565905157437
738.54643470208,412.96752005582334,111.21084231087795,112.25144152064553
741.2996562276714,414.733615140899,109.61382857144724,112.78979797753888
