83.5,119.5,114,145
83.64946530737143,121.63147589585715,113.99117878123798,144.0424852962984
86.17571070238742,122.45337992131755,114.29857034594232,143.01753570198923
88.77440101848191,123.80067106015194,114.6250463536154,142.1950995539286
95.05634076197835,123.34372209225586,114.31960879167136,142.23820831945557
99.20451338846085,123.44961225706533,113.72805842243437,142.2898080404958
100.48867117235017,123.26655860388097,112.74882581096985,142.3888471694029
105.97775059656648,120.54135031009619,112.20379818049375,142.4774649936973
111.44965241603626,117.01443036746775,111.82572749748681,142.3230619857352
118.51248283013554,117.76284209681339,112.01355562955436,142.4507403514229
123.91224307091053,115.0866909668916,111.74314033446677,141.88981362261902
124.17220020116413,115.39183577196883,111.41621353087734,141.28812884259548
129.67010610130387,115.12148948392039,111.39671150690401,141.10407787363698
135.92357574617074,115.61800005738692,110.83286170233873,139.94009402049568
142.87855486151688,117.59240867241633,110.63770621365089,139.5330677526561
147.65910660883853,119.70056861057978,108.94264485615355,138.53094336621263
148.1497755248189,121.15202852623936,107.8304528496981,137.77366963016934
152.89020034552124,121.31622747567002,107.03379872678703,137.28362642317109
155.56456770582102,123.42869220619532,106.4885079148789,137.03973982405896
158.47016049973013,124.58183360142056,106.14380401269908,137.0212301659327
158.05717097871326,126.24621425272284,105.86502276554062,136.99316595156972
159.18061394651127,124.91887090127774,105.34556502780534,137.1021573495893
159.73264918466057,126.32427028012009,104.96392114481039,136.94191062628266
160.76633721968605,125.49734332305123,104.42363908129784,136.9181579577788
161.20825011134116,124.67030550041245,104.14668937325544,137.18394510513153
162.26818119956332,123.84594651977356,103.468563179706,137.46191538097688
162.2547016753689,123.67883576303976,102.84073564133337,137.58422469458964
161.46736724089868,123.44434147589881,102.9237362859391,137.69028171932243
161.88471403109384,122.04040372048772,103.0104532661567,137.772769895321
160.55834182159208,122.36666571120259,103.3865100630899,137.75167636099286
160.92362782775095,121.87616330642872,103.48777153256077,137.6200819168861
160.43159824760568,121.16275275372176,103.46155103739476,137.47140646792533
160.45867205500488,121.22770859134835,103.13961823106041,137.63228171465016
160.075173759071,119.58280042808366,103.24502478319815,137.9844068294791
160.15650299386758,118.42582406059636,103.24084803071463,138.16108577600156
159.90737656920612,117.45925395140593,103.08954621018054,138.29685997131875
160.44070800849858,117.34926623781607,103.07484868746874,138.2021289835605
160.11100006294132,119.15778231708424,103.21013518786668,137.58386348571446
160.43511192207603,119.10815905742209,103.00615275492135,137.82091440893987
161.41554965655706,117.69054799917288,102.66161482372482,138.17171646432683
160.60030834107394,119.50699743822473,102.8267306143285,137.6841785328784
160.22456152689148,118.1736311496539,102.7220802912774,137.99737521944084
160.63936149412154,118.12918425657922,102.53211663496973,138.13013558407974
160.6622969781822,118.67583391331783,102.68484291921732,138.23710298946696
159.34877459014461,120.04870955030196,102.92985792348772,137.84683572428776
159.23672235182266,121.606573666622,103.11627099695124,137.92634083667943
159.98722449384434,119.33479846016023,102.68359497428334,138.57867067999237
159.36485146170173,121.3042092663757,102.86018515382577,138.048020721309
159.20442929652626,121.47573699616666,102.86860837092408,137.91726296952316
158.47816694524641,122.66182637263205,103.17009383073938,137.6481477999664
158.77013846100462,122.33706642519324,102.77900684280011,137.69414920882107
159.03541394387247,121.95804996963886,102.4883996943223,137.70108467921023
159.7472218711794,121.88497540721355,102.46511497927297,137.59927073319142
159.90780777430354,121.79495648350758,102.44422043595083,137.75748221836602
160.68290440302763,120.99369078225266,102.41089314720685,137.75193442585328
159.87170385054702,122.37098181733037,102.47373669506203,137.51390218136618
160.94770174261419,121.31146699215027,102.29248301736541,137.63265836561615
160.18932421399197,121.5502538043954,102.30426895458419,137.70409209729274
160.83961082324657,122.38469015253054,102.01223195567187,137.31322988857892
160.28633872958775,123.37332017022386,102.11572986880431,137.21326773145765
161.38321325294928,122.23879865019299,102.05084797143428,137.15792584376976
160.7963852103847,123.0607274757528,102.1206964880133,137.06206793229705
161.05885902273803,121.4709974508685,101.96813403734271,137.46800298244713
160.2046819857991,122.0359284439872,102.33312876006238,137.4357322771469
159.88316207165343,120.50585311342637,102.02692259903108,138.00262660777847
159.6749480810809,118.99393943623599,101.92638787313342,138.53770278913981
158.7071280537536,119.77794160140472,102.16368155136902,138.53847399343218
160.52810528271516,116.98701685905348,101.84747053025924,138.76989918843128
159.83373786800598,118.88281971246772,102.02937688467912,138.2606421144153
160.73140126164532,117.88033119091082,101.74598711960957,138.3256551015141
160.53785633869416,118.70064014048519,101.7446229752909,138.4597448773455
161.97226692154982,117.62980836858819,101.73581553295298,138.4035260072754
161.4127631708542,119.56811496979807,102.36258731418664,137.92702114225796
161.96212115454227,119.72837904213952,102.19493517766298,137.6005556680816
162.00131920954266,121.29289143299417,102.38507652941983,137.03929540701745
162.61124587997824,122.18965062813069,102.31487924590647,136.86232066737153
163.06807092020662,121.74187890839862,102.09749289597568,136.50852857941564
162.07150261581415,123.53381326260347,102.59189193113694,136.331609391117
163.51188619800166,120.57892880347849,102.17947422354908,136.3409018536785
162.5013367521372,121.70379285073696,102.79533102982109,136.23618566101703
163.31615064602386,120.85015800457896,102.78705615304332,136.2504831701055
162.42509390175513,121.82508394262848,103.4070706377889,136.18331171011363
161.81681233908733,122.46563301163893,103.67317875318726,136.2847583280284
162.30319088225383,120.5378454678111,103.20782581543287,136.6881890312999
161.70800155992987,119.74198763273327,103.29668833249448,136.96600518439624
161.57994749613854,119.48800366531235,102.88293174593144,137.26605516074008
161.39743482298945,119.28879655135304,102.57594994873217,137.4484458690235
161.37698353043075,117.00550624926284,102.56058532449852,137.46311082760454
161.86113347367854,116.68202142764467,102.40035895866332,137.40898429373973
162.07217146262695,116.81993917732152,102.25731047257446,137.35499141118254
162.34137711770222,116.41691307853172,102.64567181648047,137.47660448608528
161.8268519064722,116.9505618001536,102.8156422819321,137.7739451329752
161.5672999050007,117.30307381932536,102.5436526373951,137.61419934580277
161.87146600398944,116.45698558367803,102.57573753841666,137.87281723383785
161.93612822222775,116.54861582827965,102.86632243016228,137.4416580169792
162.29328055228933,116.54920684633312,102.72480606816916,137.40840389125978
161.6080423886089,116.6166863497408,102.69670315568474,137.6589535707485
161.92117034356397,116.26414933677265,102.88400504940546,137.74548522350443
161.8653835266512,116.43371150935423,102.77288301965967,137.86928833901175
161.89402315228728,116.31381771565268,102.71348395108214,137.97273724543226
162.1850855414606,116.14204875649315,102.68171204415347,137.98132817373818
162.61155917649313,115.68903386520725,102.52501282859284,138.0820272625882
163.30273936313893,115.5861687403364,102.33884197804443,138.02439239263424
164.01519344389223,114.00818826174611,102.03467959462166,138.14193982518714
163.7453980165247,114.56052172150777,102.24786742754429,137.66760340865073
164.0341118817236,114.4196439756028,102.70495603168018,137.4140462478728
164.18285691050025,114.46354959375202,102.80351121190648,137.4114890996185
163.68054751729773,114.23560207320509,102.93133637534096,137.68671662114298
163.67081262000374,113.59054635294984,103.11452659887253,137.85324712903628
164.34567761150277,113.525321700408,103.0959726584313,137.836625236491
164.18288974815619,115.551119984478,103.16736232111954,137.3332950791786
165.0685994410075,113.70694508488626,102.90316105789921,137.43563060757964
163.6196690528363,115.75241998670234,103.36666919790433,137.14064218395237
164.01469519405907,115.45373338089856,103.38937798380292,137.19318727866616
163.61463638651176,116.35490866485648,103.65724859200434,137.19152068597003
163.94331903322964,118.17438191292182,103.6655593559073,137.44424298637867
164.7968325799626,116.88367213292106,103.58434920370269,137.37052429221453
164.50843536410218,117.32426875826458,103.6129896389559,137.4324827539451
166.05243530410513,117.82321769166428,102.915692960244,137.34251663219803
165.28298064639765,120.27745035700168,103.31559649543891,137.40373447184183
167.05857590165053,120.94503975612753,102.87208082204558,137.28730543517156
167.41869155972017,120.47935458498152,102.78286009789005,137.09614388659443
166.992304700597,122.65502882293666,102.69362961234,136.61169656997066
169.3031813260041,124.97826493500747,101.68505127683957,135.809106906559
174.06351883637439,121.74174696055496,102.0263376208451,136.37699148827653
179.30300120436655,119.65783584703291,101.70674330722404,136.4679017890511
179.50218012844937,120.98224602550934,100.34713682281267,135.9093626801909
180.82437571451146,122.52703402532882,99.32116291371949,135.976611030909
181.95382459449084,120.92711009586537,99.77799772822362,135.25867539107185
181.27677477162976,122.81406709130502,99.97372377966171,133.54290191647368
181.52335951731567,126.39725820600604,99.37109470184842,132.82762718905528
182.74308597816628,126.26844328728153,98.67638727308236,132.5258459180105
182.29928306848026,128.6017015300256,98.44044208136887,131.86099407104166
182.44672029318664,131.58454289329165,97.81834960603334,131.2465171703152
183.2542724067166,134.55766553262535,96.5374381020092,130.3772720327916
183.4990479309231,136.20332107193883,94.99924537192508,128.85957321498316
184.82593865840641,134.60643353079865,94.38737265795575,127.97383474745877
184.41425849895572,136.59176746727303,93.19800190157031,126.6610798440993
185.75218977003544,136.4546482804845,93.16777186482774,125.6299058059866
189.67936184254998,136.97932804291267,92.84555843802987,124.8266112122845
195.02492016238472,136.54771901006595,92.46826072994,124.33589296339511
195.42352334475837,137.48476220642846,91.2379484196055,123.24757132448858
203.79988283030946,135.98037906187238,91.48320575160389,122.41321989967253
211.46352180457788,136.4388186566316,91.01180186465153,121.92584581994103
218.37660120275285,135.04304615164256,90.02053438757653,120.85849171340305
226.82265934544927,135.92128643690148,88.64138330451522,119.40703335276797
228.01914407036958,135.0567946131337,87.35633652790001,116.99907222949052
235.7890855217175,135.59540744378995,86.18918578767973,115.39940291602501
244.93147430238895,137.2992953346773,84.76599193605364,114.24410430328716
253.61574567072412,138.48411257174598,83.66045731705907,112.43663133437212
261.75230064868714,139.23737635009763,82.00093569426296,109.8340013015488
262.453515682478,139.53075546522956,80.40931628203673,107.25101687976431
269.153209849043,140.94779473328305,79.23125954528118,105.81814519466289
274.4192272456969,139.97975477179676,77.66841916420476,103.80436359114617
279.68622236570684,139.2502470299929,76.31877798424355,100.88378474873463
284.1734190312868,139.42043588096595,74.95498703192882,98.28488382100421
284.4131778011939,139.56572338182633,73.76876845184665,96.28164540718936
288.9898969131284,138.54495725772162,72.38819790757367,94.34250005072347
286.32846176932924,138.19910035222753,70.70841507322368,92.62996228624165
281.78673661078767,133.22231757609404,69.49246124601973,90.7312538974686
278.09886396576366,132.2317503868951,67.90617040325526,88.83903884768958
278.6475318230554,132.073526885555,67.15051962614896,87.36795077899683
276.2691353720989,130.64102058407826,66.22928156034943,85.69923525923909
275.5971772284403,130.02215630751175,64.98912883407112,84.32678534176057
276.3832792024514,130.04015279971168,63.90315865689628,82.81672633830247
276.05295381887066,130.61935216236324,62.72693350853036,81.57560267669288
276.4245840652098,131.3483188520895,61.99395574467316,80.23981898077548
274.1855532924682,132.12533160422709,60.88383388714113,79.14832435766674
270.6677494808595,132.2861311693407,60.07459383122038,77.99211464604151
268.4585758360346,133.93559886920235,59.1017339027001,76.70296823633899
266.59677808220863,135.23832937249955,58.26972304514814,75.6853322896353
266.87454268844164,136.01478985376977,57.69224606509657,74.41671847912774
263.840202202107,139.15048803849442,57.05525238948097,73.14539840362372
260.979160360118,140.94703715806588,56.364432287753374,72.11355752684655
256.83514159211785,144.9333912952241,55.6649505595325,71.26676382619952
252.55722456090498,147.1323286417871,54.74192662787865,70.30538062248394
251.978320711247,148.36587386800772,53.964335867760084,69.53409977278011
244.08224530080247,149.83231680793764,53.44892099956225,68.77056308649328
235.587708570117,151.45380927506372,52.86869476305718,68.01095203262747
228.5694291502574,152.96168606503673,52.21439190081105,67.37512584945576
229.2968804841321,153.48946786800354,51.417852932974704,66.71981550961821
229.65153087025394,153.41306575911761,50.796384030452444,66.38538090302256
231.07756767089248,153.9127644087791,50.087773563940964,66.1757925326661
229.29043378700675,156.264781492476,49.91586651939555,65.92296457254773
226.97516754839998,158.2608146905473,49.6793049566921,65.23677443144047
224.7872655934964,159.68895468486278,49.34626182060085,64.87417778097482
224.78262344375258,159.76111363259858,48.63367158500469,64.87668400697846
222.62075484676825,157.8277880289874,48.40444027692865,64.6281094222696
220.10006426949397,156.77540904223187,48.24021401723161,64.4551405071241
218.09938256746452,156.70247043732297,47.841447149378894,63.77653807741174
217.11022784356555,156.67681462815875,47.136495679513274,63.58518681889578
217.65024308475583,156.2500586007294,46.645338643120404,63.39866791748616
215.50097487170885,157.4710798420384,46.679880852295405,63.92037365149717
209.96131757402898,154.63728579831397,46.42356979915661,63.05329710805613
208.4085998950895,152.86690591410377,46.65346799997684,63.288446934993985
203.87545621485796,152.04254823047148,46.57044429476609,62.04656686616237
203.13999018513553,151.67429876177243,45.83701181601822,61.34815359881807
199.49028645577346,152.3844863505429,45.963910558159114,60.759429155224915
196.69658196820518,156.8502531643742,46.34058230490211,62.48317659445679
195.13021770644207,157.39895452574768,46.498230338316034,62.104562853147485
193.8552083499696,160.01171927183964,47.312477872061756,62.512030873781015
193.22093273795406,159.2614676638101,47.64870766684021,62.86215776995482
193.5703486671106,162.17921708430893,47.93310937957967,63.124368584718844
194.86254385961453,165.61089848524713,48.18099986882413,63.840005302190605
193.10011496679383,167.04959993156928,48.15708984936608,64.30940917414895
191.342286789817,171.04533848008018,47.726523659603274,64.11683840342111
191.35339649453857,170.92842533835906,47.7217445599082,63.79353774756663
191.18038808774793,172.61331588181775,47.88362581726847,63.198075117299
192.82519500595228,174.51498157779167,47.748553234903326,62.72039775519737
192.8250480645993,175.92402342081417,47.4990972485011,62.27819836366227
194.45045713187565,177.25254994847114,47.30526091593507,61.8301256302325
194.29541163689805,178.4057616369897,47.17229413039283,61.54031764397297
194.4434705631253,179.4488843125869,47.26376430207779,61.44819157931573
191.31472479729993,178.82543832453047,47.44711242399948,61.599668201653564
191.5960323939822,177.87429653410004,47.363490229234955,61.52376744013007
194.22779084419903,176.98411134939423,47.21049750635257,61.13444481637763
194.40918962729103,176.7264157898362,47.03449958559246,60.76061683025003
196.07836758472044,176.16463679844694,46.64475373810119,60.399912227388604
195.89590599108863,177.7140500405271,46.792966775123006,60.90584639004835
198.52782419042114,175.13453651262589,46.337607778191355,61.84359001002923
200.70190722486558,171.37187234536702,46.153206186078584,60.85886280255474
201.0992911992462,172.72706003181446,45.50053636611295,60.0750350761824
204.4352714976193,170.18083107939998,45.47431341737702,59.508072967583644
205.6112942687804,171.0793712310745,44.76181915698382,58.7582509221005
207.08127658902703,169.9623758092716,44.3811122622334,58.21358456775401
206.27090589427502,166.96532397723442,44.468076772426826,57.95723666703958
205.73263625648258,167.6964333097736,44.64601374116889,57.53995084421588
205.46112760589315,167.38108074902573,44.5656777994736,57.321795642282524
203.84219803295218,165.44228155029202,44.67811899758637,57.08425932371594
201.1291479414553,165.9177615845575,44.70123170041655,57.15012671928872
198.9738136651979,165.9588510391404,44.6948021122148,57.15865263862365
198.34411163394046,166.09821339960985,44.755897110818246,56.804145640994754
199.82494047199464,165.90413334763397,44.649013432970364,56.9269653571253
197.45874411784183,166.47591339286126,44.54093487357579,57.04587861147358
196.1501780758175,167.44447232313024,44.46592542472651,56.99700692956264
190.90852233546508,167.0738305303639,44.69231036887129,57.334687110334976
189.70420870426895,167.34355038014044,45.00740411533338,57.216621105916985
179.45210967163467,166.58400641793781,44.83520104229624,57.4937467166702
170.8029343054518,168.17875907122945,45.24098700110246,57.19836138803801
164.47464209682337,169.69800133114708,45.19143376119375,57.15022449202782
160.44617686475314,171.79660143862063,45.45449520677954,57.361031422008686
158.6890444924078,172.1623135319053,45.072169718621126,57.611061607845315
157.25750291563224,175.1023144392557,45.40512916153991,58.111816648155525
157.30546706387784,175.15578453090657,46.03841606976442,58.24208927179386
156.0133392728981,176.84845571792886,45.91922812450226,58.8328304148239
154.8548958455698,176.38056846198208,45.55121445692674,59.14409863199013
153.79613388077678,176.9002689429147,45.608346960426374,58.941670025967454
151.7333356670741,176.70743461259494,45.78390876945405,58.65217827858696
150.86747457177952,176.23774138613166,45.42124605136706,58.63074518910555
150.2225805662692,175.0107387467915,45.213579895975364,58.396090799817074
149.76929906282777,174.0369239131972,44.85113319349999,58.19452265015695
149.0764852054039,173.7115318197344,44.54167681334651,58.10983469438616
148.24686792528198,173.63817125453048,44.07973155448334,57.71148469976349
146.81799703150773,173.13161021274152,43.7927413435882,57.36584809536839
144.83562182996684,172.492398071669,43.33256641936894,57.57270257713658
142.2872520846388,173.70752073733624,43.487386106405694,58.60860347649972
141.4754915501809,172.70921125227704,43.37176320769298,58.992191655335446
138.03250686026445,174.73010134662752,43.183285432527086,60.36606374171994
131.99168701729693,177.37297238642094,43.40348064519555,60.89045082778249
125.9286936549648,180.28319603948913,43.47646405870255,60.995070469583126
120.8693413926514,182.0454467767641,43.5209755825359,60.73446045354454
120.26378835559453,183.03924394884262,43.078184013560374,60.507634165303315
116.28300051754357,185.8476060890468,43.2125697673295,60.12798616739619
112.63895653622718,188.6002075929951,43.40357082352918,59.91709992814586
109.19508914665701,190.50017862225107,43.47868305551985,60.2538456252186
105.46665963278016,193.13411292458136,43.12029264021936,59.95820602446432
104.75778567396165,192.93960400898547,43.29770092105372,59.559738911789324
101.41927693939786,193.93800464967813,43.27928572721743,59.387981070269134
98.26356613183651,196.15648022876627,43.06207708568729,59.03707613096492
97.46233878708907,197.1253690015321,43.21604067868559,58.70209418632438
96.97570550854613,198.04032174091418,43.165004514747906,58.59584476587169
97.53716342941296,197.99352318287887,43.23464493503056,58.33777310686066
97.08890535134265,199.43642068037195,43.37267493947593,58.472182417523314
97.7643887748429,199.09688539881606,43.3002075765376,58.56334411661378
98.71239225654764,198.61640514467285,43.45979243479866,58.50910472522674
100.93757618208454,198.0334694416708,43.56420554380789,58.445298096448404
101.45435325802796,197.63192517406418,43.46295309203624,58.462943027669205
102.34616508213608,197.43978989581734,43.37220769012737,58.26725806591722
104.44615208080758,197.31832773000596,43.207088104863224,58.263296382601595
108.63336667773771,197.06165748840883,43.40980734850297,58.655753132761724
111.00542754993005,194.22574584082957,43.40888399889368,59.44605806396757
111.42899186938666,193.9165999453575,43.369629920336585,60.59504940601725
112.93272763401988,196.7227677704213,42.76321634967305,59.41914230279514
114.12896053738204,197.49219915854104,42.25408148414899,58.98501192077414
116.46300775608245,196.91606229272722,42.12242122033216,58.529934706929055
115.88568776616722,196.2398124659269,42.38043282034086,58.48847328856162
115.71829406954895,195.81252467085693,42.54180800978864,58.520420857461325
116.94752639480438,194.04281332462182,42.27701315526776,58.848378429616005
116.36088181335894,194.7874772848158,41.829481557431706,58.438165542377774
116.34011072391581,194.54847031212364,41.210411033948276,58.097071061191144
115.99211424537833,192.4795747439483,41.218950125018296,57.939508784913684
115.81134699408051,193.52275219156272,40.75025212658398,57.51910561850566
115.00232157681809,193.36551339382996,40.521354099033005,57.64189913182069
113.13061127046905,191.99882258993944,40.63269201100171,58.04346931153168
112.30686074475229,191.5137794374273,40.604711623798465,58.13617023867202
110.03120613290257,189.7066455523186,40.85915395372959,58.20174840508389
110.46771715295027,190.173916390751,40.670291609736324,58.05430579161554
109.83068071918694,188.95105248561603,40.33244435893106,58.24462865269725
109.24619414367194,188.93773138660148,40.53444974844449,58.428552234598364
108.5219189542773,187.37111526788198,40.30432185307914,58.58533045249092
107.86449471823828,187.21091277425572,40.23681177413177,58.50673092075766
107.51795422255255,187.2517760313873,40.41953771017105,58.22513143591348
106.69838254307328,187.1552904595324,40.23098927568783,58.36324604085061
106.65769447582966,186.48751347567304,40.21290237947916,58.82502929476324
107.20086289804948,185.6488422474089,40.16118379351577,59.10513135097717
106.64964695487865,187.13940502387226,41.272889509727364,61.276357654282165
106.76002684572097,185.0568519332254,42.31500015898904,62.18630898747713
107.32941302754526,190.35779749700706,41.54044999406523,64.25058035075854
120.55996215260964,205.38983992410604,40.6590846388339,65.47233267002247
129.42631029634117,234.8233997434476,40.503883926322004,67.03442750887844
131.45476672727415,252.62308403773625,40.25240171516714,66.06832155457847
133.7888488354844,256.04000426466905,39.21446506451199,65.32903838602174
136.85723135981848,262.7749802235795,37.479843017400235,63.84536500213627
138.6660072012787,265.4972090362432,38.251836298316526,60.45720634798506
139.38534160680152,271.6737634345182,40.8821615325284,55.10439652833328
133.59239924569403,276.90530967427645,43.713130063642325,50.504188093463966
136.52818006995875,277.59997789910045,45.24745268101253,47.32335286356545
130.53889586796086,276.0975135909962,45.54482487223977,45.64769800275373
128.39526747404898,279.70179902818194,45.625557287962685,44.350444953699565
121.65921854325187,279.79300123104514,45.450239034749785,43.01551559985309
116.62879182544205,280.80458829166224,45.113878534517355,41.53568698957848
113.95297505916315,281.54198333258233,44.56884458660642,40.6979989156042
118.58902471342853,282.13192824284073,44.0455674902949,39.69286279081382
115.18732796877633,282.45144273951394,43.53543864073211,39.59950889636338
116.26976994538057,289.82692535349,45.429112197899606,37.50400116505432
104.62907190173486,290.8973431156837,47.37114709439513,35.10931246860311
99.30156861842173,291.2887833566274,49.09358224988858,33.328668710615624
101.93560103514463,291.26799099794,50.245147943939116,31.72099195338108
94.85702456658005,291.8278301240679,50.33992009035783,30.43855198309048
90.52222464333695,290.63996739740395,48.276861550613546,30.69809558598504
92.65842634767151,288.6034768107621,45.77082319321396,31.48206575768171
91.07082383433666,287.5301950875459,44.45886706036826,31.73082780488327
92.64295238232305,285.4343928992131,42.94368692209815,33.05856895179727
90.96546752251552,283.7153441606867,41.24193257021052,35.322071907327526
88.0922458955181,280.65582934306155,40.58393303703494,37.58142756567964
85.32903063548524,279.3372103079043,39.76246173596419,39.63256845515081
84.88962776401559,278.65251126190975,39.27525466724272,40.975305339240464
80.50260979542094,276.32687001478814,40.11388821109098,42.36268731506634
79.4944581189021,274.2373402288184,40.32021391348624,44.22992637995613
76.85932650203665,272.03364579187325,40.41379944335973,46.019239644639356
73.71257635246883,270.35480587066326,40.50309041479762,48.05791948133732
73.66748987294562,269.74654242892615,40.57132401796401,49.25798152791607
71.27282028118637,269.6209772185234,40.96498706546568,50.33011794876345
68.73022489107231,269.5523628864047,41.25829342339155,50.874829117845564
67.78358744234127,269.6907370500454,41.57917776451816,51.13574276022587
65.75776109402051,269.0099510656211,41.77569502033329,51.455421366075484
65.10157412267891,268.8390720686462,41.836740017856556,51.69794239484586
62.89730600366707,268.71243894473747,42.26592640427197,52.19718811565818
61.356733712803305,267.955835794564,42.6327360212473,52.618153247982946
59.71224885681227,267.52584476083064,42.722697983671864,53.16118556049622
57.737595525156436,265.3030870246483,42.613372273173724,53.98314275000883
57.14019363140738,265.2360956550059,42.44247259711746,54.534288682519474
56.0564745049126,265.0167851669469,42.42278135257893,55.03613624670783
56.35188955295381,264.6183493243566,42.72733759473047,55.04167115706236
56.633412660811686,264.17374522121276,42.770055231610996,55.10784871273439
56.70053488060683,262.8186386681374,43.028561412862686,56.007901778029705
56.33572049731671,262.1987182243044,43.24614974317508,56.582617832111865
59.41727837776113,260.10273393140915,43.20859378910997,57.85560724996418
60.12702584041888,255.85348350988085,43.234742407991554,59.828731296298315
63.90744714989029,252.96023573597546,43.11845173378139,60.23742018059593
65.71533707906346,248.29385757609836,43.6849681515276,60.448436159163585
65.15647099288384,247.998014114504,43.192084116764015,60.35238192195952
66.60967904303797,245.43669597005436,43.02795469858466,60.78686065241766
68.58384617691438,241.74201606540072,42.94326669967646,60.25803665816662
70.625662569513,240.07814404236294,42.822407714375444,60.16183789990561
71.08935471766999,238.78446064821006,42.614561987511856,59.74586730494108
72.1650835318749,238.62441158580182,42.525949827623144,59.158688739751305
71.16145809192946,240.56302032904813,41.67548653133606,60.19726848684025
69.18125396754154,232.61844070723848,41.90063190932333,60.46265701665339
60.29567848741381,232.1525924987391,41.544843096019214,60.475263579888576
52.65888087692689,231.75573230120898,41.224536682776744,59.73285509635534
52.47755115428134,232.58061232353234,41.18921090811238,58.95036385244414
45.63731482418362,232.79313683370918,41.14096004230685,58.95827492511182
40.91678578596402,233.66639381422968,41.51698229873874,58.41501780954506
38.03819635657034,234.20256346482194,41.70288353911789,58.1580454321696
38.27766767189746,234.46943392130038,41.41457046523874,58.10246588400648
37.985400349285776,234.35782295682063,41.3224951770858,58.0563358835398
39.22348630427396,234.10535802039675,41.500878587849165,57.84244619776713
43.19706865567508,235.87564533574687,42.49744710037897,58.490235595997525
50.52494089070644,237.50796991837984,43.10238855103158,58.059182898703426
63.547480174979775,245.63097741408143,43.276512024110886,57.53549895435836
66.86699468934509,245.51313061535956,43.22415196358095,57.468196452806836
73.66872922482112,246.92990289509717,43.39363020403024,56.80271434183322
77.89936705027026,248.96006931995464,43.05764923849574,56.6633149771494
75.06622866953498,248.30833350340782,42.53503506597583,56.70858191168045
