2.5,202.5,438,299
11.346593763038982,216.70523123609019,437.98258800187614,296.4586361911497
12.419943657733654,224.89897465678575,433.97748703317313,296.14012861306423
26.632776793788764,213.8963172007951,439.19144249568205,296.47073801967446
34.265012282705754,204.1750132590266,444.49408539419085,298.9310899675425
26.63669116590279,201.1910430426833,450.74031636528457,301.6894549855715
18.852152781269012,210.5031507512682,451.3630611567079,300.3520246941341
11.349626055843771,220.174040073081,448.9883958270408,299.2111127497273
18.631316172623485,223.24808922416923,448.13635935874015,299.3045472501326
16.88162180022178,228.71657674965667,449.58193822233324,300.4239076483765
12.175351659357972,239.871432187561,452.75478057086383,300.30486678599556
-2.9072334656391376,239.50294127310798,450.427992202694,299.3930757791701
-2.4112349722673514,236.08832659177455,446.99342500644724,298.33467134133036
-4.513896653446466,234.8752951189445,442.93421437222344,298.52440282413033
-1.5401753144602708,233.31468716966816,439.39426385504817,296.96406202102287
2.013774504306241,228.87174825216147,435.90883125853077,293.81142381141956
3.1753623132374855,225.9348582029512,435.08727724463404,295.27652108665893
9.85509819345225,225.08611860987844,434.18042026844523,297.8502950645029
23.594910998198458,222.54091737985115,439.4150623896657,300.6427317595581
46.54883218857043,209.42776705232222,445.7496058731796,305.2099843341716
49.50913140297652,194.63855194239966,446.04226714132784,310.65206201495425
61.99935930405155,180.023451159874,448.4537524097344,312.08335916106023
60.81914560188568,179.92911359143525,450.1691983701842,313.60218990897596
53.266293606761394,175.05865155941706,450.87030793904603,315.14772517906704
52.21337677806943,173.04420452500307,454.12622180043996,315.2926318211372
57.70296151113479,171.3770378002431,456.769269512654,312.2301871639677
51.210521855638945,176.52424373911845,456.0476535386115,309.3376340928271
55.78581806069528,179.32957717285092,458.6479966830032,308.06438339738975
45.64830911964606,188.15416496647887,456.13970653592685,306.92487425300493
33.42377618589748,195.06757875271634,455.8316217533996,307.29832591636983
25.077169626315282,195.74252194296332,451.1314976228081,305.62762009837206
25.98636864377147,194.13339215321076,448.5541130552076,303.5580726901147
17.377530161807442,185.98615127064784,449.2420487319042,303.350219860514
11.465631783739525,178.42569390044184,447.5819501862212,301.77251094369944
8.487793982579092,177.2148329888766,441.7364668835128,301.52568561335704
12.772111944252117,178.8430206329142,441.1709456604841,301.3932429253032
14.267202942745655,174.36717196805643,440.95724696084505,305.03146130833295
15.695004095673937,171.69775248259396,437.8399294812672,306.2677416664344
21.758111634256323,191.1835298610938,437.16168574809655,306.2253289077257
21.609264872876622,228.055692835946,437.77389751393036,303.7855760171034
20.811513103084195,239.77045341926487,439.47846024575546,302.65809876526055
12.678410345398959,275.4601391118937,431.9652983142265,301.38934597131157
2.3674243332933713,300.33114173824964,424.9888416122414,298.46018785605077
8.968404680948254,298.65594464801757,422.99630207476855,297.19710432960574
24.741189092001207,288.7505836056639,424.9263344489517,294.33859690686677
12.894608174052678,278.43257978989527,423.26154416692884,297.9139832768073
13.695061659000686,276.4714215817888,422.3470445246848,300.94437704029895
1.975850187078862,271.36180361843105,420.1166423189923,307.03238785791405
4.895485157835992,264.75042821410085,424.01733781632083,312.2744391273899
20.660237619870088,259.26615348920643,431.78875528605147,316.89952849417085
30.58781132561313,263.96320296778333,440.0483539683154,320.4776413747857
50.44422555738316,271.90413096224665,446.91948317689446,323.6706717078805
48.677530884747966,270.87914388074046,453.6094086244598,329.1226203105138
57.81694375359419,278.91228367164695,457.626124650073,333.5425773009665
55.15502980911069,291.2157296270086,463.93290364368096,334.24191212058986
43.335034037203314,300.1352337049792,467.98765768444395,338.3611616398195
34.38109425010691,297.7342610426581,473.3821829571841,344.6038290723491
58.27214273855202,280.6341002206475,479.4845731323935,344.79780306012026
65.6713142677383,258.2665967149603,483.97512281999263,346.17566285469775
68.86551372014702,241.2033917212592,484.4419656906879,347.7670424771097
77.82425384501681,247.6355113207503,482.61932453701763,344.46244416252694
77.09172850614357,257.7812031999182,479.55747587699557,341.87207206190607
80.63597498352422,278.176189501915,475.6604688040397,337.6491999828147
78.81961576234346,296.5612189198039,472.972247228701,333.27625876178314
82.38480618405634,320.59144421977635,467.36546791725766,325.47136236105695
89.73821516624571,326.77396123850593,462.9248023347759,319.8785079271744
82.42481921249063,341.16085455060534,453.1091904489511,314.94422745226757
69.24919055540639,347.4656051568845,444.311499093686,308.2568887725156
72.02093256562299,354.65895083912034,435.8202373251449,302.49074470266066
62.629817564614086,369.66541087644987,425.47925451283163,295.70405524933955
55.324186936400935,387.1474443132956,414.5186201698927,290.3782673368297
53.56374642892172,405.89339803624483,406.031019205481,284.696393689149
56.66770771485437,421.41343827711125,397.21282565659544,278.2254946496769
51.675411348159344,429.6779342531619,393.05605715341324,274.53161717664057
32.85391345169657,434.27271051037405,391.8701917097665,271.1844542458038
15.196835554661732,428.5967656402697,390.5487388307405,268.7832483591814
-11.97386618585611,416.86727928309335,388.0105532309656,268.32602425041404
-8.385038237266173,410.4781655411034,384.07597151248143,267.49961840309516
-3.808996034574335,384.9196843559032,385.93750748368467,269.81132106890567
0.865458619663741,346.4303970850144,390.1265486909556,273.23821409212866
8.113585215430646,306.86500975521733,399.9660079322831,277.4865424626603
2.0044201810760853,282.6195366110534,406.5445646321568,278.399562115246
-7.792255771725081,249.70362393746672,408.68071362638216,280.5343545339525
-6.423562908296844,238.71485126200707,409.0237915473681,282.9047450386804
-4.122053870019613,241.49604609808807,409.72682853978336,280.13668810920944
0.3313271226325867,235.80330409856563,414.0678654741567,278.2370768934106
2.0530601970997964,236.49255807943103,419.137992045254,277.86507763967995
9.834457664480908,250.35332367022298,417.77826298268417,281.1402047832914
7.874624473737697,270.6483621812921,413.2061376390119,283.8431613610067
2.3920328315700203,320.42758785226664,409.9627513966749,280.9314461640771
7.748908743641437,323.3552755047766,409.34631345345247,278.50709111891433
5.160341394184229,342.9341076858138,402.8509628008044,278.34828616235757
1.594412435507877,360.67000518755503,396.7201139615653,275.6442409452521
3.3464696645929166,385.230815073077,393.32559662010397,271.3878288463273
7.8067864602532495,395.3591398184649,398.6117777947135,269.8154254187839
16.517794932153436,397.8213859831887,407.95466296578127,269.42876725681674
19.656382074757687,406.027053913311,416.51275097915675,267.0141297760887
35.36937020340389,418.93488650012614,425.9622706325089,267.42323228739497
49.8091263976317,430.09692791265223,436.8267043194927,268.32488417303614
49.98301866619295,427.15205513282297,446.62016371700156,271.2353669038678
54.35079347628829,413.8959693511396,456.2495719062591,275.17602815229304
37.006782565746846,404.01832198120815,461.9102194597639,279.53872664734394
41.936759917216705,393.3849856648943,471.7249321152226,281.682802539249
35.084369438080046,396.2980742087014,478.1888778836766,282.6783517738089
35.51071614930456,399.78966005507226,479.69779916535964,283.384738110242
34.664051774756786,406.67678830471164,482.3887192907598,284.36771046228165
24.97757053949269,396.85361691853495,484.8994991441005,287.70210827308716
25.37487034797863,398.9724666782028,489.53503143936007,288.8461979612099
22.755179228429682,399.398887804384,490.328272435477,288.9294766957859
31.352058357669847,401.3624974160028,492.1803515793404,290.1938601794576
26.485644930835917,407.50337059641083,494.7727560888005,292.2893330187758
19.060396950989798,413.44016618919557,497.99816526412997,294.190357120987
14.676817037319381,424.0898845625583,497.680033228983,294.90940448986214
11.949750987673525,428.948137859909,497.96108774496173,296.9615794213449
9.256927220464775,439.6325857006287,496.04965333205257,295.33857149625317
8.703152937363996,444.78211871610455,493.1999236466062,293.5767750575866
22.067862619383334,444.93923686091864,494.47297239169836,293.51353437414247
20.669327051181995,452.5904093679699,492.2087613702031,289.9767294830257
18.598135629663147,453.76756690757566,488.88573970274274,287.63401229794636
13.856122233869542,449.9821548808493,486.3816807475648,286.06642578316183
16.68699995555275,445.1339054558369,484.6779653032066,283.76697393433403
15.269245909024988,451.7983587694833,480.5523303794469,281.6772946019631
16.287143945639684,451.7025612141326,479.1437539235843,279.525828265521
14.72205786656994,450.74672142645295,478.08853847033464,279.2328216760243
19.11936431748404,429.5629647290466,478.146225258753,282.4646729919796
14.3415991145705,418.877945664108,478.2702847936084,284.68349461489873
28.157521810339347,408.01742619222784,479.53820441671917,285.65200441437196
29.16306369358756,390.4685920174936,480.31708413403317,287.2129753761451
33.199598283468276,391.17772810491476,479.5465647932915,289.2310068168729
45.17375641975332,393.6680914674305,482.53785995565795,288.22743577726624
48.10938775003467,400.92874371336825,480.87134687929324,284.95956928130136
54.777623693281384,404.44515717903494,481.37143047375685,283.92082384716036
62.74301817266419,409.83663376606523,475.178937070106,283.4003800191081
69.58497540379659,413.7655321163184,471.83013422588317,281.16677269543277
79.62634993575995,416.5636867654172,472.2529927669369,280.0063073417848
78.69565907323232,419.36851089141567,471.6054531071808,277.6831929223379
81.1266290380274,413.546142875546,473.5046163308194,280.5070604619507
83.22417156085686,404.1954703875269,477.9803696411785,281.89739889196846
78.8470558046833,397.953865380334,475.8436290160745,280.049456944074
72.2681476334374,404.2938129769382,472.6608424838104,280.761173803783
70.8497028770216,404.84897032499384,471.2929723988637,281.5812168022976
65.44668741754663,418.2170046825023,467.75548601434684,284.81198120190476
64.87187242290042,445.44149982619274,470.3237574516602,276.66537815207266
76.84996790356854,477.5119821489318,470.35506382003587,265.449626366702
103.99983895538159,536.758927473358,463.7765512696324,252.21550134284956
95.6262754870362,566.1130864373201,455.3205112446533,243.36456714295267
106.53236698156456,606.2622717421599,441.18946247953454,237.86977777106617
127.7543642672918,629.7804192495532,433.0733411380605,235.23573876824233
117.13515964419992,652.6256179084542,427.2485980710119,231.33735652612415
114.53556727482038,682.0680483003157,423.25545149568404,229.9223062282407
117.56284961399058,672.3987174241835,419.9325688794927,227.65206218826887
113.47426372718724,662.7751683809563,419.3545784140247,225.01436413214526
112.17265855247715,610.3505360221445,413.7405179123096,227.46215485074535
108.34817487595669,640.2496373433124,413.8622464195253,224.22708926285287
112.67786317006207,632.7714206749113,410.7872185099034,221.9674943861542
117.3503349682918,623.6767909768705,411.4983471485514,219.17009377857352
118.1441721303213,575.0846098824189,408.45791546594137,218.36764719062128
103.21209781052667,599.9440982239794,382.48082036163413,245.2953227291801
116.5407910661867,596.625294635239,393.45610520651525,235.24877921085988
123.05108228635342,547.6092504867241,390.8220307541579,230.77373402400303
107.56909452546239,543.3093357271841,369.087535206604,240.24171347928228
119.91375091031287,503.5027338744348,362.1680645847302,231.45342029757387
121.60074286085003,498.6416572519861,364.155484625764,221.81587620055237
115.71220190794162,481.98636352288156,358.8678330263318,224.2856490683073
116.99116808907169,420.62145408545314,352.73011960862124,223.03470164677736
105.25222814278155,378.67165331791307,363.19970539567174,214.08331288644743
98.31625834297816,378.65947128410954,372.4362337327663,204.80128619172538
91.1028981191599,361.983566729994,380.5092325617505,202.18971257900915
82.10251806754027,320.9885475450869,388.25406462543896,201.0831780728469
72.34744805057869,305.88891508958625,391.99568144311456,202.2781915037456
78.69531076049975,269.66709488797886,400.5884177084531,204.43326531760488
93.81921532021818,235.1056155917803,409.5961437147487,206.57532791390827
81.73571341336981,234.11302191154627,418.15540331152647,208.27468897876207
75.98448766209086,226.18462066741722,422.23629261926015,212.70001201297964
97.09626517045791,196.55819186180685,431.54706987791667,216.23850652605586
87.85179156036673,200.59857302136015,439.9952446600497,221.04990652994732
68.60553574529015,200.74323371453255,449.59455636954857,227.46875221971334
44.160482140784495,195.63685432162984,456.6372629132767,234.04459842121395
42.49158032052742,192.30494526676114,461.7862821929052,239.47566933380017
45.22053506895713,156.62311208197474,475.2059495240487,247.06221320581437
34.2710149284506,155.77334233256116,485.99218157752273,253.77568302538128
30.825864285168564,150.90422556751497,495.59353146714466,260.58542257888064
26.35952030647934,151.66075145317376,508.8283091156852,265.03257588568806
34.40846552164106,159.7232749010506,518.5887351068706,269.8387557202811
36.410153741500096,175.0582617747732,527.6287050721818,273.8553321132167
44.46112555019408,194.98299953894315,532.3520502273768,276.733311724037
43.47133950791101,213.62528433325102,536.9723200296096,275.55437491740366
48.53717507087106,227.35783803290067,541.221482529483,275.08203675943736
44.36029101414374,233.7702416409031,545.0388121778192,273.7607457406371
45.42659094085968,237.2131587065399,546.7794246618812,272.02149468965524
46.2205843834455,240.76427608410484,548.6342492658148,272.3410319376992
40.422366755626285,238.909604486981,551.2571184661554,272.01190152583723
39.25062348425297,235.5991145042297,550.870261428656,273.6461795260078
35.619239680928445,234.75636602566652,550.8253117120018,270.6814689636029
20.98522125955941,229.6188841501332,550.5762930432653,269.7511228468107
20.84201036795656,220.2943306207382,547.7437527769868,271.3873953566505
31.335862572332474,208.60840484053304,548.4582025277808,273.86759576349635
41.83490166356029,211.06170425135014,548.2869924025762,271.7468455594159
50.34042969173589,207.9952530517735,543.3604700376312,269.01086673298323
57.534142780570846,202.15423149473,540.5084270844486,268.780736575891
50.065589274751915,184.1622344378792,548.6259049037342,270.2600500560477
51.26220239964755,168.31792630338768,554.7790691873902,270.785282841144
58.47090946537287,174.67217689606397,545.9269674414986,270.81248893881144
64.15233414657177,175.50546121955958,538.0897285260307,269.06133922217197
78.16806792083554,193.48072793307765,526.8962622287239,269.04754667038
85.17956962362024,219.25498910019633,519.8802225530129,266.33479017476566
92.47957554297341,271.1589783254121,509.31114266392206,265.9548054987482
106.4605239669518,347.5246144815365,495.37745454857026,261.5938792558353
123.45993137175421,412.60499363971974,478.05421881001035,256.85985586378524
117.02683320901872,472.3221791112228,468.92158434019325,247.13296630505647
116.30684671215568,496.65297343885715,458.74921736046963,235.93181923914324
124.23123437856728,524.378012224299,455.6688679691137,219.2789905085914
152.89664295975518,563.8285154972141,450.1533774974117,215.68518916295665
162.09138241153332,557.9496321160891,445.2171408957964,213.7980737230581
145.15703233203624,546.0536368476731,444.4442738245659,212.13784715783936
123.98294031745655,537.7904411948084,441.30960873263155,213.69997836225053
131.26708256895938,537.5711206203233,441.97749976673526,215.2389951635339
123.76060823953046,561.015388921723,443.3588671191356,211.78628009393756
127.75546703909185,590.2419749366964,444.8974917670221,207.76120102053392
189.9436076711483,575.3421018003671,428.85098345212793,213.37214648142472
186.85235149818135,597.4548253290441,420.6364849948392,215.36763524560405
188.1402205694111,582.6990773162009,413.43099993846977,213.02518267815077
210.24065771720254,602.2240607087826,406.3321077595861,210.75448225040924
206.45184418189828,590.8856131345464,398.7941170781194,209.22393797627424
221.17448802508045,627.3939621455521,397.19651806668185,204.20023617008317
229.52393574270533,665.0489086123266,397.14306368672993,199.4943929191512
237.3862565849484,661.9857194311095,391.78589655821304,199.22541987167347
242.11704678295598,632.9664686112735,391.74457277688293,195.410959017449
276.9863275743205,642.2129781120615,381.07814711944684,193.80657755859758
277.6260768922916,648.5297217990131,371.1598020861047,192.86150380468945
311.7192019445083,661.049702110189,357.44985126755995,188.6333660735732
314.8344551529302,665.8181764457925,344.4094297849508,184.48819157991747
318.17979888503487,663.0335175212595,331.86453575869933,182.94429398251134
317.5802698627641,645.2132113124093,320.94614118178083,179.67216378546559
341.49038223470916,673.796343871684,298.91939635732433,193.2396404271698
265.107840944042,679.1735271455962,303.1701051593618,186.60711578684683
217.0495336828082,672.7522685106744,304.17389619550124,182.80801814274997
207.63956784786504,734.6585181267632,308.66910271432556,176.88198589055295
213.22584744808856,767.5016006439896,304.3962713352286,171.028740930563
137.41933081764546,764.9024822937098,301.5458951722867,165.96535710957716
63.73221500787827,768.0085084599702,298.2602452000242,160.4540506576601
55.9362263494657,767.559935318548,293.70912177832395,157.08131569203027
24.350021799133856,775.1707937546054,288.1259537915853,151.9969288751524
11.169740675163268,772.145543223411,285.8701334406495,150.85365762156218
-0.08355738983220817,761.6617419069494,282.7150054800643,148.7538717199395
-3.227428724091652,751.1571934604837,275.20312179818035,148.88400132771477
-8.501543552386522,744.5164445017969,275.4155531912203,144.84178022043017
-11.231879995370491,739.9760738646736,270.6310774184358,142.09964742546285
-0.5525220902731007,739.2235470605397,258.20964893886844,147.39468406786446
52.86946884862718,804.800763115615,254.41460199759132,145.97911304169813
172.63488296760505,853.7883415931562,253.54284663561214,146.81905771015101
212.55731132016982,870.9381236886773,239.39854382452558,161.76380962018322
206.61479073000996,869.169201575887,233.06081622127596,167.57452247903393
172.69496471486866,865.3033069707895,225.9156812642539,173.13124903282625
167.22963418116743,865.0946320101938,219.80268884349715,177.76594943695835
156.08788233275158,869.4030655261097,219.35779135624682,180.7458317108517
86.5968110702303,838.8951355894754,213.090818891055,183.66206695033117
59.71387109563794,832.5092757137708,209.1608103209526,180.04821045357158
75.13510878542323,856.2073651692712,207.77035558652364,180.22367155721918
67.23488649358293,858.0857342042007,208.32043395926672,178.1806496366902
61.445596186019856,855.7018307373286,209.16955004344806,176.38118772201526
79.06195586167209,846.9163000508789,207.75496118530765,175.5888133496753
97.70308655798247,862.1536078578127,205.50490728170055,177.3344011354658
139.4058725217018,878.2701928673705,201.2723395046525,181.93797351747332
102.36251727172625,867.55754119352,203.99357911837316,182.1913751622936
77.66898907440678,870.8957944777993,204.18013502473084,182.7242377763217
75.70228553368892,872.4587554719881,205.0192268157155,182.40373261037746
72.65395004084071,869.3642424942705,201.08301701833088,182.359903245836
55.94867540963246,859.7214749280668,198.78590560569856,184.07466811457152
13.635540551085398,850.6899506232453,196.3783694756247,187.2520346181964
33.75125957960206,864.7636928720158,193.08191371839607,189.37860178691525
54.38762298226257,881.5633334663984,187.20268819481333,189.49284446289613
57.3857215369697,875.2731007305752,183.13540563236563,189.18166736404683
58.270800224366795,869.6556694963243,179.1030953473389,189.60180586404266
60.440973944543856,869.576401721404,176.44506337577292,188.85936851110873
60.92130819377053,879.489619064862,175.2259313157847,184.1839386154523
65.27148754298958,884.178265936835,174.45462973862345,181.09390158918825
67.31600353188645,885.613245684594,173.5421593548391,179.10246609908347
69.06941789123601,891.0390924333574,173.41520128929244,175.32793295998547
70.36923042159849,894.8404237449136,173.16028586334838,171.90032393336966
72.636987373275,898.1767562048199,173.05388248703392,167.87393524913753
63.6290120330594,901.2877890148608,173.95144213047783,163.16214845004725
61.31939397045423,905.0572531416465,172.08383610023162,160.58068155359257
59.24181762243981,908.210223166161,170.64335433581124,157.20038685597342
55.746764442257714,908.9997588700098,168.81229465766225,153.7936695504103
56.06024305324597,907.4899556867233,163.99322022148286,153.37995634834942
55.56332811390584,907.348836111292,159.10752729971756,151.12795191553266
55.68530295968401,906.0876852958263,154.34799790769125,149.1013300540327
55.34725713216727,904.3668889010127,149.6277754185902,147.8482311856398
45.95215603794938,913.0979607453653,145.0116169808053,149.4988327819687
27.951009038199714,906.2654196352476,144.3314616394843,152.3873351453316
11.680342995812154,896.4530706173139,145.1364179155436,156.4554087686624
29.99801848283009,907.6086360109186,145.43989445615617,158.72830241077418
32.32358356826401,897.6030590412029,145.42892913743066,160.50574892222733
54.367582914827494,899.7566203159432,143.43487499386424,157.22967967741872
61.890091788986126,906.9948369387006,142.97962374792735,150.5970016771127
67.27298639733857,910.8798825010585,142.2466046880828,146.2978218168163
66.03664001057093,912.9830337701494,142.9806066084992,141.83740584288955
67.32309648445711,924.9575192901812,144.3198147182372,139.20537892514042
62.89755917687879,919.5006526379987,143.15813107838898,135.55693743244734
55.79971864701318,911.9914456397712,137.17300883917,137.91469831458332
57.30017480174865,917.8004162505598,133.57961968491145,139.49023376994705
61.44500326480565,917.874188185174,131.6747474572838,134.94089594396192
63.14026260413007,916.3038658613041,130.1566018827304,131.73088837383682
62.86098710465021,916.5745061528839,129.03964414412604,128.33234398719506
64.97244461953449,918.2308611032948,128.6175203779378,124.52596770572956
66.98547521652768,919.4463202482898,129.7807654431067,120.26783922782761
67.67846283784012,923.5807844094751,132.2608495037655,117.82401085052544
67.00821822632284,926.3039178529929,139.46102224044142,111.41251427341491
73.6274543482726,911.982894283896,147.83075388448137,105.7651288859737
82.74649282203237,911.6925934702189,153.2996318930165,102.0002486407696
125.60932657310316,964.1142097302975,147.8322880603085,107.08239301270224
140.70318221914044,966.9823702634128,142.60435460026517,110.03664945349055
172.40861936551408,974.2224780840961,140.5293644017562,108.82651819322743
213.00345663762715,978.6439084719364,138.82858908848706,105.73969417596977
236.33863018355814,982.7357976827626,136.46008754716223,102.78075973319913
245.7238512246591,974.2249943035883,134.38193291002867,104.56153225540262
248.03150230596532,978.2009054195032,134.237486937144,103.8414919831065
255.46121072553032,979.3438509696945,132.24539588078989,102.72632253284775
263.9022282465362,979.0038897846277,131.07272763717899,101.6726651481517
273.110267934272,974.166369214259,129.85425339476407,103.57075592954475
285.23939659322224,969.4292418879515,127.68343656758623,107.14581109638077
300.09989881835844,942.0231953271369,125.10232851013609,112.59878480272688
316.29374108573063,948.108289263123,122.08976604570418,117.83178182150192
330.1626645080163,951.0266894753227,120.68793680977547,119.9080401548845
