447.5,120.5,281,269
449.31040987736634,112.99466953357796,280.04359846578734,263.49809722739974
450.8493379764427,111.43216283841858,281.8058063164017,260.03470834644776
455.7182869604908,112.11025870692441,284.41216093467034,257.46438835359197
458.2765230659942,111.47968070461377,289.60616025839244,257.42732765765936
459.95598474356524,114.32430431412217,295.3970753508212,259.6249412861157
461.15795206140353,110.12093696234126,299.13955261089654,262.7065893960496
458.9156301070277,112.07032678137776,302.13859557131445,263.9884099242974
458.505137559698,111.11957722964468,305.1575121940652,267.09448325509663
450.92928800434515,109.1297709662087,311.31212287245904,269.2672221028075
447.0335043874026,111.66876180990727,317.5033193416117,271.0577325418752
440.5498610409685,110.0294237132008,323.5480276996716,271.62988746262886
438.9497795436823,109.31483225464214,328.98743134060624,273.3927165579917
434.45656110230163,106.39517647741775,335.22967729204737,276.7048896408371
427.1153277167084,98.91551230523973,344.944392083406,279.5555277233523
424.7175346187376,96.06627436174861,353.17523714470406,284.51050552340524
419.09290281096537,84.97357665715725,362.55267470758275,290.6765756762403
414.24864735824775,74.49219490623943,370.1727432683525,295.0479829006101
409.4628991179773,69.38505297971557,378.73240834611477,302.51382982586244
404.0082024198362,64.51320746054179,386.9426919496876,305.7671644188975
399.05662155492286,54.69035117807357,393.90537463936846,310.11330022449556
400.4536055461786,48.909097415379904,400.1004794565396,312.8177936431324
396.557612275377,42.51037899248473,406.97291623494016,316.08716099276796
395.7505214140459,41.47388914741404,412.46203620719035,317.90892492696986
392.7062261339245,38.788103978464335,417.9885046012765,319.29548964772755
389.25467687077736,36.049664180153286,424.28579850539734,319.4683221366531
386.87590541999157,35.451462041106396,430.4182168332613,319.32647923476185
383.1823152991927,33.15457685233517,437.89056393895623,321.66488352534446
380.8878577612646,34.175674268787645,444.0175336002692,324.0582970794329
377.80345495693706,35.50748584329233,453.80470258935645,327.993742095249
371.7085039821936,34.68112635104262,461.34913964168766,331.9775500995238
364.4273925598586,28.60629566577296,469.1617182068776,334.32703771060267
356.25403589860963,24.466415898691025,473.73372659620907,334.12719443104584
352.994839518332,28.626048494971883,479.4440278951058,335.94316216389916
351.4313665371585,24.81566724683043,484.024595840981,336.40708147475726
349.01694641398126,24.55323143629178,488.5877437638892,336.26128026191503
349.53041378679427,27.725382144477862,492.58130395615996,339.3194694613876
344.0871363738694,23.711216457875935,498.489624490933,341.02011738579995
336.0042266638982,25.000488665736043,502.5624530356313,341.36776906840737
327.58739059898653,26.277803582523063,502.88771757268114,342.06510809545955
319.55671370028585,25.58519092627057,508.397664509731,344.2022957716845
315.5565982227125,21.588092832681355,515.0013638829989,346.0186617395941
309.49849865210336,21.54199840897985,520.0030877739731,349.9170169974433
307.6944634408963,14.767194552203364,523.5688559939539,353.2869982461525
318.60935394194036,13.640405312700523,522.3443072306353,352.5314247895808
313.7834999481102,12.089710861049895,525.4959794555087,355.4232168056512
315.72675909309476,6.799983865450258,528.1781400214356,352.46123078677965
312.2473251262217,9.039731006848143,536.0423069034697,352.71006187095776
322.9366940843274,13.457436751287474,539.7993531364282,354.38555183318994
306.82247340802417,12.555252549400194,544.8529669133511,354.7264557384446
302.9496786390703,13.395239185033972,549.4284467024185,353.41744857383026
293.38100573097006,12.488161717755077,552.9872669754061,360.44869125405455
284.1298399427488,15.410149937719467,560.9612477217705,366.6087679299705
268.8661511532671,8.652878048967409,566.5992248185562,371.3990103692788
270.1403636044968,8.218193729311423,567.0583983162127,371.96084100586137
271.6798639493844,10.12013155559228,566.0957971530336,370.63983998518137
264.5643873533723,11.74972220006515,565.9548040102189,371.711786816658
259.5690746570876,14.264632825231217,566.314348775347,371.00125477378435
252.34235382239075,9.368731795947582,569.8066183408588,371.59030471900934
260.26981080105736,5.443430810692973,564.587065101299,370.80770413672315
256.45070189616024,8.821315908157317,561.944532636435,367.65243452544314
268.01999718036075,4.843559160357046,555.5897250270184,367.9123889962329
268.68839380378347,-1.12811262845932,549.7572495406405,365.5069023507821
270.67419305990927,4.218061867345455,545.7363206597508,363.67374048533225
291.61726671372907,-0.3066362736055055,544.0931733826288,366.2469671810525
290.4894811727779,5.282768701108125,539.2728486782457,364.4872541783416
303.7288221059572,1.9331877936525075,537.311023959104,365.6796773305331
317.4893361962032,0.9920309486579981,535.1091848502672,367.99180613406656
319.96850833126865,4.209504977355181,533.5262210961886,366.9544773241087
318.05825933579797,3.719529595357187,530.7334020743431,367.3894439262509
325.88685315634837,-0.5997411230299008,528.6968618636622,366.8178842354006
332.1684440330363,3.7039723936241558,530.2718331864583,365.91859662164813
331.93747315276283,3.1866311565191836,531.8177869785603,365.5306222021279
333.2734634225664,3.9874594517561377,531.0960197520559,367.1756105854089
334.70812530497454,5.82136509002973,531.7615570750387,368.36282603081605
327.9084971088099,8.882600156936633,529.1835063384617,367.6424421549368
335.3717832271238,4.927917906396431,530.7783955886504,369.2563521539115
331.70568453291224,3.7964087472184076,529.0633431830671,369.5290751813206
325.8884025991311,2.308669337328979,528.9778276286323,369.3870534575051
322.4024721442975,5.10655774481711,529.5316692435607,370.06903094932204
315.2214595750962,7.822409405705031,529.6716103365532,369.8693236869639
307.7496005614912,5.984265782968407,533.8935962241758,372.89640304240345
300.71537547255696,4.3085678748499845,533.9578960114193,373.64862459754715
285.2406369406026,12.905855448002825,534.6725765512801,378.1757310460901
278.8479986568305,8.683366352637563,538.2652442855114,381.2823179328045
270.2133179543639,9.258350761161182,537.7547289814602,379.5933174909633
262.1477410101444,5.912062878873428,536.3162055169939,379.1156938613127
258.14604737971604,5.246800745513838,539.6235001722598,380.8050769220058
246.42022112990958,4.680631387209132,541.2344448929421,382.26598433559093
236.07381698587955,10.43674442862175,544.9992479624963,381.9501817833443
226.26541552597268,14.924167743565079,549.7016393375102,383.89686110865784
224.7008821356369,14.85302264962425,555.6721904264245,387.6477812384798
215.66975640862967,20.516005810882632,560.7180901806099,387.9939483617028
214.26287355041325,19.391535294005024,567.5416205683684,389.4056492955511
213.99553059379713,26.244853439323265,569.5646772577771,389.0873577696241
214.18221971591657,27.13654308278055,571.6033022922705,387.95700345419465
211.35551000413318,31.86766519447812,573.7691471385058,388.2576099922131
214.94609821093178,30.530502469019808,576.3153009327333,387.3407594101097
214.84896592233542,31.9538399166849,580.0781783238756,386.73398271958297
219.14542854560813,32.04428328389048,581.7619406994005,385.47425966334106
214.64371474093434,30.30379136207958,585.0577505490435,383.4925107150622
220.87866411813673,34.41836498451747,585.6826327165747,383.7310529843466
228.13687291115218,43.374327884051894,584.0822593657733,385.49878035300236
230.86673833881764,44.332898119350716,583.1299461892754,381.46705639012566
231.67301820308194,49.570342936019756,582.5335581545487,378.82812285343675
234.6823258425344,50.35304907988012,587.9911258132659,376.2330739442408
241.07257750231014,53.50443318893139,592.760205928773,372.24980164250485
238.15174243502264,56.699605569843385,591.3432033491146,370.7405441838425
251.93018727073508,59.27637650919223,591.4270473965618,367.2059496918864
247.66913766785018,62.0663166587139,591.8283236958374,367.27420124022467
250.43358630622868,63.36660887830371,593.0793803756844,365.0208949489809
257.6234086509981,66.04147610379047,597.0949936359747,364.51693371806965
265.36919063346875,68.99112108873555,598.5581434924445,361.4565645798598
259.920048566538,71.73225840798384,598.8570061251463,358.4105206008481
261.5464687971827,71.69872304841462,600.0786248351521,355.68901090235346
269.55700895324594,70.97430452149482,595.7935550744783,353.01095109797774
275.6855635710064,76.92991768994136,592.7238027878099,352.53714465244207
267.2970516912226,78.59123782279175,588.3490969636373,351.1253927009884
268.3218719623944,87.63304894594245,589.3211384452957,345.9467749560298
261.21957115840854,93.18142006588164,592.158391382308,340.73846140420073
257.00646059899367,90.8030078811151,595.4913855915003,336.5287883524692
257.21776133999685,92.83114065892437,596.621397487065,335.8463140146546
254.56401302495493,95.47961066353787,599.9942104366145,334.28161372863315
260.44325616067795,95.12524695753783,597.7502381345898,332.22620840251983
261.26141664206745,93.24782522743075,592.6840832828033,329.43125098993124
269.63190561868754,91.13734405439453,587.3159223690528,328.6759006986746
269.5334683192051,90.57361365422267,585.0954960284578,328.2173134920069
264.2284400741986,89.27950424235232,584.3147339225845,327.5558961424993
262.9291349502539,87.31016118590614,572.6852424401272,326.0632744627281
265.8587869589016,78.05299564919795,559.2795059277147,326.3013985659296
260.6303016630703,75.62961591295556,547.9675899532151,323.6016387589344
262.3979896390261,77.08673954238449,536.1417829786595,320.9075459345191
265.35258968592433,75.86567266230918,524.4800856886656,317.50663970519827
271.8478521985768,73.93617370708208,511.6052184548559,313.69792254302064
277.1221699197055,72.11068731267397,500.51246246244284,312.75665356776824
278.92960196866863,73.17915550830043,490.6998973871912,311.417287405092
285.774699511458,68.02329046524099,481.0573779112011,307.54280685888665
285.9647927566908,67.9652780675184,468.3293720924273,307.065954325936
287.93076869939296,65.27965440245143,459.47666195964763,305.365346111026
294.6754700832694,63.262576088852285,449.1262865489961,301.00357435535074
303.464763470298,65.087083834488,436.54465993805536,297.24174779041846
308.1983282359236,72.52514313150485,428.56829419025905,297.39695930502734
314.6610241426185,74.5227677847883,420.68221998474894,295.7124635823685
323.1433406052276,75.96972522318566,414.4472509084077,295.3299765849073
328.0763281679426,81.10543636034907,409.7737539629092,295.95968212582704
334.963612296953,82.76140953275763,405.45601000756193,294.15603322439983
341.72396799023284,87.37760366788629,403.71977871591184,292.17707722800725
337.07567983981147,93.59405289543878,401.3245949535832,289.99477100465276
342.122286858953,94.6021038919751,399.26192710365467,286.81565543411887
344.2603820669698,104.05154213515351,402.0214556054677,285.0767292041097
352.87662815099634,107.7907222801565,405.9518948796753,284.113340647197
356.98630232686423,113.08277685009438,409.2780034142311,281.73365922643745
354.88188187100934,120.87241189115355,410.61335947601106,277.1895215524612
349.0969730530663,130.09488669553636,414.982532141957,274.8389876083684
353.967768278969,133.8448437349759,419.60310714120135,274.3157266285494
353.18531014713665,136.54780440660073,424.3144286248978,273.2381200664887
348.3094381012205,139.0600053742681,426.38376343023106,270.7364365607194
347.54879243623077,142.8668011620846,428.44122840189226,268.2395151167697
343.3909379163678,145.50077179626268,431.44234221914496,265.99125363318836
334.4152213372796,151.46510531608277,438.88438263897916,260.7057750701107
330.9765355155014,154.06499451713043,447.4224735580101,257.39161237445916
329.7068986429206,154.28577271674123,452.6972381021219,252.71580256871292
326.0618526202576,156.67907747413528,457.71648568791414,249.40688184329244
325.4702694369273,158.32821481581763,463.5888572242524,248.68838082440226
326.6002004312986,157.74009145034702,466.9039330559444,247.84393329951462
331.58967846188665,154.34983390252575,468.38446681715607,249.51857337989838
324.25383719225357,153.54234213079232,472.64238535648326,253.07617147872412
322.92218340195603,150.4150338481458,476.7398311159037,253.86094894794778
322.56288668167366,151.51052693844204,481.5288481595263,256.59065807222595
322.3428712564428,149.25021918389712,488.60944774320336,256.12710123710804
320.2892912489716,148.79229195796967,496.63800592098755,257.1413254363632
323.65741648222485,148.11645271673484,502.15752041572375,257.0691775819722
312.08331050997083,160.53268400489583,507.7090030816674,265.2876106965682
308.10350717494543,160.19868314944497,515.5097294881512,269.6142694814445
301.49981837856797,162.10833526843183,522.4768288368875,275.29178855432286
297.8520194080736,160.44461737775595,532.8887767134079,279.558641995911
301.8171161396583,161.52121846120752,539.5836528684636,283.16141173757717
293.6448020829501,162.71329348687084,550.0916234577711,287.0608100413531
295.6018946476551,161.3210858190209,557.6508937574382,289.81060717073075
290.2915650610332,158.90029704301455,565.0578843458584,290.8663983324389
285.24612387230616,158.34494187651555,573.3135413796083,290.67107493493
285.41611499472145,155.66578329031222,580.6901595528685,292.50877390703454
277.4255428020929,150.134299239542,588.9684979421845,292.4796685680232
270.0563195623149,152.65127711258998,597.3021292247495,294.6595442466404
267.60284004952905,143.3964589027711,609.4803227626503,294.0933750022157
271.16893392439493,135.9483752492536,620.0085201447545,295.0321734585427
263.1888556072449,126.28049115803341,634.3288482163181,295.8590343228678
265.77952242926267,120.85945917999129,646.2901117707688,298.8584907807831
260.75117385434,115.10361590596307,658.1067373855037,304.5979338290837
259.5510055174503,103.43520716218148,669.6477591407651,307.83247356090953
248.17876250900275,101.10396355873189,683.7916277489077,312.0917246766718
248.58068278050882,98.89025905375763,694.4270543644038,316.43009027798803
234.14669292238386,95.243835730255,704.2713848649555,320.2824361887567
233.93146433140674,96.16407611034137,711.9926969777874,324.7700279764966
215.52717661061882,96.3448440772637,727.3461313518584,325.8233793517263
193.8433062821781,95.14125414419249,741.856329970776,327.65934787982553
196.57748485344501,95.23972946474476,754.2965726817578,327.51279686625753
196.13971870536665,88.7711655052027,762.3318778508393,330.3730691258568
190.83796646708686,88.1123277076972,771.0320504515978,331.0746911992346
194.11582376321576,90.41387920320355,775.4766810894425,331.09051091864063
169.99952680626348,92.8300068156839,783.0392463168237,331.13536045289624
173.80111539041144,102.1754620848588,784.6922747073046,334.193480981441
165.19672855985982,100.09045038027227,780.7705819072262,335.1681742476392
176.47046641800597,99.4975314902523,778.3481996510169,336.0876958820206
158.89128225117156,95.59437317688992,785.0925684271906,336.7123499492361
166.07151692178445,94.29243995463341,777.7976398765227,337.29907719735326
154.52096115799117,93.0864536212772,781.3247748873856,336.5812638495088
139.54371990476864,88.05426185200093,781.4711614618238,336.18102679785136
148.15273926461316,84.6429738052421,781.6306957554405,336.2018465093805
146.16057524821008,85.59687371970267,782.3353561723561,335.792126338014
145.21958986509844,82.79099735134048,780.7926781768301,335.3559235617379
133.82904178016759,80.58516836608175,786.0418567746704,333.89461810375803
121.02621653164465,83.1178625632038,775.6472478723022,334.70329606235816
98.57266786549377,83.11833267329769,769.9771281025531,336.5794962449643
98.37952434371061,86.8434396312588,763.8610028269361,339.8495133852554
119.70221021361095,89.14879728638283,751.3831287220231,342.38278286962407
152.96874487176723,90.36103087563305,743.7089308656715,344.1029694882733
141.33289216177593,87.58632774223679,743.5837208498631,343.64682441687
146.247188441934,85.68479554109263,741.3882569325829,344.69562780231263
183.79133953007403,84.54310950320155,741.5156453690958,345.6142977725726
201.0813016917889,82.86661672207535,746.8673349677852,347.588997926805
191.9727895557063,88.19323714485381,752.8181238883878,348.21048967096976
174.7339616627309,85.56266578986944,751.1935686758035,347.3634242014646
183.88071469839372,87.5894696349257,755.8774204688577,349.36766591854814
174.23494785572365,85.08255165026861,757.3185017311022,349.5190779910728
184.74858026984612,83.45274367166778,760.4423675791268,351.94130930710395
181.75789216548725,86.00949495768177,765.6995625530079,354.8312447309866
193.47336123284902,86.58288113372828,768.3839045696516,359.38631659428665
182.43898901170235,89.21033586192596,771.5341004279605,363.7755893430915
180.15802827784933,90.10470041879714,770.5279095223145,367.0376295584202
155.3929142968982,87.15092384052622,769.2717681604863,368.64010468532945
146.8942749886562,89.09703646098933,774.9203281337818,371.8601374018617
136.88980976868385,90.82756030060864,780.5714475996054,374.8201979684727
146.92176376643516,89.68702576751252,780.8840120772473,377.6316692778023
132.2435193344685,88.88694454032273,779.7777667187686,378.9074707058948
123.05930712607386,88.46345832433437,783.728741184386,380.216982155072
126.67951849208157,88.56409939906354,790.3833570571069,383.6944369307388
118.72058913929789,90.03326075606606,795.9141851611728,388.48080465405064
123.9261100269058,94.96043529509228,808.9311295309765,392.33382824140347
98.9831424102598,94.33359952954203,818.2848687193466,396.8745223631412
105.0890373312667,99.35129299082232,823.8835589951307,400.7770941579268
93.35710754414833,87.10664678890487,830.1114642846994,404.53608756579
103.29940954471027,91.73789762412224,840.4417860495668,408.9934469259339
89.66733173219893,83.28485937290853,847.2612585996383,413.0610329422163
100.7133240483538,77.48123494628743,855.9840799518256,417.2056043166682
100.9230481195076,80.79627199003164,867.0876477854702,421.8962461334156
95.94291488598333,75.10867119366549,880.3966019012919,428.0259576519902
94.25507824881299,76.29732966872501,889.4851438661233,431.032899448972
95.81030062741632,66.31100081813318,900.7281060150445,439.3463164274994
76.48530995707813,68.95041431771625,908.0897095938801,440.467210097126
63.651816897257845,60.56532362202441,910.0732411999709,441.6819257902675
61.25602144724189,64.18385221234018,910.5080115166593,445.2057710144211
56.712684911698204,57.42639311613132,909.2162895071802,444.9066871697905
73.04118699287187,55.582599581208285,901.3722392938075,445.19343991766084
68.44938510889847,54.87640809705965,898.038393682787,441.5318940529503
75.91405105883734,64.8905814433968,892.7022405319938,439.57539146122815
74.92458074321917,68.38156577482482,894.497308314481,440.1939491312273
99.20675966511914,63.4690529585759,884.8694510199974,438.22520874199665
103.285937329886,67.15845976328919,876.4642019269215,435.20115244153004
99.94371278934136,69.09111143273509,869.2147158426055,431.7175972722988
97.88877422965811,72.22102798490087,865.3160194298675,429.7661390497116
102.8013063743806,73.15469127163286,864.4124295972097,429.41611117467295
108.24489038315039,69.2139017326877,859.4185830937997,425.23372445513894
115.41552612809232,71.15985559571857,856.9949103282811,419.62907940722357
141.64012271887486,66.48167268608086,841.8632678058957,415.92269345647946
172.91149468631357,68.75576887818676,824.4397293458718,412.80639847407735
176.38934153889477,78.05106898300434,809.7618214187551,409.17637241452763
191.75558042951582,79.73695760652822,798.2344198551643,404.10055106385744
199.17903484861267,83.00578353887312,787.1944704076109,397.16769864861146
189.36003475112932,80.80026131860171,774.371639914101,389.6747313627749
195.71153520883547,74.47385447783057,762.0424823407545,382.8881987308406
198.91677634874895,72.01319860887162,751.7245491465446,377.4892799847497
212.4463946777579,62.33689325946949,744.9124571876234,373.4893058446868
218.49722664295678,57.290123804047994,736.077169752587,369.12514402615966
224.8491612235474,49.23752428447392,725.7641530427302,363.4396001911623
221.55043621968485,44.47319960525874,718.9836800386755,356.81867717715613
221.2087838475005,42.60775966739948,708.3776962622312,350.67079576137075
223.01692083046578,43.00486441664037,698.2248960931452,346.5080760166121
208.495274171221,39.05975027274127,688.4803743176406,341.9156325667394
210.93748207809585,44.295340243090806,680.3070285646209,341.2250560348538
219.78711563268342,33.95455832689615,676.867678714662,340.1694181765693
230.82851105169067,32.04747669882667,670.5516410733638,339.1114343494258
241.5989763781592,26.96469563399063,666.0997797868819,338.53409944540647
208.89306568127301,24.973378490630353,660.4034545131738,333.9695659541119
212.19823635085373,24.234951450187054,651.5351027865917,329.78281434499604
224.422645488412,24.872934061053456,639.3629606894536,326.08140881183135
222.0271933801817,23.38285563168509,629.9750652767028,322.297851357061
227.33986811211787,28.872158527212918,620.5550679999872,319.0372121225544
228.69056240332787,28.902761131514808,609.7740790833997,314.23821966724654
201.13953317253373,31.87514806751443,602.4738548301442,309.1824304754231
227.86811485763428,33.430946350861575,594.8755209582341,306.78728650730056
253.50794202408122,32.52891367510142,585.4583696770981,305.0815929095411
263.6052896816632,36.00645943184645,577.2557483746905,299.93737669264374
264.67392932878886,43.168616449207434,569.8679316849618,296.2026698966913
265.39552376677375,43.880196957350336,561.9296804577652,292.99393682840355
279.10293253048565,44.16164522654259,551.2933873291452,290.6837523013563
287.3373466912685,48.90111976428591,542.4574497088734,288.84302592026665
293.9718427362097,51.452125569911175,534.792359005252,286.8263920021924
307.00950034466774,48.006568768875326,527.3446969102841,283.9026395382851
305.8783087110602,51.36363624791403,521.6148864786162,281.5548771655043
317.2064228382541,50.562453497357694,515.6557235776219,279.0548781265169
324.67656172939735,49.9583721187891,509.38843468693693,276.5276375843224
328.64299932582503,53.2147839935314,506.13131547171224,274.0690006558217
332.10997919187525,52.95634742561606,502.9915194435303,273.56348068423813
331.15344076462054,55.42983695351731,501.69610401898694,273.0713565936456
329.9757844236923,57.80858083661812,501.7711466012035,272.3297684856471
323.46243204047585,60.551447248305294,502.6505372959811,271.6246281038316
318.8011504062822,58.90239659363914,503.5115698789437,272.6465922995927
309.5955968014624,62.63531679265378,504.5027552135832,272.4973307666147
297.36715158662537,62.843027746344404,507.16612948419976,272.1550483628317
288.47297720800043,71.04987316909262,508.460459686762,270.59534330377323
282.63391473421325,74.4636093590874,508.45745613244435,270.12191154649486
275.4376094570388,75.28195679614694,508.63757374398324,269.8830868553668
267.57713603153235,78.94836950978996,510.0883217729746,269.3423151275742
266.4362043534448,76.30751575862988,511.8416228813966,270.9172677070275
256.5782918605941,71.03024449999128,512.7817825838948,270.3918589379888
252.95126331168,65.4760284067865,512.7530680943512,269.75288225751603
247.98545410345696,65.54807120385681,512.2070473124941,266.8488178921657
246.99817117383162,63.54309517756417,512.6451907998804,264.41662698134155
244.44679563606087,65.35235122111453,510.12044754024737,260.8671657352743
245.98235344782694,68.45293948188237,507.12420911922607,258.2656407888271
236.80235042819328,66.85934226854775,508.1499237003635,256.0507499112361
238.63173133591988,67.96599353008585,504.5651582648818,255.60577510117258
243.01945830815325,74.01804315444045,503.15460824726443,257.4212896906592
239.6759403421807,75.44752695520702,503.85922897992975,258.51382107441657
233.7184098510213,78.01172144988655,504.4951990809009,259.2544830646718
239.3835365890833,81.80883392947618,506.5685853981729,261.8104923279046
236.1661857140397,84.9991025549676,507.2678430793514,265.1682153460868
231.45342803284854,85.31490934514298,508.8077635969156,266.5275806027493
232.44357447579895,85.15209048890188,511.0704540522318,267.2919769269106
232.5095148586871,90.61621954586008,508.072865650576,266.7664697819273
234.63912410092274,91.0525556045863,506.3848003300146,265.6548272059673
231.45709453629115,89.66103211654763,504.3523054660527,264.4027608473889
237.44356530457867,92.6356684894686,505.1125239483986,262.9795777698209
238.2175830359405,95.16227416661633,506.4046145232726,263.1163979439983
231.2920074101823,99.03874896511434,508.8036478548671,262.1818463458121
234.90207423460515,98.99434550708662,510.0883788987094,261.9369656583939
229.17233651913247,104.19131520108607,510.1562842384072,261.9050524849946
243.46401627892686,103.35546896902801,506.6517420863721,264.32574955154297
240.6397750521923,106.57016907747524,504.1506130667577,265.5787796019825
249.32137428473735,104.31640174565405,503.32201962791277,266.570021932022
245.04701168167145,112.14327364696129,500.1948891974479,266.64869714338454
246.42611195629433,112.0391284825476,495.2716152534267,267.85623603645524
247.6726734846042,109.72033407541701,490.0730149591056,268.64085067430955
248.82005382991593,111.28261730302174,484.68613981993474,268.7851767457267
253.13125684854788,107.90802990889017,479.54172679414546,267.9755961361932
254.42801893011114,108.2454687681043,475.03608085825283,266.44450687468174
258.5373629000944,106.64266696986479,469.9240532843446,264.71780132046496
259.2898548329996,110.1280868139317,465.90585053883456,262.72681860025716
260.0522321579614,112.00441134590221,462.54243755608627,261.0588126618502
269.38861752272703,107.28225705218085,441.0290863631455,275.5718721075998
273.7519952762659,97.50369872271403,423.0670813367196,284.9162631271902
279.2233806117895,94.81329333395178,409.85937254959885,290.8313156406499
281.47059550739914,92.63936554762662,398.97026988774365,294.9369147060227
282.0025343640689,90.4088301741593,391.652102547329,297.21430730278036
284.6598327746219,88.16792304451803,385.7391699236678,298.4657417421929
285.2661867071487,90.45841516539144,380.7561268611655,299.40532634810234
282.9447395301412,87.10956190027491,377.4296947190563,299.68885593741743
285.2034341645943,87.86158192699963,373.8693117854085,299.05178725752603
284.93392160287385,87.63051916298463,371.8019328427636,300.62128030112
284.7275523576776,86.8108948365358,370.12173743995226,301.3889988384133
283.69847567466076,86.42923212877932,369.52250068834076,301.6740449017381
283.79126179154105,84.3687221521296,370.12666162604324,301.98098342460236
273.3938329536389,86.4251861618456,368.667454741911,301.10245090916817
282.930782266885,82.47144144491119,369.1489397976697,301.5934373904613
283.44579531930003,83.8606896069279,370.9305041259604,303.5210973202426
285.8476142472407,83.62955266286548,373.9198645839829,305.55377836054333
284.9760603587299,86.9610074576018,375.57285515234486,306.386740314955
286.98101371456187,83.11083435968703,377.5189988366465,306.9703305484127
287.9537231358752,84.37437241039908,379.699641433534,308.83946082592536
289.29188409489336,83.80028239009044,384.33806398800124,312.2059984295614
288.1773779672217,81.09132359553388,388.00671903032435,315.52812515563744
286.94727376094437,80.35628837611813,393.3312722781603,317.7943662463816
286.32806603086453,81.37350615960031,398.7091282748191,318.2663167210585
288.45504478214434,81.40896930501657,404.05884566087025,319.5803500087401
290.35418691432324,83.46227906623076,410.2198375958532,320.7665952858112
291.89563209753356,85.27391156649333,417.58694703869776,320.35455436441816
285.89587728180356,87.19487636602054,419.76155032097563,322.2144770869885
286.32570991876185,85.14727348107348,421.95452834616185,324.2198152650247
289.2092547592885,82.88683739614672,424.05975502558215,327.21235079070556
290.09879475015055,76.8939908014913,425.8066700599561,328.88227573813407
291.19168580492453,73.39077840386273,426.0203375372764,330.54558997202037
291.1021202542032,74.04304428085106,425.5972647331366,330.4041225786623
293.2342562957401,72.75554472545863,425.8999887476275,329.5029134794557
294.80603473398577,75.81157275586122,424.8386629159055,327.3804680906476
298.7011756980304,75.51692070491279,424.88921560543093,325.448242756433
298.155330725842,79.80010500716591,423.96890737323304,322.85402161667895
299.4169984966914,75.75236862134739,423.9447600162724,323.2213349606732
294.078402454848,76.70564299684659,425.3923483325642,321.8079804023227
296.75667206388556,80.24169441262711,426.0428300648065,320.952747878684
298.6907508601945,78.8475962843064,427.65505586833734,323.0830805779867
297.0162963620239,75.30580580898516,430.1495042676401,323.7246349134864
295.0013506503608,76.53939460068167,431.4338982258328,323.8588689111328
294.8830677094975,69.3936254699168,432.54979515986264,327.17886862896137
294.0459179933692,60.721541658281694,435.0923614130269,330.8015158283424
292.61258430285716,58.02754045523017,437.3400090472705,333.05475737781705
290.7888659560794,54.454130476170036,438.92024889481775,334.61998954449444
287.0104886851533,61.82130962359912,441.1012705379578,335.51300017663823
290.03309479703495,57.562633841519556,442.0557083157204,336.72494803138574
290.0024919509225,58.723962357823524,441.268065128608,336.1973246920914
292.0951577412426,61.26297352801623,439.4116222026767,333.9371012046265
294.69136943276317,59.34204462324277,438.2620502676946,334.08756730770676
293.3658214548008,61.84185805763116,438.036713804796,335.32168410653253
291.77244659020914,61.66734341487927,439.0295088277874,335.9804698200396
290.9360098738738,58.05520124410441,438.7508080541058,335.83011655782957
289.56112391186286,57.59691040834673,440.57897677530786,336.4547660041176
288.71656801537495,52.460213374186395,442.05688122315564,339.59840171443653
288.03240575529986,52.03159528442444,444.3032446861197,341.2255590179419
288.40387043622627,44.23565232656006,445.3179196848473,346.06484331013553
287.90858160698036,44.509055524515304,446.6257677414791,349.83049781357806
289.14644663498,39.219002334177844,447.7752007637879,352.2604052577906
288.95077893615326,39.41445881042753,449.9678624363132,353.64422167636206
291.0206125115513,38.1597342893005,452.9505378720345,355.5387985610424
285.48672774422494,39.83084124127106,454.769373614573,358.1216973814055
284.15567994739547,37.090547907523444,456.12114036702246,360.6112676609613
281.2058827949538,30.932972705641447,454.75514781887836,361.8488461958288
279.4133717757205,32.21989610681629,454.8221721156458,361.17171467687297
277.7442545886386,27.98660596377573,449.0624774889551,360.13388708026366
276.9029197326448,27.5770517199432,447.13908431184353,360.92620855138796
273.41281063502186,25.513764460333277,444.1101195770969,361.01895099739613
271.03127515591706,26.331841503021195,441.2869726550574,360.7153747366129
269.9618445297083,28.740785092689748,438.95489331757017,361.253900444849
268.5736517825141,29.67029592040609,436.33333388474296,359.8772244896803
264.66286202352757,31.776334502156004,434.6433949243225,361.0606274821253
261.4451581006859,28.64571798637718,434.50171918235935,360.9846093273121
258.2344357726765,31.0474875917148,434.0417861413872,362.0511205469347
253.38872060626252,28.96404827695207,433.325884053866,362.891350464302
252.3668113802123,25.74846749856536,431.3127428769076,362.0583213472473
245.48995820902837,19.64100698169935,431.5927258077154,364.1738609341409
240.2141912314329,18.513576838830147,432.9341214419835,366.8433602160036
239.4988622093585,14.223634845981564,433.8493195313937,367.6785485382486
237.44884401776898,10.706039739355475,426.7279365801611,376.0596367836892
244.10875980592527,5.0955101851255336,423.02564917804284,381.47221753674137
243.36565325302922,3.0005562618985664,421.4903681336732,383.63528255063
238.41684692135354,3.421981742364636,422.4104617616852,386.7416031328192
238.45236720219208,-1.6162757805080048,425.2517999880025,388.3805628654541
229.50330019926434,-6.3182940070774976,430.81914538149226,390.9130482817584
230.2880819325949,-8.717645001335114,436.3296376284847,393.86499250068897
221.1652838820812,-6.22266615888887,442.9725449401444,391.18984676075803
223.71820583224908,-3.6782489401573457,447.6113185019669,388.67343244353424
221.56391500399417,0.38349459497371186,451.0035986099957,389.4716315457575
219.73620032704008,-3.4637100563392096,454.1696503758702,391.2299212919563
220.81752310566787,-1.5714609444894734,461.62645920246473,393.17798513338136
221.7352781631359,0.532795812748418,468.7005531600995,395.4788328859954
223.0274092849836,-5.250841048543208,474.4600189818948,399.49722603149127
237.1322977596591,-6.653170232882843,488.7161043067137,401.82578687600443
236.22822042638535,1.630885742756874,503.1429399272407,400.5592114847836
229.62943649644188,-2.0963863872765387,503.0059092458679,404.12604970351435
216.91929759421578,-6.680191622286799,503.06038619277615,404.718531618237
218.8713402129742,-4.69014396843113,503.8955854706402,406.36658677362993
219.97595497116268,-3.0871141471685064,502.10991910681486,405.764079949403
220.87423422881315,4.340728107804466,506.8360785442422,405.9381939471475
216.42252621694774,4.184837287362711,511.3588006554669,410.63555422038576
221.02585271902933,8.348567660058507,518.3172973400244,413.86775629390286
223.06638087846824,10.061746177429484,524.0506769800089,414.65305153806105
221.08228984401205,13.142687122786924,528.6719682417695,416.65733595288816
224.27636802235475,14.35630193355746,532.2157529174938,422.16527364396916
207.7424437478807,11.096837549430688,538.0041806137807,421.05529997691997
218.62827780051566,11.326835050176726,537.9927797662012,422.17865777961185
220.04164137669846,14.298882641154023,539.5386970382741,425.39268275299173
