253.5,167.5,970,327
235.31250183814672,182.12876858350677,972.906955857398,317.9255282474152
223.061242590394,188.54443874131468,976.9948911467267,310.1438905761475
225.3077269894477,192.0571981460877,987.580697754503,304.135620754753
219.82389106423943,197.4319722555177,989.9353077000123,302.992478747746
220.6202700470766,194.86578993885485,1000.6204084684689,305.16644527735775
208.57741720736084,194.72611442764693,999.8048537719238,306.3778404482187
203.8974976321872,206.54912283348017,1006.8839438397058,305.44131345893993
201.18976833061117,215.74363649820503,1007.6049058112355,305.165054302708
201.73763441781307,215.75527080233866,1012.0599095873017,303.19747479089153
195.8568139127912,220.18574227790836,1013.8921968833562,302.7334282020568
199.31011611777484,221.9606788221319,1015.8680244573367,302.2139677875599
203.21100240092392,219.58960614019787,1021.7156068257309,305.3293091572492
191.92098267651045,227.20743747875503,1022.1000858192356,306.8183474078693
197.95462342100473,228.30491662341316,1025.195914109605,305.3745583232649
204.45022447278814,232.91386536182773,1022.2649985279497,306.8002632176516
206.62901297855444,236.66017295232413,1019.7696435918795,309.40230211991076
211.1065672424275,233.42832720154504,1019.5293130106055,313.6275771881346
208.92658558441258,242.16044470925812,1020.2948494562893,313.72080295762055
206.24377381799763,245.24977224551424,1023.6277269125353,313.0262754066232
207.9224424061253,246.70919236270728,1019.1396978503318,315.1643657142293
221.87107820233837,247.928930936968,1017.1752265508744,316.553158524204
212.23670373410482,249.1725339835089,1022.3443413168093,317.4906309951938
221.86493062245813,246.95713665319963,1022.7016990330226,320.0553922209445
208.37550985562132,257.1919241231234,1021.7460141232148,321.0565585530696
210.73790549687635,249.6813510537437,1020.3714566339634,322.66819026464395
216.58376213077503,248.06259384932486,1010.8027168082436,325.35136860246723
209.96527936122766,257.52988281650653,1008.2448710985591,323.80452984962244
198.52723830648847,254.36992512969474,1007.2496115027152,331.2218499416451
187.66169359786068,253.84482383747832,1001.1723303297608,335.0767755504462
191.91384478975078,240.5501422507923,996.9549675669523,340.87198551031724
185.2086556404268,230.6861390857266,995.3149642051388,348.3156834069159
178.98998694654563,229.89237573513122,990.3082097960262,357.0959715293103
174.37965334389003,226.121683498822,988.6613223367256,357.6480233259949
165.97997584744695,218.71837075662532,986.5948039928197,361.039720374109
171.8576533346423,215.36358619921225,986.7770167293055,361.6566328765389
173.35671423882752,205.70606091714228,981.7818979221481,365.43185514020274
173.5666541113588,195.52853159185014,977.8106318207318,367.7791985655673
167.51615685005146,192.28342577617,979.5660204931268,366.3454061190162
175.8601189702744,187.1334456507309,972.3311029970656,370.0800783030304
176.67986218697803,181.8987742667006,973.6005237387225,370.98581480888396
183.77773701689796,182.64785323726068,964.2344378323921,376.2352054479335
173.6413108947997,183.089887633435,958.2296335214129,376.92759761311197
187.6524185048395,187.7638863769691,954.6578157927884,375.6702411477723
191.24505833477804,176.22759697992504,955.9502516251598,378.9290439256251
193.2211891605508,174.318547356148,944.1159756990171,387.06913938518477
194.41593254243963,170.5253936045404,946.405798303373,388.44266832013216
198.12864663152044,170.32564617296592,939.8206454724442,392.5796142597887
200.3813486300096,175.7651747200927,935.9051247433454,393.3907417587358
214.8032158068687,181.3535231143308,931.1305928127229,390.7069849192952
216.1184480822264,183.440241644745,930.7228002476337,389.38992498325325
204.8087161454256,185.24199348931182,934.6001777107128,390.5099625538852
218.1848176178309,197.64933218736653,928.8809623605067,391.2529900833129
220.5419718207179,190.70146176105013,929.6915763256434,390.694163026705
231.80661166014244,198.7631445093263,927.0748695075121,388.5008798513196
222.6683741809656,196.27966511000778,929.9002145525357,387.23695838948913
231.88983001537258,189.92953450507804,920.8992517744077,393.00439880238207
232.94903332803085,187.8996506032101,921.5267126398596,390.6174011832969
226.66486942462558,189.12393099142628,923.7352629961086,389.56082200857963
242.84874269663612,195.53554903983655,924.4555177033083,387.183784375199
228.47960624614132,189.41336907797344,923.4924680487559,391.46894773138985
230.44330650103092,182.25695388220325,924.1475389096737,395.8187349100396
228.99734324129554,179.49448656619103,916.1944689768129,399.936977752437
239.17179393151287,177.03629387913787,918.6092223052406,404.15902063253236
231.51170021346854,169.84646413766302,916.7900321473351,405.1459761054723
223.401958496293,165.2915234270983,921.13135033663,406.02319723302264
211.16803581052278,162.52597588515755,917.5050165547281,404.614856834879
224.14824539346967,154.70146450971873,913.9707868114417,408.0875976567405
226.19845472810465,152.92095529202638,914.3713637781581,408.66194202176695
230.56351125510002,146.45870817404509,912.9516264146275,416.0634007314539
234.10065361816578,136.25103861914312,912.3551787742199,420.59369097498586
231.08960620463466,134.0427090217866,907.688802760828,420.7412180324003
219.11905955278087,127.75526613553944,908.8456267316499,423.5948456414425
234.98499501404103,121.7984627070239,911.1184249985827,426.03644665435735
224.0993055210364,119.14098955131135,907.8711367635226,425.53136227654295
231.66526932551426,113.26846659054388,902.1929540428725,426.8579120661809
227.99660844163918,112.64093783506357,907.4579541572566,425.2188586590965
234.13901877729518,113.94486696761282,897.8505684072093,425.9025624743813
235.950336645621,111.35404731170735,897.4477791576029,430.35932258096534
224.84721757909716,105.6533583362638,895.731444201051,431.5776580056073
229.50191424563218,103.36524333230307,888.993704710907,431.5727842118015
237.26952023377055,105.68973688214106,886.8050789620472,431.70636890472804
225.186562516123,99.28687490348614,889.2869047366978,433.5474465226214
235.25797257565273,110.05094478018017,882.5798193664787,429.4308057926708
237.44861621596942,101.9461905898064,883.4401554874871,430.7215595957816
233.98637327082582,101.5832843712584,877.7008573506747,429.2522547976939
235.44566517100662,92.53778106071624,873.259912629407,429.1790043692177
241.8491756047963,100.08258470526027,869.4018005676749,423.0378013922634
233.0526228912521,96.81315718924526,868.9291234477662,423.5831914775466
240.3952392384674,89.03732696300625,872.0889797120758,424.04874753701927
228.2862298200688,100.95258205851346,871.4531415084678,429.1496376450771
240.56997938826072,104.85596962591848,871.5716775283339,424.4898156161936
241.1366186138801,96.6261886299944,867.1193523413316,422.5491166827488
237.291052731557,101.82792552976326,858.6667978114222,427.43285620871154
245.5136185431988,98.05680986503643,860.2412584732948,422.9619687942687
237.74719332887742,91.2720155341072,859.5189190063077,421.9459823523674
236.6714537896366,104.6916177668885,851.338025419384,425.8400485319464
230.4962255751791,104.40177568169838,850.8968930650349,431.105609071803
240.72321748834418,106.66307188849981,845.6835527399865,436.5922806505097
233.41249174901532,107.87583232653617,843.3685360942545,438.00402788852693
242.27203376767363,102.6695325142802,841.9526594543988,443.9445997344134
230.76204307631707,102.00733681460952,843.0072496780543,450.803053996151
233.3643064765115,102.63865933304785,846.6580752793989,453.63376175392153
230.50212878924492,107.44495061631619,844.3744922689223,456.4968776584542
231.32632601006628,108.74029856844226,838.7585775903106,453.3796382561628
223.02192785002921,102.00662637382334,839.9643625883632,458.83109443128933
228.84888586688527,102.90629447363801,842.3992946686648,460.19222037269697
214.70408058368344,102.68804791397446,843.6640753705665,462.8563391004683
214.3629270242725,105.94304092505152,846.214352479165,464.6297679190124
206.79216228954897,106.53803521847655,846.1626141263464,465.82046203899523
205.46090318301265,103.41085414387919,847.8806805304896,470.0643497447543
198.69894707967768,96.37052504614573,854.5566437091444,470.5796249827627
201.45525531079738,106.32248825094752,853.4141120094782,465.88330012040035
185.58469856686065,112.60509625456405,853.7915017424689,463.97100578980303
195.65896845041004,99.01497557461482,860.0074086153847,469.7472668945745
186.4917477828534,99.86470042769324,861.6610046898779,469.53132589451053
186.883165691033,93.84809878572815,859.0299379155338,470.6353261449934
192.81441733633608,94.79936681795749,859.9178351681405,472.3102403559559
173.3907521150743,93.8917580784535,860.0817625955274,472.3517292258788
201.79446049660703,94.43172908975538,862.0192608410068,476.88702586980946
180.31668675869582,102.16582563836857,863.6239286476398,474.8349256452027
195.22493385286873,97.22762697710789,859.3743843036543,478.99349850864814
187.4069501296998,100.3229258513945,864.8634315458296,474.16015574206955
202.55745823601143,91.53431154697853,857.6105110363313,472.5528254824933
187.92559951586065,88.64477298914241,857.647768973459,471.1517158496609
189.18398861206424,87.08241761304009,859.2538454906771,473.40847449348234
188.33996033623964,86.50385743513945,863.3092371234268,470.49328773945086
174.52219356289197,95.0875387964708,870.2286108495655,463.3402711395299
169.98224957416426,85.36161178757499,871.9261841450141,465.44842474838595
197.23305782944306,78.64618127958781,867.7002825087241,468.42951865162837
191.8339375221126,70.92030863447212,859.0791219545617,470.62075445089295
169.78673507890835,78.71902100373228,867.7223854835484,461.22704217575154
176.105399996352,74.71890890384009,869.6501038664345,461.9734550161304
180.08387406489692,68.43625106294428,871.5246872540029,467.73215343794277
157.14663350189204,72.50398111792325,879.4917930443193,465.4574788122988
170.10209010507225,64.35075295619498,887.3437162942577,462.64138798609713
164.77567625481004,61.854526595560884,886.4131213339545,459.4770890746749
185.8562534705694,62.96809068250519,878.4564308611759,459.3698086752919
170.78308379663383,66.39800423893197,874.6931098696916,460.9309553402093
186.5270174775315,62.03027895446044,867.257599227867,463.27603554019487
175.4844105789952,70.13463671383744,863.2495417694464,461.4079906070732
180.3639011138402,65.37075209682763,855.485296059902,465.7354677306497
175.073149938109,56.3722295113667,848.5982296094845,467.40369553401786
181.61131036543702,59.701486069457644,844.607929224494,467.35548486610867
191.0023609831893,53.52616158242046,837.728872689612,470.2388505912817
177.7605363965289,52.74919026958116,838.9503739594904,461.9222525980638
184.85278006647343,56.73792462166159,838.3835814743377,458.5928041613895
183.6612136360614,58.9274861094693,834.9616625315729,452.5543405657332
181.001203818815,64.78279406445165,833.2787992086072,452.6840585943671
183.72810044959272,62.9792968969374,825.0426029548032,453.0628834881725
180.41351441682872,61.435044315991775,823.9529830586613,452.1504101802151
178.5816642975575,58.59006682526484,821.117862515496,453.098446120989
187.92652135080425,60.489718483739495,819.483726640814,447.45059534539104
175.19896686835472,70.03982262174469,819.2877297249757,444.52786013761795
188.73437536326662,70.32704552076268,818.7995524293658,441.9686958976188
186.3578972461812,77.26185375667532,810.7819226497427,439.6338866309937
172.86567970690294,79.42226016638773,812.8360198224154,437.5814134455105
163.12738116846867,76.2781579001367,819.000379159721,431.727089444077
180.16998881703915,71.4854284748931,812.5466107009589,432.67100013782596
177.68097271802685,84.09585481992417,810.3943571590848,427.5915220357765
185.12229541181148,77.84747130235002,802.6467916322028,429.48075943072706
198.3580748058896,73.74714173766705,794.128636316947,429.2666007500344
202.5876272522213,80.2999205951981,787.5210188224312,430.4169958700553
191.9984592216623,85.34340834467122,789.2030513251996,424.2700046927033
202.49933317518946,85.2244484445149,783.2784976320124,427.1780587989699
206.96284063056686,87.12318193769687,782.2938774546866,427.7137965588523
212.71796041823393,93.10550066305095,779.1230858545111,429.56473852251185
216.32531976220747,95.5533682031627,773.9610207176657,434.2690581831941
209.2656520242515,97.68063933289483,772.7301536331529,432.3279095165643
219.2628000139036,94.4160358750716,767.8782736542149,433.97156736375985
222.79573737429575,96.05671996045828,769.7770891418656,432.40882521532535
226.19719032709162,90.99250156813048,768.6339651691047,434.2285414112969
228.87167445120264,95.82146145167417,768.5866903603663,431.2832028018938
236.74345210315965,94.976486737453,765.5470163201852,433.0637513947029
245.39321654461668,99.02733840070303,755.8172606344452,434.48212291256317
236.3393317093492,100.0676261936805,755.4701219340085,432.3225021202999
243.16174932848844,94.54877310427611,757.1289652083033,433.86755635971656
255.65314343182456,87.62256652090883,756.3005978542922,435.08970429055023
257.7739871989894,86.71759383835234,754.3297109104776,431.9269914983146
259.71206213901826,81.87814673950481,759.4255659208618,428.6697685237684
265.0278959437347,86.29791683524374,759.2218815954255,423.687880519638
254.74120632282876,87.13946227224551,765.3702081944151,419.17229610200957
268.29322275345345,81.37762623573008,767.323760095739,417.0209355593788
278.97475599751033,82.6473376617858,765.1394808390705,420.0053936658245
291.99810505524636,79.91906831531622,761.6882951137352,423.8176766014318
298.5786446495736,85.31262524821207,758.5116815241407,425.9663299094072
304.73529887607856,80.49539650784601,758.8096725859014,428.0190470108058
311.8078147695999,87.02062061646583,759.8435644057313,426.9426578984856
307.8480188347568,82.21864044850906,760.7823399111292,430.061480294946
326.07129982180135,77.38004872650501,758.261242567167,428.4665966689468
332.78360352789787,75.57011023812339,756.2926917498226,431.65863701894193
324.99333437951975,72.85291903694966,759.6481877034391,428.32443326253696
322.07574946074556,66.89959849173576,766.1986043375955,425.5913295943588
338.7531610716008,67.1193372302929,765.3397642396643,426.4038054806631
344.12547257263657,74.77953743328311,764.7602861579419,426.20152622183844
343.4896155280518,75.42479794286209,760.4217621718551,427.53886551037397
348.3722487203862,68.0223981488061,757.8082844987341,426.0003156416988
356.69781494010374,67.33450438189203,750.5406893517795,427.156980080253
353.2191394595073,66.96604010275945,753.633586758819,427.4984892495087
362.1831447837687,63.414235072415494,747.3831130747127,426.8655232298743
366.0637565821836,64.75997748984494,741.0856074153523,432.42639492425127
358.4997414501526,63.541705323066,735.7801583703323,430.8478707267728
358.70274768283105,57.7377861616676,735.5551579393916,431.23236424671313
364.7759512453506,57.45056401364644,730.7657978953462,426.169814180878
363.79023566006623,57.68627130624239,727.8037883806427,425.43761407560936
358.87582690140783,62.55925707302106,727.4552186604107,425.6470086766956
365.53247172080654,56.62291305057764,718.9410732896491,422.99874926522256
360.1486678889868,56.18748674245529,715.6937797920948,421.66702548261776
365.78727736991834,58.88594253278839,713.7552830592356,421.0811199711349
352.23109896456,58.161657958283115,710.4337066118957,419.4902918804604
365.0722819431884,63.0310879721323,704.3552320273195,418.8829521240633
359.3251817875015,66.22276718108498,697.9679034843232,414.65787002566174
353.3742033972302,64.62515297198436,694.7856164904517,417.7193885065289
359.5310631644468,61.619198590362004,693.4219063020269,417.00329472155585
359.001749909427,61.336672474229715,688.8458196391538,421.5337249998562
359.6681140582013,62.934092498922666,686.9656257787848,422.5781680353397
357.97507047263156,69.40640457069486,688.3528794128225,419.1069268416244
349.78226131481074,69.92075564595493,685.3173284474583,418.62135705585416
353.56747780000813,74.43538009927727,682.0588595120977,420.733024019876
352.5499472585974,79.90072922251107,683.6573431854133,420.1841226102614
344.9971305997932,83.27282018519344,683.3208578583074,420.5120208202421
345.3966346785075,87.44419251510175,680.9588303060042,425.3478812400764
348.919264645274,90.07811696622244,678.162276713261,426.6782126318719
353.10884526491554,90.2329618773228,675.358208743326,425.0270195471513
346.4113183254518,88.38883699249237,673.8603449891968,424.56166290201725
339.76317049433277,94.32885241561951,674.4306885029974,422.67940999460575
345.9833671820248,100.0864858952902,672.3386694943737,423.3428081963972
339.4324415155369,97.15051612878062,670.6525054617489,424.67856246482893
342.0486134984691,101.5805602541302,670.1910641295515,420.8952745605043
337.4175581254378,108.81098762708882,668.4277613624305,414.74407881879847
350.89829020614354,107.5355937640104,664.2610435999447,416.11726413463884
353.9080220264316,116.68109766152253,659.2696464752912,413.64903694874545
349.1877857406217,118.1349347654641,657.9074228188837,410.8591232352137
355.70721998488546,119.43993074929574,652.9499580626559,408.52776605415625
366.32611934524107,120.70899063785271,647.9302932683363,409.74001320323555
361.0066864860243,116.07989170144975,640.9769711053001,406.7289687893593
366.4420342089646,113.69475881264702,641.6475907381548,405.1605233052155
374.0328978114006,113.88009634203127,638.8537305071599,405.7353192351975
380.5869345945683,115.75398496905188,635.4139232372112,402.10758333664694
380.7551680351564,116.02152080725588,635.5256418893201,400.3954039684741
389.6555908741646,109.11144909269413,632.2368935700073,400.08140070722897
390.94341666275227,105.76087804266785,629.0550470794446,398.39014683407595
390.5934808028034,100.85320707180682,629.6531938990371,390.652660940715
401.07403010293814,101.78569506756637,629.3404431533819,393.74855044678503
399.63397768146484,101.22839108370033,625.949619613455,389.1244322754485
413.47378966190263,104.2318729659485,621.8468923200599,388.3439199078943
414.079142149504,98.85450747851678,617.1684663594446,387.46866316608293
421.9605796915843,108.44217261297959,614.5751297732087,384.94089492413485
427.0612944174749,106.24633772046002,610.8908860094463,385.62788188217814
427.6576836429806,107.86506794172362,607.944128471559,386.2897024645838
439.12992848155795,100.7943120450737,605.8017265782178,385.9818286148783
445.9038437003433,103.29489968934118,602.6679119106055,386.4202266143072
441.9819287040291,103.53881663584889,600.7342007426505,383.77162182819484
455.07816696718777,100.51491310771073,597.0587358587892,381.8337230319626
451.8609948002515,103.07038038579097,597.6652503548627,375.7380330789592
456.8437669051033,105.22827321417344,594.4094691952384,373.48350263879274
464.39326280050875,108.30150187313632,587.7265674160242,375.57065547406523
463.89487216994166,105.02832559351427,586.3569312691689,377.04412633470093
469.50624068449576,108.33394161340075,584.3058613390597,377.66921336002196
474.268896323179,116.55217996774368,582.026067315569,371.9533634823908
474.39950984266886,111.39328660675179,580.0623637751244,368.1128078429244
481.39505387316365,116.07155713699532,580.8552713424917,363.7124115921602
482.4438426577251,120.07188889133755,577.8055608330765,362.75493379438274
482.1468337130034,121.59666239111993,577.3089504561854,357.1507033479338
486.2060875075275,120.83501895678549,572.3966360758316,355.1855985788006
492.0976994556733,127.45853148541482,569.336894311498,351.92595641033586
496.0695193497058,135.0440561866017,565.674691443599,344.83481347158516
502.0058539926908,142.73218189661304,562.6785098895626,337.48095909288327
503.21818389472094,140.96517331814172,561.5800524780805,337.3930289613127
