184.5,246.5,73,67
190.29387589485327,242.62561786440654,72.15685995040579,66.82282518808759
196.55603160639663,240.27822463551752,71.54016609628877,66.62052884023204
206.2931183403266,236.101232417955,71.20605686793081,66.53717253896791
210.99877145361373,234.13952377976756,70.75500340319735,66.79171984311378
214.93159755679955,233.72694428756677,69.92345888191485,66.90423609823299
218.05249841195916,233.7536367280788,69.9812396529799,66.92921006858215
221.43898572730922,235.03128823658307,69.51099748993111,66.73804160166821
223.50533847560132,235.3369885660605,69.01755204698156,66.35800347926289
226.90897850617495,236.78554713973676,68.94645753652401,65.96303019177367
230.63924980929815,238.7763239823482,69.30043528931691,64.77190085347462
236.7834270928098,240.65817334134556,70.48857360406849,63.522176802075386
240.62947744845144,240.78787067978143,71.17637287142291,63.04279939684153
244.97228091031872,241.00907186567406,71.76891745983434,62.69887408316889
246.75947358526102,241.91468719376923,72.75334901973982,62.531289548003656
249.21663550073555,244.6053910040982,73.53856818805832,62.30420884308664
251.10967115427422,245.80982406619574,74.18411652514601,62.18532885246702
252.81903071306186,246.54926828448265,74.73653230861751,62.41741308263365
251.08170676939176,245.1546283715086,75.19648669734626,61.894857142743106
248.9418574152353,243.9497585845608,75.1216917876477,61.90967827486622
250.80157402582674,242.03713116810388,73.64813678606929,61.754292934821706
252.00780481547667,241.20723142475006,73.31522261201233,61.52750682830577
253.9389793855312,240.18289721154372,72.47141003959128,62.18191592110792
255.37725067920638,238.78046113343717,70.94527183399295,61.994454426732034
255.62164928400443,239.63227864091903,69.72652735543394,62.72262859870377
252.60655821876946,241.37354137033327,69.73236027325746,63.25100554466039
252.92403731183032,241.77312314829007,69.71972154705091,63.6916327859804
251.13710797405125,241.50788202595828,69.588248897078,63.46775477206474
252.14765626548584,241.4414067438198,69.92884283544907,62.64771969200115
252.61349564493975,241.79533969237394,70.15971524116836,61.87835591660959
255.47250425271423,241.3197660378939,69.4791593064421,61.03488998342032
257.33327910430495,243.17215086337896,70.22769474730363,60.657923944205606
257.6144855306528,240.4849256082,70.94855594913514,60.358481956547145
256.1949931581205,241.6838495711133,71.84791197391638,59.777113236805754
253.2303557747767,240.68726443978255,72.38866649982019,59.427794495332165
251.5597159345339,240.71541284485892,72.3228741130451,59.2661517430994
251.40400309861496,242.53850509531944,72.42366321383325,58.957058449682634
249.90152621714682,244.29010413592982,73.12473294738112,58.84743675205253
251.1281782658518,245.74877912704866,73.51572077540146,58.835944571252256
250.72183506633843,246.8464126163866,73.62819976218529,59.03838863116585
251.49315173773596,245.32940712727856,74.18761577012876,59.39496564179163
254.26018700102412,245.38261682488923,74.61699329119043,59.24593926323645
257.61678497088,243.90040668636044,74.07270880854038,58.96971198589641
263.1273130935563,243.16772231165797,73.29481948671074,58.912866680240015
264.94416925050393,241.4210907721341,72.28669201359003,59.113869827723434
266.3963771410371,241.17641206401666,71.09571605472074,59.2486265760048
267.1011335607375,239.5945274458439,70.42783269663555,59.29715070851425
264.93259492506763,239.87341386639386,70.95403240640596,59.25624812765302
264.77901463783417,238.17150907159726,71.18932264642652,58.9824249085609
264.86597783420996,238.6499848627339,71.21417854866355,58.7302555142263
265.4402836769838,238.56016048607495,71.37504335790496,58.52792313312957
266.9801112073107,238.90745632583645,72.09849651258322,58.94326947908108
268.14242378007606,239.0961194203403,72.48689932115403,59.43058197625352
268.36962514823483,237.66512353796293,72.29216803449782,59.79326110177182
268.04082037786657,237.03194184894926,72.16483196804892,60.34265391686425
266.5095782377518,236.75652542713883,72.27021847949496,60.48221420489547
266.1940573792417,236.10764826686668,72.23341035778141,60.58066358712342
264.45836682452307,234.04459281352194,72.40116683724429,60.439200660347296
264.0529067775413,232.7569999124655,73.08840091560195,60.60662918020314
260.37865253926077,229.4767225762626,73.59708423881219,60.030407405312744
259.45416407858596,227.90748116791207,73.94931676585944,59.935574754179385
258.9438392695653,225.44693385243608,74.34124866339222,59.80727954595899
258.40841491204037,222.64431984884848,74.2770717579815,59.62316848758241
257.0184606910477,217.374264979703,73.97370702758822,59.57173884293877
255.3196504051121,213.39368756339243,74.06847782986725,59.69279672502891
253.78216667216668,209.7545873358532,74.27192239231567,59.675217951896954
253.98185333680902,205.52040242532473,73.63095074004343,59.84242791425027
251.90250470924292,202.29255897685624,73.6232852327245,59.8439727175288
252.90403587711924,201.0032887264075,73.5754428810264,59.87352559139687
254.4452312852275,200.85800341866968,73.59527069273956,59.991842270343355
253.27356443455676,199.9188141401039,73.54263166535176,59.81437532843619
253.4500124152125,198.40193268717664,73.68860083160378,59.947872063789
251.85918225297587,197.22311526558988,73.44755407523598,60.330551228976375
251.71855639716227,197.12377105159894,73.3502129082831,60.68691754582853
252.43734268872447,197.32759294682728,73.02105867061006,60.90804839831615
252.28327022042913,199.63966143458396,72.69343626654066,60.31965036781013
254.83549344718242,201.5952384161926,71.84807165354921,59.72380855173336
257.81605163620554,202.9963684632722,70.88885833260137,59.6656437830441
257.2205721430345,205.1460606893616,70.77897431853154,59.433019394036684
257.4291976939125,207.63172441630243,71.4635384404693,59.57132204803467
257.11728679712,209.35889879781195,71.52223196724285,59.7328680794798
255.66674339334264,210.77562751031093,71.934996516802,59.82447545665163
255.0603937323948,210.46900585189024,71.65623742271262,60.050074929603724
255.27035416915052,212.1286333258472,71.38618265332713,59.96519212066684
257.23704580856395,212.9541766238503,71.25872355167004,59.9307384630457
258.7233187955747,212.7708952621175,71.34323042837183,60.06676639456488
261.5855585031747,211.51941145946148,71.20289036024823,59.681030892043026
266.8383271634828,209.18679256438955,71.37203947151681,59.66755202264103
268.3954777911041,207.90821259047706,71.1993249491386,60.15460760988556
270.3524266320727,207.23757187084416,71.92063253606122,59.33773479996007
266.7208995127435,206.27083303346745,72.88906387661791,58.823763744244715
265.0371349613608,205.83325567102727,73.5544242763041,58.44214726226932
264.98002693023113,206.2004131428999,74.31875445761628,58.055285912731854
267.38707356032626,205.7532009598609,74.14181291556561,57.75064900428134
267.18522754093897,205.79606246292676,74.67569152701122,57.800498029289926
264.77573721943367,207.01880200533614,74.98005234275122,57.93088826629429
263.2861880787167,208.75075167252024,75.23579962244573,58.3537520277818
261.22703747270407,210.32500822012616,75.48831332836743,58.59445392509313
258.37955873343964,210.10715477010274,75.85188853226859,58.59929395783615
255.99909822690205,213.85932470052026,75.86546552831499,58.411228263108285
254.8706955597657,214.9611432261403,75.90153221321938,58.43222728974905
254.1268178123171,216.16555854973757,76.08913266451457,58.45671311174703
254.24406589614378,217.14684162576023,76.09068681951312,58.552073376098804
253.85317241500024,219.10856677495096,76.04213291952604,58.437516281452716
253.5370248834296,220.04484656446846,76.43749688217959,58.265539921945916
253.14753795223731,219.4480921126691,76.2455883287927,58.04886837605885
251.66382780579704,221.9777799713943,76.55105421874966,57.702985528939244
246.50746138739353,223.6671485279209,77.0305322414087,57.3663817471849
244.59707855419515,225.12762386583978,77.29494600770474,56.87854035479438
243.78757946611506,224.92625841580775,77.75117856172595,56.31876168235246
245.02922588597144,225.81623871719518,77.89175371059963,56.283076887911974
249.70042618204832,227.20049026693042,77.5356106715465,55.88346502760776
253.19429624399282,230.46347358196692,77.63516941774412,56.10408662766778
255.37174203553002,233.2147383020275,77.79176150395077,56.132288865555665
255.17546575634782,235.2628411186668,77.81497873874301,55.99633289467633
250.12457763709617,235.90753774568984,78.00257994367696,55.87044364510878
246.84033900067516,236.1667192639645,78.33943595110759,56.062076057148786
246.79851019862275,235.38212068292805,79.21120822215116,56.04649812900406
248.18146071273736,234.74668789766446,79.79079836480514,55.97988124713869
247.26209170238013,229.10787354381782,80.46076821802389,56.5281932434062
248.59042788194057,225.85562073340614,80.89795886930946,56.61861347604592
247.4654151666237,222.59256815545174,80.96102074174621,56.30064867422159
245.56974841883843,218.66416517387162,80.27478990244738,56.02678122887354
245.29233024373943,214.1044447665384,78.92680697678936,55.88445751717276
238.3691696569521,209.53958117575587,78.24213945712673,55.412346586860394
233.37746733742915,205.26601821238788,77.55448639506173,55.1405676368874
229.9231388051237,201.90084823526314,77.1815043605516,54.900753305705976
228.43447464070073,198.52719195334487,76.78249563800591,54.934453313085015
221.8259490734418,194.1438692738533,77.20477271704283,54.631539574778074
218.3838510205941,190.23994046088728,76.61276108958388,54.212446555263355
214.91815110312103,187.4439403752363,75.90418871459966,54.125246554140965
211.25706865646634,185.1005578276395,75.41717907025028,54.10932629319443
206.76412126630953,181.34395795879038,74.9271417292871,54.074521403664896
203.22189514758335,179.02302198514866,75.14698234106804,53.79110085903549
205.63413004109128,177.68738543187888,74.55755703342234,54.051217788054316
203.9761792426643,175.3496348261276,74.41923690481241,54.11976156394896
203.82781820717332,176.03660939642282,74.09248914623507,54.26756597293435
202.39122205121555,176.72123939126212,74.11445250574275,54.562414498041505
202.12042533712042,176.6856932561296,74.46306317088099,55.57398056324364
202.31096331054607,178.81744920165826,74.94317992727682,56.69600677338265
198.3671806740702,183.15805747809296,75.60641382129177,57.47292105700004
196.8079116183767,187.49739594663438,76.25758189941465,58.15621788242944
196.6485348497938,191.58110091596222,76.66865098374868,58.551160124254714
198.56555256578218,196.5626769632307,77.33600886994813,59.29169283654146
202.24831784899405,204.3049954509674,77.42032123336453,59.74746170671018
205.07717786103984,211.90930283666515,77.63887245713671,60.24069591907929
206.56050792569434,218.58196491241864,78.15514561067988,60.92609247832671
204.72217140033052,224.86803699006217,78.58189066381843,61.96870490720716
199.85085303565307,231.7994373811103,78.55661452848824,62.28113605870465
195.56426853974983,235.74526288144517,78.49606216867119,61.80785292073632
194.17861876453935,238.32325335016122,78.68440540500525,61.390424076810085
191.50560307238757,241.17832369765725,78.6318438403952,61.064436271069724
191.76648640717337,245.75533404484744,79.03686275908811,61.192420886747925
191.77416934821304,247.6116952017064,79.33410422497403,61.196458254731695
191.4522049538361,248.15933604231395,79.37456078090932,61.14024908709688
191.3363559357461,249.11588525655796,79.3048254922754,60.941476086617925
190.05724253445726,247.9010437913594,79.20663778603354,60.6265189050918
190.14665244652736,247.07532779104872,79.88346159192108,60.347619437131016
191.54898083606648,246.5438132471931,80.26023157637742,60.396786987862555
191.78439586260419,246.84890350128697,80.7164982478122,60.57065634825854
191.49631424337838,246.8836357985573,80.73102539598517,60.60441537556313
191.81714761859132,246.86877815590685,81.25484176266288,60.10355896172155
195.16855267794435,246.8354031128623,81.32765544232716,60.166297504343
198.15610947362322,247.66650311453498,81.76261894600117,59.93987218495002
206.83892202231925,248.88447579595916,81.84691068820868,58.755794712459576
212.8002787721892,252.2164572455772,82.13585661992639,58.322630057699854
216.7775161074292,254.1677617578067,81.0625727262713,58.444570517493766
220.24506745969006,253.15416747263464,80.61360264351471,57.836815125740685
216.82809543279785,252.4328885423757,78.98094818655693,56.99666219562442
214.6006794976821,252.30930677855554,78.65413666613289,56.16051869544797
218.84037304723034,251.6112660933879,78.1158015270279,55.12630316789507
223.5137281797318,250.57133244227268,77.7864576713267,54.448360354311305
232.36372298520973,248.7046505286525,77.81876023566386,54.382671466250116
241.41872792629394,245.92678380328098,78.43449650828056,53.25401246475321
248.05986508601774,243.21393945354532,77.86831906688477,52.62181122587003
253.21326468986013,241.37490189801832,78.17753147876783,52.384097209574165
258.33033724488064,237.1664655500723,78.02079515931517,52.58098012885489
256.92626513446345,235.9150904081367,77.48935646007513,52.71490092397183
253.59275562881618,234.27674491076303,77.49669748903935,52.83754204536714
249.42847394938408,233.28540338546037,77.66282436261297,52.642516470178975
241.6785553813737,231.5339125970027,78.05024904593597,52.44509006522174
236.01745633409448,230.99777452387622,78.54673302916633,52.19537107235274
233.7955251074885,230.01835249702944,79.31427898266821,52.278197197922786
233.4333732868679,229.60457332801138,79.44231444687694,52.53903475224844
225.76573314699522,230.52479242092704,80.0348111801745,52.73566636393295
220.0588315748434,230.27592998839853,79.72431107893371,52.884079221562764
213.7028065163209,230.62831537511707,79.29627502196755,53.08558741598307
207.11463899224182,231.6354440742034,79.103524758236,53.07543749309119
199.43067469971845,232.23596430642672,78.60279527748686,53.163476337154364
193.97653117162227,230.9653286871276,78.2968784991455,53.22856916808354
191.89793708815705,229.80948453118236,77.982664497802,53.92744639141201
193.5971885484464,229.8145677126764,78.09223156928877,54.53427190597976
195.2802880557561,225.0537536568437,77.80502468304155,54.89168969812613
197.49479128167744,222.31267054977513,76.97838372497331,54.99751933770878
199.35177472432204,217.8931024540788,76.80613579949245,55.10526648338616
203.46824435494804,212.92282463082995,76.26333154037668,55.33550928656109
205.7602447139065,203.79816236377826,76.42136954926642,56.89144774278364
210.75736921725556,198.72150972683033,76.1685937405053,57.19013208314672
217.66611387910598,195.1828977364506,75.37344328399197,57.8060866852441
224.16458140851626,191.1938622227554,75.93669651862841,58.11850591438622
249.29464893044525,172.97076709653314,73.46969807145015,62.12988171370574
261.0406706543345,161.20391212832368,72.36306493250949,63.31807925998797
272.3565775612333,155.758459833642,70.9478343706651,65.64220471269358
283.9187880546509,149.08390621911443,69.42936660038251,68.62610522330392
302.3554869418551,138.7393982138905,66.83125263945075,71.30034500389336
315.1512585747702,126.7104584565815,65.28950261702869,73.40353549263243
325.0337586861504,112.37829039004164,63.03240835435134,75.12726646213795
330.4362701813512,104.93212354234672,61.72953017748744,76.4157297656821
338.12956727491667,96.15738110708944,60.28254837896719,77.93234911190466
340.29664013067446,88.25650537420857,59.529268527437004,78.75044560177528
332.1611521868208,81.05968719016005,59.24438771043242,78.73720445217214
312.83382540536417,78.21673516305671,58.90459165786718,78.29718439596621
270.68992067933965,73.64404270007812,57.945124803763846,78.72941357546344
256.9595845981908,73.64222994139266,57.08806701611039,77.94926668387212
249.27154560847754,76.02782262485286,56.2781479862596,77.51741866588969
244.984277968369,74.78545102057137,56.22867508776567,76.66554845778091
244.2294725725896,73.71669319285945,56.08234045905928,76.97082424694806
243.43665589980424,73.2603389876467,56.0949398757589,77.197724952448
240.6807265755632,73.33720993453147,56.10314261374904,76.89384350334343
234.54558335921115,72.98279803472741,55.92418836194385,77.43382491277191
215.2367548588498,69.04458801670613,56.32843593883843,76.57077637429055
202.6759342143054,69.85652469018032,56.684749774313886,75.95896879558406
187.9672937571024,68.90289133204996,56.063378268675976,76.59395398432554
173.6202548151658,67.66154190951261,55.85031542073765,76.65623289798852
153.56364184354868,68.65882704462123,55.78316721846409,76.1102132097033
144.3593921419819,70.77434800162197,55.58896161976654,75.57820646339593
139.70253509944092,73.31117100777121,55.68679721821523,75.88330219227787
138.50243058104158,74.76604120992408,55.964473648889054,76.36211755312412
143.56056407675558,77.41120039753048,55.72311510472667,76.53152312734369
147.03241295748367,77.57592917822936,55.701979465615466,76.32941404855474
151.15593195051218,80.13462790640752,55.417087761754516,76.62457800882439
155.07461795983812,83.15090190582607,55.21329308990437,77.22024103141061
161.93716258501632,90.15594544670904,54.821881131418095,77.10133112707388
164.8208970421037,98.04130600136604,54.41468748579801,77.10002396581896
165.46001175178878,105.94697664664118,54.47372725340145,77.98619434824232
164.29753622571383,113.6162420464793,54.56972685138873,78.09845967588542
162.51018696969425,124.60420516887947,55.00766369808365,76.81383286956164
165.23307580793326,132.7587073445756,54.9162361116325,77.0416460688285
171.94568724812018,140.01651194814616,54.74097508428599,76.48717367961953
179.4180186850647,146.8145062509237,54.94126975281637,75.71030357382033
204.83413668052467,151.2730115434264,56.10510462371285,74.24974821952782
217.64044201022196,155.76713717430152,55.7994550238886,74.68316214942799
226.64288927586307,156.902364858295,56.849619925589785,74.66794912915832
241.58363221585262,159.27234570276678,56.6978131532767,75.0634277897936
264.85843908395105,161.51876847411933,56.794828750575874,74.7756684783202
276.79091337009754,163.64976193552468,56.23072246343912,74.36270656657209
289.59650454114086,166.09086256383404,56.496888067519585,73.41709145153972
296.3061307815021,169.1757341677508,56.71122247034197,72.49129956435439
309.7770960755797,173.99518755493304,56.38721371141041,71.95858919349331
315.37583988479054,176.2987516984941,56.07601092117481,71.71072623382479
320.3292642503493,176.7643127118887,56.81649819622182,69.99954278325711
325.0301126864342,180.1553922266141,56.89570113484301,68.82095707610237
329.3938203341062,185.2829299810555,57.56147336238727,68.97398932478796
327.9437509635933,189.88637037782374,57.82795703215448,69.139358134523
325.43192967695614,193.18710277877705,57.92698851381496,69.38726571954874
322.26366972420135,196.13958071191388,57.85926828794641,70.22099832220819
314.3539121140684,209.9884450336307,57.04714974966732,69.41175844830576
310.5870574435235,217.18630234599325,55.953294660520285,68.56224076114171
304.63225000121935,225.51405517616348,54.92345451277999,68.3853594446733
298.3943417758003,231.608568004863,54.17263789171869,68.56704797489634
289.1339508575962,245.63794974408233,54.421260151710925,68.79656689086687
282.97065095087106,250.8316182453377,54.90901757319344,68.7346369165544
276.73709780916147,255.60164942976053,55.876332711287915,68.67237396329713
272.83405798740534,261.50874264859755,55.9803950475186,69.35938343321584
268.25673824221576,266.3667738790996,56.27084443627423,69.7531174962596
266.04006078515044,267.7902166626924,56.36521915249838,69.15517549635004
265.14813509480604,269.04529654313836,56.17101434078917,68.87164618475306
265.5521835346083,271.52149472106026,55.886947788981594,69.25001316890561
265.023912216376,275.1659410468871,55.89583984980837,70.18988314389993
265.3440522927599,275.9841129387184,55.979831471332545,70.67494329280878
267.2197308953172,275.5077555994662,56.16242492883089,70.54102774613162
269.57755482503023,276.16852536049544,56.280231201484845,71.07902511028834
274.86794344817,276.96778840889306,56.21011889508564,72.65582440716983
275.7526778228914,275.65569104519784,56.13366536342387,74.27683970359857
273.6221387854229,274.12976859133795,56.680354114172744,75.08688954829957
269.5785157045347,272.52907749950066,56.95893690772405,75.08991939509066
265.2911151261653,273.62709024216724,56.6476392027685,75.86555714637551
266.5639635469362,271.38002080728734,56.02620548092432,75.97901879292982
270.14955331332214,273.3898223948032,56.24524277554498,75.6082281503229
272.36504745012735,271.9318975817153,56.52579281675394,76.12993967873571
270.2393012426882,272.5552606073168,56.007887019199316,76.05460928697941
265.3878098010279,269.9631781659305,55.464975470452025,75.1880768430918
262.42451401626846,269.23582024735606,54.641407776360055,74.39487383601774
264.23718207226204,268.366594092802,54.49983941225196,73.34275922389169
264.3210264398478,266.0615882210675,53.92001287066486,71.92563464152452
266.54998130684595,263.01844157599925,54.00721622336907,70.90382704054777
275.274842793756,260.5137307841735,53.52225879825498,69.38384970604741
266.24326547218936,245.7375556588137,54.590036854474235,71.21335106455507
268.70100927539374,249.82769541727282,55.507152225818174,70.7082495986317
269.59159963084073,245.62256639512796,54.45569234584147,71.2104165746536
269.09590449011193,246.8620061958786,53.45095931339526,72.5730980521776
270.3182982563189,243.54556771586522,53.33845813886106,73.04299493255346
273.1500976064532,239.59160028363254,52.85519209926747,73.04395452770117
271.5138640360997,238.16076145920437,52.63810745736647,73.15957609669303
271.351186394417,237.325965608508,52.07099059279018,73.57815153889239
270.17985613831166,236.36142078295927,51.76257574184173,73.27188485911827
266.5883435309819,236.37107697981767,51.76900240761208,72.58685247943954
268.296236916798,234.47291179194798,51.410541475976146,72.37099394374094
266.4233189350075,234.67688950565773,51.14473498350256,73.27779741314913
266.4309078832098,233.3946244396605,51.06900536177001,74.01437337205553
266.6958644913214,230.37410076814982,51.01733606277358,74.38341124699825
266.3321912415233,228.22101856464312,51.12456054689359,74.02491806123822
266.8436593793243,227.51742799558625,51.142647525686,74.09830806261034
265.92636521727934,227.00026029992532,51.13722735253786,73.99290334448852
264.5467860426303,225.8398265519274,51.329389127434055,73.48598201068093
263.2538378912085,225.0301081671901,51.15325721296195,73.30487559110672
261.76637057140744,224.10903098420061,51.04244222640442,73.01631291797742
261.0341328501056,224.0213352960097,50.64068849248674,72.95794566599083
259.01681828244784,227.21753072276746,50.47044263543175,73.73529644302953
258.4780089855358,226.58390667092567,50.21618137505353,74.09204390107563
257.67550740260975,228.37807031861604,50.09152701012102,75.25736202576935
257.3002223974183,228.21018654401323,50.02853820359417,75.61405460508723
256.94511451191784,229.34144434475076,50.057565331616345,75.8962293741719
257.73799987259963,229.11087317449238,49.801210170021534,75.99006196556218
256.66359955165467,229.88224567142058,49.817022120581484,75.97234114734971
256.5385625892616,230.43031464308996,49.999013042204304,76.32576801857851
257.18848064667446,228.90134953439457,49.95064868526727,76.50042153499575
255.9370007116956,228.72533173414243,49.80871371689194,76.46461987453854
254.88027323233663,227.26250451845678,49.81314820403695,76.16366436061257
253.91350400111358,225.8977990987001,49.77729114818017,75.89235541443566
252.39653744134137,224.74106128040538,49.76652316832883,75.495170593414
252.34078020680818,224.31676535044633,49.80446476332602,75.77853589846147
252.52417780981676,223.45454042682974,49.978028935169846,76.32972326877362
253.534033245578,221.75471580085878,50.00806457701407,76.73159410503557
254.11336073655,220.51193571804075,50.196791186866946,76.95512414600732
257.82073552953244,219.03581671932204,50.73971038218253,76.43847648327322
261.4246394712842,217.04150549081487,51.056159204916824,76.13070506898019
265.6469531774912,215.00600866547768,51.15770488820596,75.62840169588142
269.38393411363927,213.7114200146746,51.56466676392624,75.00706206786113
274.75455640840244,213.60659618532287,52.207189302390546,74.09286486458029
277.0275533657988,213.6820820085366,52.52194606279929,73.7890363615683
278.63027250890053,214.86712614978345,52.79012652239966,73.87345233055468
278.8673883269849,215.92744169283614,53.05984102127506,74.33652428552597
278.59053076302774,216.83666568390174,53.591044864390916,74.44027078429073
276.6121440338238,216.9159406597413,53.9825247723074,74.74640913369808
275.097127304535,217.55441760710644,54.39600134802684,75.01770472207629
273.1787468735085,217.62670429035234,54.89968311042466,75.30343805843674
268.46144785804455,217.39146118698014,55.53505533416262,76.40212336567555
266.7461402126835,216.39512562993883,55.940379897269395,77.05207647457777
266.3832285678867,215.41557048878158,56.22836403643417,77.50150255183705
266.2017403632258,213.61437896979243,56.48996740656998,77.80119508383396
267.70515442579114,208.50442303943544,56.69308114545302,77.90949557827591
269.1586833050523,205.4608615468826,56.86416626832412,78.14724331542632
271.2414296766668,200.4801611132354,56.64085034394267,78.50935714963963
274.0292483973542,198.06085119926104,56.69426172687827,78.12304096913502
275.56197439178135,190.29269196552232,56.93730049119782,77.67263744411974
278.2795565280059,183.79737303792592,56.99380110522327,76.49010520959084
287.3623499677705,177.5622287452748,58.517373619004594,74.27582729709039
294.499278267238,171.47177440206093,61.194326498829405,71.37731017175051
300.2889170965332,159.40634652676812,63.50258393545383,67.6187463666721
302.92874244427037,158.31012273633073,64.28877253059835,65.17464971994679
306.501973384316,158.6715564511507,65.37848618761657,63.269938890305276
308.07418300274327,160.4034422167455,66.46628044792388,61.82324456668101
315.0113942579196,162.204873520308,67.48612883448271,61.03363655435888
317.1531862238204,162.41349534412478,68.18693802249324,60.629512259706786
318.29520244624337,162.0350949932313,67.91876875780784,60.13625538340686
319.4555245730008,161.58724022689253,67.11543655415865,59.949079173896884
318.62151924552336,161.6440374787506,66.13888472627967,60.061406315941326
317.56041829172284,161.76374412845578,65.69826071568315,60.40165849857516
317.14409403715297,161.81843993304827,65.49432472832474,60.83361343937797
316.2995122676326,161.7349118844225,65.05700387329192,60.70426323775373
314.63475005474197,160.83185963694487,65.15289287350564,60.9859269673281
312.2540540861984,160.4634212503124,64.73023234324666,60.88023647555936
307.70224480682737,160.5054148010334,64.83123688068734,60.577844797935
301.92938536377136,161.30797989876683,65.1444719029688,60.01048606586227
295.09605860793494,163.69931735198853,64.13521065023733,58.098156036661926
287.7142139550838,167.22600779752315,62.951010627936725,56.770271437706924
281.5650167016577,172.99744066161097,61.81254600392943,55.593405885007385
277.6266285561576,181.92085687987003,60.97161084626033,54.06603908569629
267.70624688603505,195.37278936047912,59.81579024790675,53.385560889004466
257.5155779668731,204.3512467618671,56.33956697478054,54.56684875346484
254.10290856862323,211.47408974404425,53.95483802225676,56.17481192851484
251.2915420193814,212.25103588241797,52.75830146360537,57.582040495654724
248.30434725084717,213.34248386404778,52.10146684524786,59.14996350021431
247.60310029422862,220.47185448451006,51.9945994913951,61.61135127235124
246.67414621505276,221.6228666532831,51.42923265585037,62.31586961745289
245.92694732489423,217.00179107024695,50.143764217600506,63.85571451292583
249.413518184258,212.18410427562088,49.24863544214078,62.977791021184316
250.4497047998891,205.70722317017783,45.84504516032618,66.32657180964611
255.99055114945543,195.30147185992604,43.23329646143772,68.88743356100903
258.5571553854557,192.88923040661746,40.70253025399409,72.47911920257346
259.0639422388904,192.1399819460757,39.469936538083815,74.13221508989785
259.46879220144194,192.63965952493365,39.22490634125985,74.89342461704979
257.0251472186997,200.10282732958387,39.64758334592882,74.59712154711701
256.3037150668519,204.24138914359654,40.53556720938934,73.0134393100829
255.98203039968564,200.58153343416805,40.96309723224135,71.3932169520844
257.20671527223993,200.00969755162993,41.03854757647298,69.23517405842348
258.6553833444797,199.59515742659244,40.67608777858166,67.66803267077265
258.74088827928745,203.7111779774098,40.74564094397738,66.80552415428197
259.3676181164767,204.26738342519533,40.7810442132482,65.42773642264939
258.17751648304414,209.89053027479204,43.535280424554145,62.36471699255999
258.0639034993895,209.4311274159821,45.57514252887215,60.03430543837506
258.6476536808863,209.22191844315444,46.44598321125802,58.89554095280938
254.37869450962512,216.9065777489344,47.626702838570495,56.6986790825824
254.97316177732762,215.84299232247372,48.28586276651389,55.9527982921322
251.8542904737654,217.1862758148063,48.91741135432074,54.646118411501504
249.60728290500836,215.97813144893811,49.49563688764776,53.927171833637054
244.46704493673855,216.56150306869407,49.58121612618936,52.97060929395044
240.38152461425352,216.33584768527592,49.423699756694106,51.891539811763266
238.54569264109452,214.11857269811063,49.35796293282469,51.897557662528186
236.67268132683353,213.0513750673889,49.41426516911952,51.5762234394135
232.07164117169043,213.43628683574266,48.94037063351948,50.29548927247988
229.86659822605583,213.28822939628208,48.20620613187485,49.17480162588069
230.93602906465773,214.45904409911347,47.312002567197005,47.897963422763105
230.22436049074793,213.61770042603553,46.312201573384556,46.73372217242239
232.59558328850045,212.32116885495932,45.49227566171734,45.53013371278341
234.06435968852233,210.94275556337885,44.62031681957461,44.50611513069167
235.3789014732066,209.53092302911404,43.913532635276844,43.67076430528515
236.64876048688413,207.7248140735418,43.278286601368144,42.72685991342056
238.4916979643204,206.8570517338694,42.76700843299466,41.667198311561144
239.49567080826014,206.5514839409456,42.068683959981776,41.182333464440674
239.07139204938278,206.734055225528,41.64493408180149,40.41169388075326
239.78110850138037,206.88876204048566,41.005629239577665,39.84376769428509
239.01496662107672,209.2897222294537,40.21818486412238,39.58292254599377
237.8276170640384,211.2109819295626,39.94352260620498,39.12769910715602
