491.5,378.5,103,137
498.9315910786304,384.1118022037248,102.28207483889405,137.13825109944736
505.0541312011157,384.7400110735289,101.72651542979983,136.8301989289539
508.1303485293949,387.5224505574031,101.18171484077689,135.98159422268003
504.5768270339245,392.57642945576845,101.66970065322042,135.8834230317844
499.9959214263418,396.2121432312045,101.23178805246778,135.99516990031535
495.16670875064693,398.2754155847862,100.37053242698985,136.48023989728404
491.73204963991157,400.8360733375273,99.41065801006339,136.89923763566776
487.22549417660133,405.49204671113296,98.6846923223039,137.1309167200605
480.6171334715723,408.903155374171,98.2153509195569,138.02522828650146
473.1401798657255,415.43278041621187,98.6041078703251,139.7090039821438
459.42645457582324,424.5965858181593,98.65782302227316,140.51264928176454
445.90450233178785,434.90780138889926,97.93229544247285,140.19107377688138
434.47530334205896,443.4094259931796,95.93203558501665,139.79267152266644
431.03375472264236,449.1661410114476,93.96281406011686,139.46531765037597
428.33898124822446,449.5393859894598,92.38722352726327,138.39741253822555
429.1746169161656,439.1501235603506,92.12423387530282,139.221944552816
431.0850255615285,417.0392443873301,93.4797118650335,143.36025639617145
432.3475968828229,397.19277879068005,92.45617473315629,145.73874209386614
435.82454915620355,374.5032801022055,90.75305792138043,147.58139303526838
437.2331716594734,348.1262468377812,89.63850137042246,149.20435986318924
431.20104934213026,327.7500840815809,89.73975429063118,147.2514508480019
426.09921259719323,304.97109690614525,87.9802329333983,146.79668029530873
420.7928021871745,290.33540597145674,85.62240308052314,146.05913195838693
408.7201032700438,278.4457961767997,83.10166512682069,145.0066178440877
404.20701261744887,262.50710553918634,81.20667810467897,148.16161180547175
397.63065424639933,261.5734187723712,80.4875553234626,150.63177283376137
392.0386088375454,265.6410295036983,80.13075258648303,151.62995896388065
387.81928956415334,274.74682869196084,79.82837093063041,151.688860770461
383.98022001482286,284.3634251163482,80.08116746947695,152.20022816338556
378.30891267799274,292.09878960569733,80.88055494739736,151.102394425471
370.8759040153237,293.29047881988595,80.7336261438902,151.7450143510519
361.9372903985074,291.14684988386887,81.05627459639493,152.09939396724184
354.27987210394514,280.29450074348887,82.79343345877385,153.03887732795792
345.9271341402184,269.269064016328,84.33605900628346,155.08328677776313
340.90014003892423,258.7944064640455,85.59706892212866,156.61304049621967
338.49531285915344,249.6963859868291,85.78997590236722,157.63750971908507
339.995028624566,231.19592135147155,84.6324184941618,160.64492016045446
342.95788657886044,224.3785888579644,83.58358323132488,160.0045769458697
343.27348699264456,221.9194275489007,83.28085248484754,158.4737866718462
340.7886397587508,223.23695726124868,83.6369900907576,157.83987857046873
337.85366628503004,223.18651608383732,82.96335936714813,157.97346382203543
339.95736689875895,223.29240564967103,81.26874047497165,158.8334945782541
344.43002855814007,229.63641437299077,80.1170286826987,160.13958628536218
346.11564555397547,236.3485264122814,79.66613618272712,160.57371391423942
344.9450817117163,240.05625644935753,79.3700256031616,161.68049447882004
340.48167390056415,249.09338403441913,79.69077547534377,161.01218222556696
336.7548368098572,256.58071916425183,78.94342083290516,161.14812960353586
333.4797576399814,258.02545444807663,79.65837266402029,161.3591572353491
331.60194318092863,258.7822335067468,79.07395517633357,162.01246732784767
330.4411476876317,259.72596727684555,78.8775527127626,161.99593773110874
330.4938028886879,260.68777440912476,78.84184976220827,161.91541948438785
329.47825789766927,263.2438576511489,78.94592634702882,161.6256340199318
327.3930786936249,265.0960873073833,78.94772377336707,161.86158651356965
326.1370139940549,268.1625388111618,79.41396880170322,161.56882146453913
325.1011791601943,272.3866636255634,79.79938170310514,161.63527558634635
323.1792399205724,274.1092069330508,80.26790446182898,160.96580204090583
321.90873771202973,274.1830438390576,80.64463752423896,161.39750605892084
319.77501434802235,273.40486606124557,81.66825047196507,162.57253958829205
318.06177281443854,273.6364258716202,82.56764537384952,162.5202051657546
316.4068880977196,272.9095030696551,83.16025339027988,162.2290804480295
317.5198813959113,270.51128788499517,83.28944586532293,160.54176858025824
315.2944752232086,270.07830557228834,83.093224519322,159.16424584757863
313.8666317025468,269.35568716844705,82.43811501370959,158.36951101753536
314.1850447691567,268.4066776903113,81.33552513279763,157.12266708356336
312.59783144711264,268.7516183706284,83.16290969314558,152.03755733700376
314.3956500691536,270.358056606662,84.45583512835447,149.79171103251628
315.7044502757706,271.80792731081976,84.72935276474196,149.10539812151524
316.1043318771365,273.9348821594682,85.17831664521648,149.09352047530473
318.8627069782131,272.7342266306193,84.59183091602459,149.63464507536864
321.41867608355255,270.08343218674355,84.22984788265289,149.0794181481482
326.73927703961243,266.9251279700153,84.57868674964685,148.8452629745795
334.4422148687546,258.8100612480061,84.0237937573782,149.67873942854666
346.2875062661787,245.7671028983318,83.91085531067446,150.89909178158175
361.3260662581192,236.49714943890936,83.2497776546743,150.76738882188664
368.85403302417416,225.09444241631354,81.35753850427831,151.54345830836243
375.29256530937283,215.24041325023117,80.3319019658023,153.7252829674315
377.0452606140858,211.36785819123733,79.86068031504033,154.24107112878465
377.3399962034985,211.80674833300992,78.9952710127503,155.88318019994526
374.3750123825068,216.13082165736347,78.55567555201159,156.98115591146768
370.9186774935582,226.5298349487033,79.39685027375634,156.2250967207558
366.34216393739234,235.51914500216577,80.60908720969653,155.80976625616486
363.9101049126734,242.12902515915488,82.01329486637327,156.2909956653922
363.13028525026544,237.818564857355,81.31986479040174,157.180175794291
375.3833591281371,249.76213243573164,81.69057479222678,154.45617998079945
376.7382399063199,244.9857668050714,81.88908287964477,153.13019668065755
392.5847926841125,247.96350884927224,81.68542396407426,149.90668337930418
407.9255423897394,263.6347782631552,82.2270404738409,142.62678951003429
419.7816504273847,261.32081731224764,83.6090245328277,136.94703032817034
417.7277181100548,256.4354792900585,83.51921632355439,134.93462245683813
415.9009645906908,256.2492911885447,82.05595071060992,132.68707435299623
415.79715654895796,252.17847933821642,80.60115093199227,131.50646103888226
414.362035945022,242.30232356063325,79.16282461590784,133.35000489385328
410.94260664953384,246.38075670446102,77.3631629661005,133.0093302794766
395.6480791906342,254.2265773061368,77.08459550841152,134.1320258528584
393.03242414351246,263.45092171111594,77.77783873864138,136.07934839543924
392.9005138957801,270.8819597983059,77.77376851254657,137.2539314617819
394.38610893039805,277.1345068324066,77.8832170903901,136.60499374276267
395.05888499319593,280.90019665434033,79.17194540798587,135.40150974022202
393.5430250244764,286.82683439212497,79.11652883839069,133.58839921216253
391.4849552575903,287.66470034565043,79.2735271177378,132.47569146835775
379.2063514037296,286.5731256189638,78.42740306886735,132.00449683985238
372.5209333019064,295.3003554447228,77.81866697637118,130.29988841514103
373.70048137414585,294.71793407218115,76.52514190160964,131.54910450023493
370.6191712484614,296.49624628245317,74.69201649410408,135.3275845451755
366.7827188669378,295.2886771047625,73.66392485822553,135.88916948621213
369.7798452370797,286.97993922145486,73.03237114977145,136.39581113112337
390.6165990440249,284.51068136576885,72.8697850141526,135.43275652236588
402.57101631547005,275.0411915780312,73.04119262824476,134.4774795060443
415.7713411686169,263.10295375495497,72.93543046467556,134.50391280905717
426.7797624154226,253.30038563756523,74.01135950121558,134.77363225001338
426.8361924973799,244.69534283734794,75.84328493224116,134.07521717906124
426.55985847989285,237.6661824184406,77.03503831963614,134.1189916225278
426.15853524567945,243.0666149366701,75.52234879906456,133.9766215354096
413.5296091993532,261.09449578144375,74.54414361022283,133.1133113229131
399.9268222877815,277.63845568830675,73.42296572438197,135.43296520913822
397.1511014384877,292.54159465661763,73.38652824206135,135.23718188616394
403.80302217101973,297.3173040371315,73.95528161037129,133.83954787702828
401.96738536201707,298.4753840568453,74.4916744472029,133.02829866428368
402.3803559268574,301.71059340895135,75.37610719600121,132.02928546620566
407.4543656409993,308.7436775355844,76.56504951393323,130.95366343944096
405.84229851917235,313.1721451374799,77.54447498111317,128.45741358416083
415.6295379993141,314.5793760494038,77.85126166108843,127.15129652979095
415.64130647736846,319.36279653707305,81.11615181946641,124.32252985712564
429.47435477112754,327.247299007626,82.52344809999022,123.55131525262874
427.9874637447767,342.98085469542764,84.45952377756987,124.66689506965233
418.63166688966214,353.4707479037,84.48681229675891,127.6763092451487
410.47846314417507,362.60417114485466,81.97143481458849,131.8850582370825
377.3063700687371,372.3192296524305,85.31287056873585,133.9795631854317
360.8803333572976,378.62393080279,86.0698550328747,135.71565992340908
353.47312881978326,385.4182200883306,85.65483009453666,136.5521235047327
342.19144956403375,384.3381125384716,86.44455274177784,138.10828308057825
333.2585466820085,380.96326739006065,88.43811653195147,139.22923020570835
326.54668058401546,374.92165603237856,92.01997746634088,140.0731312123932
321.43663443539634,370.4788220544973,96.911697285094,139.3629548993569
318.5436237260915,368.01608266746405,101.46716603036381,138.2185584330976
314.20122086022684,365.11340536344204,106.00698417893278,135.8081470880776
298.6369077632117,364.88041132761765,111.3896844696427,130.6520233623936
273.4434997837053,345.8278456567347,109.57884951923162,126.9771635542571
266.9981694986701,330.336054816035,107.83941270008081,124.31302871343972
265.11290015976476,311.78403542377964,104.72180688478856,121.48348900673953
266.5345061932635,284.38775620576865,102.31555462089551,124.64989540418728
270.87723284378416,264.7480344120042,101.10552465588314,131.0514131189135
281.9653840156149,247.82490555399895,100.3331720497705,134.9898587163937
288.19214531349127,234.12103211467345,99.03323107328046,139.19979065363844
292.33648403571306,228.02887938168107,98.48140246001368,141.24358937523843
296.8874749695704,227.09585031794734,98.53220780085609,142.78449671487556
296.64968780479126,229.31665101106756,98.13588037984978,143.87203866207014
299.12075205601406,226.95912289608023,98.25135142192934,144.95557700492935
302.57924455821586,225.10549812660852,98.21610889494279,147.51913273913186
302.67285443309186,223.89725738590585,98.89101334982635,148.65351318541911
303.0892668152868,216.8106391441265,99.4020430127741,150.4523361786824
300.5774916875316,207.95363417455073,101.78268684090108,152.64159540830025
298.9710649517394,201.46035767468868,103.31684761400689,153.8793548060346
300.6209277144994,196.36587513602777,104.1533296690533,154.49988230706248
298.3220023885448,192.9411798914635,104.57422509787904,154.54452283052333
300.9155510677144,192.87381874278353,102.64253316556513,158.15932573243646
304.70924848270397,195.7626512029421,101.85840915238892,161.35767781041034
307.13851226903023,212.63438015512997,100.30387695060135,167.81583810061466
302.5385405887436,230.62511183594907,100.22587956105245,168.0376065504999
299.4480407323967,243.97958104959375,99.23207649359496,166.48002768131602
301.6994979395128,240.06619582425722,97.50467882779104,167.46144214444024
307.22501540685994,237.365664319005,95.87897500881947,166.992211060859
308.347891398302,238.15917430428698,95.4030004431182,168.22392192144127
306.56498255961276,239.36206837892294,95.18318765594289,169.71793788746476
307.1902113469368,240.7645280066173,94.76984834930788,170.44321053042196
307.19409472837174,243.82569373852004,94.68179363073656,171.69560631576203
308.43370289915106,248.28904368830717,94.70799177510933,171.33642655778928
309.56532953106813,246.79495575322213,93.8754711191167,171.04956704664227
319.0484265588286,266.26142580406815,93.73181734679889,168.2448084024698
313.1117194840219,328.5006464219407,102.08036372335634,157.4534094030528
310.9373030627817,344.46119350156107,110.4757077390849,146.78334521207375
321.7042560897015,341.49830335791347,116.25367607489375,143.381859759928
331.7733748959854,346.85288561047435,116.22667503459165,140.52295837355013
343.01894344782596,351.58032663056395,113.55147497314682,140.7450563519867
344.51059112665985,349.4648614390435,110.72971997473765,141.97772242228342
346.37318793476106,355.36404075975804,109.59036324589488,142.6039462622387
345.42567709168975,362.1781811316495,108.95208882379163,141.80420822780627
343.1417268680025,372.07861280496206,107.74746682167282,139.6846574422164
342.9888029782904,381.0316663124878,106.33334234825126,138.06942300101738
344.73415527221323,387.7001029628878,104.16725645757191,137.58750537343516
345.36235382623346,392.402095080135,102.60509601549562,138.9585274331913
347.9722869307405,395.8356611179985,102.03932354885221,142.15463159403652
349.61131084392616,396.7548813025315,103.19257111737828,147.53581669799303
351.5060041363615,396.99706711997186,104.50894367633694,150.95897298669624
351.2702204451231,396.6529182493383,106.70448373699834,152.93542568764195
354.0940999885644,394.4259224409252,109.40958414718608,153.732572688532
357.92997936555213,388.8621187491056,111.97569847060315,155.0245935243196
363.8891300878466,380.50611827622515,113.15280546565046,157.2470228987304
392.6571597408673,355.5883380426725,110.98178217035111,156.1981076578279
406.19439438199703,346.36450585771837,106.44439556021084,155.48370461440604
419.01727770305297,327.7586354719648,102.35332976953943,149.30381712053236
433.1782167703981,281.7582834860507,94.53859465547907,152.74723196882547
433.77317057546963,242.1294599167212,89.82454430317895,148.79414760113673
433.33924345469666,226.0313734325665,86.17553805964799,143.53248823302036
434.4140342789307,222.21245030628393,82.27805985909401,140.24756017070513
435.9937012228395,228.57365004027997,78.84292467027397,139.38701144123846
436.45358978311833,237.8367307015548,78.13043007799749,141.49859120755593
432.9122774495843,250.9462098376868,76.8139420436496,143.76992643809953
426.15206611239597,259.8834511466699,75.19860154969126,145.81225480951318
410.28019141466734,264.8723247347392,75.65076883760452,147.3967730294928
402.4092461373805,263.3456761064708,76.73380490762023,147.65370812439326
400.18881826719746,264.6083213671592,77.00657316553378,147.67434107446726
397.67635348054483,261.70783419888284,77.38996745670408,147.19198973887038
394.34256684410906,251.38632828328957,78.59244377904466,146.26800594932934
393.8067610357454,227.9454920504552,79.07147340839096,146.73539847725394
395.5695649942503,204.23957774837092,78.48559375142142,145.98010900891273
398.02532571180393,185.11748656464763,76.41881962123057,143.89932494569524
400.06834094166703,176.49564592586165,74.79576633244855,140.40674485546933
401.40926955744595,171.73105549623816,73.05257455051002,138.4700443670601
401.31673238488884,177.52806843994892,71.33458738649185,138.64780326204826
399.2021870690655,195.77394458183355,70.36801838068742,138.28204279956805
387.9819374181308,214.70274752680734,69.4728128790899,141.14502940839975
388.9764435122927,226.27743877901725,71.7875936442574,141.9522852401616
390.4796918233572,238.4431951771782,73.76296815021064,142.5352660046307
390.869465316119,247.36554971281043,74.27023811929985,143.31732695289747
387.88091858014786,259.62747104944157,75.15095898687193,145.0144391746547
386.2016813938604,268.4523259792768,76.88657566958946,145.93030586832901
383.7444958772389,268.98201172450206,78.32981156336707,147.75748098966443
379.75091064216065,272.760176804657,78.80353284147645,149.3405970878994
376.66304970028625,287.1563503706609,79.781243803747,147.40331625533008
372.84149497968986,304.8067138944741,81.57605755631056,144.2990079699107
370.1338633941283,325.6776126741461,84.3806327563186,141.51703401896523
365.79062849105804,341.37296647881954,86.01620830205263,144.6629093563957
350.2894151206638,373.6005604635599,87.82313180797777,146.8615681276376
345.19167719630923,398.3995624767587,88.19128374311282,148.64816569425747
342.8949633270526,413.6911738442721,87.54409563689944,153.28604281274633
362.0655027721624,471.3474171183718,84.92854546372081,150.49977086415632
368.01912494758545,476.4052566925401,83.28277286122685,145.56938825131175
373.02473170277705,476.3727492953037,81.83671247279186,141.78166347325944
373.4622919081531,475.02560624709884,80.31545905642076,139.77507953259033
372.4140191234933,472.6968730907126,78.70339528316525,137.99772471651764
367.71202421243,472.01408305539815,77.4167818490663,136.65231411980338
360.3377494714798,474.45944216389086,77.1793512970921,137.05005663432428
357.6181623735043,480.7367295942294,77.27612065066648,137.70676068905246
355.65956804094174,488.25920253858703,77.57704640304127,136.23538982017368
357.6886317569455,498.79208320974317,78.52231119057731,134.27420840339852
358.5344816362928,505.4898118994631,77.69605114488384,132.30572532052844
358.36911479238375,507.9352711972694,77.00788586877373,131.0355483306745
357.95071025409277,506.4516083006517,76.94893959476599,130.36717962012577
357.8289515290825,504.90103944931775,77.27125343895594,130.02117257601316
357.5426305545675,505.5428288871043,76.61487550769112,129.40885876611017
355.829417791716,506.2091775934026,75.90401818503588,129.12662908308198
355.0693131731396,506.8032948442852,75.11419767708676,128.8718101730336
355.40992275358445,505.6173188904362,74.73742357430443,128.8542910266545
354.8607359345826,501.59110718927076,75.76638822186547,128.7586650744321
361.8460751251154,493.79912413944146,74.28598236277244,128.90814764595345
367.1664034889163,482.9265917571377,74.53437897989731,129.2003754202045
371.0383118197207,465.82372472825455,74.89562289568096,131.30177750775601
377.0274935803776,443.7930189631773,74.05689159940378,133.91903239118201
379.9149065038821,425.8908807453376,73.07764566267312,137.26118495601182
376.71366784289,409.6534341747732,73.54968923450475,140.90162451437683
367.6274043158522,396.7145423149059,76.20474688245251,143.1580493626516
358.1154954926208,389.8240078911715,78.2054837031095,144.31473046903147
342.6876779529486,384.30524216235926,78.81322640269325,144.23666038704408
331.5671928758227,382.9879386544927,81.73779030694499,143.69872578443
312.68788005970794,381.7073738645748,82.79099830611794,149.26112994998982
306.21784468630017,376.9151144950031,86.38456198048468,146.7125596235814
303.822288905644,379.3024628515108,85.44362598396634,141.47743202024424
302.59740893638354,379.6357986893005,83.3953194971637,138.2567845241235
297.7007512115635,381.8477711907106,81.36538131521195,138.0428281153585
297.77445762623506,378.3316366291209,79.12296798042145,137.46555153083528
299.3699766469078,374.3091187217534,77.26874779967932,136.05282462736952
300.76165334372837,372.08807684729953,77.14012210341059,132.70433859402024
301.1267123002169,369.5468948390985,74.95936720751568,128.02129886286363
308.2528388397163,358.86990104208115,75.96148291056048,122.23948514159076
363.3743264807569,396.90621613664337,75.85407433990497,123.0822525965093
368.18682528065966,397.71561114708425,75.25527321989681,124.18172572488896
365.35244629437886,402.0256516383146,75.25679343382194,125.98718089812891
371.34450361647714,399.6145841277097,74.83093303156869,127.05727195686019
375.42847196773147,398.172179083066,74.73312763093998,128.04286074506877
378.58777554227487,397.6699933128738,74.84438059690443,128.6671926531327
381.5426737728418,397.24030773561356,74.58852338290194,129.58513833888065
384.5480661879414,397.2438457193591,74.2231047445667,130.24993009962284
377.9514828106475,395.31566298047983,75.67695265149828,130.18668173918556
382.9467595694579,401.4828665106186,75.4953257162139,130.83463933344908
377.5725953409838,396.9768730646866,76.85346023395313,130.99398607333558
383.150578751508,402.7927976549055,76.31093869488707,132.14049725971907
377.5958585301724,397.4982704808292,77.73853824095197,131.9512875621562
383.2903004268864,403.7148294622016,77.29963232227975,132.7963773783422
378.0683566077298,398.7405717240305,78.61613291377904,133.17386700629578
382.65004312407143,397.6416567176718,78.37093462474812,133.1492174371802
377.05400513833854,403.8604622995988,78.57568302053022,133.8357088657944
382.2201286634502,401.82278918865893,78.14419948196466,133.95881509743984
376.73512597619924,400.2235379254962,78.84846923024588,133.97149537530646
381.545725973601,400.4293696050421,78.25852781851121,133.78530203758163
376.2045455463896,399.2865307645126,78.8214772044281,133.85151207871758
380.44155719135193,400.85748187122596,77.88842471681065,134.20522797022556
373.83842424699293,406.5650531396953,78.63560228002818,135.57307493524
369.1237198123828,404.68406606312243,80.50074923594883,139.51941161909406
367.2985091764279,403.65471652023535,80.80686785359231,142.7728833059958
365.4074392471527,401.2278464503083,81.32646617962622,144.09407334933815
364.09816550218466,401.81145805029274,81.22331657750607,145.760951349473
362.7382518357575,401.7103668402319,81.12359434981339,147.17286081846856
362.39370109885334,400.5694543286325,80.63202007861135,148.47644165621966
361.7965827022619,399.77362785031085,80.27503013667922,150.40743729641673
362.58352734586816,397.59800675252274,79.54827317463912,151.22664867114636
360.86221221781545,394.56692216747655,79.8909149702038,150.52996583623383
357.9518751260172,390.9701018027197,80.84751969197771,148.77501151875055
357.61192968565285,387.7790946588484,80.91745520228025,146.55477952200812
356.31971755896063,391.227956620717,80.44663953981697,145.08879254437696
355.7226187624771,387.30723686889235,80.47174888834586,142.74729061125862
355.8614617576493,392.82289702835396,79.63292212232089,140.9250776913223
355.25323743848946,388.50738341348443,79.09230594130459,139.01358821268727
356.83141232042465,393.4941729396376,77.08810955019891,138.06369270835458
365.70384490057785,393.33462849977343,73.7194774907836,140.3016036381775
319.76159855165895,391.07167595294607,76.45632614565262,138.74786309813476
308.19852487686876,387.2212079009412,78.66621372960793,138.5614486429099
311.901701252599,384.38660520922053,83.48723982336226,140.01867368348618
333.3112644532705,395.09812386164634,85.696716022117,141.75057984482115
350.98010053868546,391.9399155751845,89.47600246945113,142.71086772511785
367.6804366033115,382.43748510444675,92.81326826744521,143.9466132185953
395.30324643259564,359.0258165580846,92.40739699144528,146.14938298954223
418.4593782695649,350.6101377188644,90.07153941491882,144.82656014124927
430.2499352140284,351.4607842173606,90.36928790697323,141.50054716687802
443.06652912391786,355.70491118643844,89.77418793204299,137.77145184001992
450.3104040284068,357.6161140769569,88.82202829487906,133.73296132537766
449.52396361494857,361.27278588718855,87.26409003953542,131.53013520674537
446.91269340795486,362.2811322572578,86.05922748034783,129.93518299852826
441.01966814600576,361.4349001340296,86.44548437936811,130.08958765273766
433.712907980104,361.2168498578538,87.33150093462135,131.1738177278897
428.64125824268393,360.6377335369555,87.23796397605079,132.66980649680536
425.3432662646489,360.4053452075219,86.77589729964404,133.9667367740083
422.47168419396485,360.7164833959844,86.37441718060558,134.63445356400678
419.87507519111824,358.69569956446566,85.72599709807255,135.7182411042874
417.8988850871385,356.28357579620604,84.47343460278488,137.35403353597872
414.6740458309534,354.18322550192096,83.67115999015516,140.0494668620901
410.19813572657023,350.29102253381643,83.11970337397035,142.81859255156456
407.44085993806203,350.48889550245605,82.76562835644326,145.97825795309146
406.67229833497663,350.2378356925896,81.46256472827869,149.45412721042806
400.8232932064233,349.72646998169273,82.15613467776825,152.93941475595537
396.3937319832437,351.6112928912688,81.5142271558657,155.72908414142356
380.43960707930785,362.4610565948574,82.40457458946976,155.38394592492017
367.19613961968855,360.5643367173454,82.85758349857653,151.84449946091954
363.40430993502423,371.60520820222234,83.35629337449701,150.9979173188023
364.4841943604025,378.1127068894295,83.99817933941424,147.69288183556236
368.7905529610834,379.5522268860268,83.95411429106767,148.23867800112023
390.661114153242,391.2943640341431,86.1594984069946,146.52940713811518
419.17557600308567,390.12531977522974,84.81355047635023,143.84925901882642
434.4367141983669,393.5084790863968,83.93823339059736,144.23002224845152
441.60866665881014,394.610531940035,83.20952660508682,143.1262292509835
433.9285812781089,398.794603032475,82.8764934404029,144.82668009131103
423.37712725232547,403.0068629545103,83.59204759487498,144.19051988926913
413.3816871724347,406.4058763319006,83.02616315199545,144.74218357180547
408.0848262416597,401.07695155873694,82.37276034160936,145.54632771194386
415.34350131411145,386.780282060421,81.85119209520445,146.36634555684236
433.164086766133,373.6886013531819,82.68978803686451,148.04254487720422
456.8918441304055,360.408949522358,82.5757688222354,148.6306800207857
476.63969099293297,351.8010712829628,82.7623375178348,147.41504001520101
488.188164431083,347.4661689475215,82.21885553106111,146.64034757762425
495.0022070850449,348.4802105730858,82.41977927922858,145.45126228658623
493.45241423283943,355.2041968226713,81.77276125629888,144.90913638317943
488.4649143744662,361.2842357586492,81.71394177443686,145.63403585192185
478.31618374580427,367.16231128737445,82.55535978835253,147.5149287474133
468.30430332565345,372.73689846317893,83.42470931273627,149.2377360165929
457.8736264370289,375.9081682736861,84.07439507545892,150.60663648194324
449.1140883422697,377.77105414951734,84.09107563509454,150.3613699583234
435.4979228373969,378.3557131747915,85.89049000360473,149.40452950238915
423.3540524485756,376.1930857766601,87.08091022460677,148.99314384531328
413.45564194908326,375.4253265975411,86.01577367354261,149.6303493368636
399.08101962250106,374.31349121970186,83.25558648771775,151.5848023033688
366.2276619591877,379.62917800632806,84.71999224403203,150.38927315150315
350.4577343382331,380.3707751629701,84.68078025571663,148.55667995702208
343.74286183050276,383.05786901757233,84.48531450915331,145.30081199764982
336.9607731525113,381.6155632529757,83.5293598003169,143.66940752037334
327.9289466621165,382.2027485731373,84.7004708957305,142.41523044792223
312.44902938631395,372.0034845427775,86.57751697992839,144.90069164462804
306.54025109865074,362.131909186337,88.09642376735195,148.25262417208438
298.50976901574745,356.2881625494231,88.48377152385683,150.56059607597803
292.9952636314842,353.3623492851015,88.32808132650203,152.62034461962057
292.8066605411699,347.62599117109676,88.7725680827637,153.72932660232988
288.2160557302778,346.7256081214864,89.69281331093214,153.72967563593005
285.48669289512276,344.2159603990725,91.0692812335921,152.8665491103905
283.96433234564665,342.84392965114665,92.10543023095121,151.38917648987868
285.20150375934816,338.58191109750135,92.09689341093352,150.50601183020154
287.80972280487424,336.7435593277297,91.72806245565397,148.3229116931396
291.9413874541418,336.6542354842557,91.28532889839083,151.16961467603178
305.0187908249883,330.01876323137907,90.1368659982507,155.55688169918005
308.65970828342364,336.95737741450625,90.6785093032732,156.53984467814058
321.1632049755581,309.74829665595234,91.19064662579153,157.36179953020934
323.61563636174054,274.7440190246248,91.55916508664185,157.6590434525324
326.8427867015403,275.32562350947876,90.9418304447926,152.72273053041656
320.88456770943185,315.04942128808545,92.75076644536688,154.38915627447267
314.22990130477683,328.8444564061158,94.84190906150067,157.15795749837304
314.5105969609041,354.638050721412,96.95275013869627,156.97398999815167
313.5559940804278,358.4793417754778,98.55649511878977,156.2887385556084
312.3269372176278,360.71350482571665,100.54790247904299,155.3268898110878
310.5190791242053,368.6525087865408,99.30300388927662,155.84749677286226
305.4486463167822,379.45412135490983,99.30632201114193,154.60815942298944
300.72916257711324,391.7035935510859,97.24056498791634,158.46039033886495
296.26175419760835,403.67884858832974,95.79767235819315,162.48451634225805
274.71533461201943,400.0950820955676,95.00698568098234,163.8307011374747
272.9781780048937,400.32865563506425,94.39478394543517,164.71388822596197
273.16411035465006,398.42227805622406,93.32461429473153,163.17868720306979
276.14497753651574,396.5722895144536,92.23167246487463,162.07756260204036
275.53334560426913,400.3172329046797,91.05299121523223,160.41591192464605
276.7065580990616,400.1771089544852,90.33475924646775,159.57280324430073
280.3825741495011,398.49361024876305,90.46243629399575,160.36083570709093
291.48856521425586,402.65024901638674,89.07577726934471,161.13126312026887
292.6794750171792,399.0669222542109,87.83150932880416,161.7710239825722
295.0735416168245,398.3382219774428,87.53743759954529,162.87126039159236
297.6596060509212,397.44920686218956,87.35698267773256,163.873174608572
301.18231169326936,393.86444433240445,87.56271675589016,165.09491715166263
303.8055278210397,390.0722838972067,87.91093619941564,164.7833730585267
306.2465459924655,393.9962603557087,90.74004191970491,166.25519763023118
327.9486092178738,394.05466329581225,94.93747796888826,169.61155869262055
348.320556048986,393.2575956110885,99.12791810793337,168.22096691782673
367.60741478773537,383.4837776045031,103.07203434015148,169.23973330209122
381.4953834582682,366.6835145292831,102.97937412921286,168.3396452862715
364.96168648211443,363.3093469214076,103.41794575486014,166.96744846619475
362.06115823845346,376.9045168067633,102.06620740423045,164.18166115520023
360.37946087517514,371.7699059480748,99.2730178679392,161.97072597407876
359.51956497491386,365.2272584744888,95.88891257373523,160.33930796959052
358.06407414602916,357.7320963949485,93.51491202706734,157.80552705664968
356.57991822536894,350.14787741446173,90.99383206464631,157.16958078605577
354.97898754337393,332.94431379032636,89.11550086271832,157.06558819179725
355.8489705684679,327.10774886842125,86.74921611936944,156.79477882662312
353.3758722933157,310.7052819741839,85.71581367065039,155.3461229849709
351.0991876963613,306.80797161874375,85.33964032305528,154.6102442375381
350.7952621626324,307.1028117701107,85.76820759277216,153.33615455484517
353.28877446054264,312.98019367101074,84.98058246823462,152.0222286131525
354.4285414431728,313.8190188964372,83.93105925088383,152.69678892241606
354.7106205633237,306.8547607874518,83.91667577655033,153.66639610565795
356.3351159846846,309.75436756488773,84.08964743344711,153.87542086636842
358.6664509277097,307.7357888501157,83.61535778879093,154.50264997407405
357.9634195955607,311.98367596409014,82.91850850393118,154.008575193757
354.45292891072097,311.5992572941067,82.72175315257182,153.01484191414082
351.8516227498584,310.9352378173562,82.4158925548329,151.68831744067032
349.04839413099154,310.24326796567806,82.11150117501295,150.2090157099293
347.11067793266227,309.09840788434394,82.07458911595242,149.15412899622424
346.17610274016954,306.2721501348645,82.04929479688217,149.38256889169804
348.4878779913983,311.84756971495324,80.66600775649124,150.11528800483603
349.9572871511354,313.7348713505277,79.49704088316881,148.95974596530013
348.58563093352865,321.18868702888415,78.72444221608737,148.06018460065275
344.81402839994536,328.8401599464049,79.13475085991413,146.49135818089445
340.7033732150484,332.47977862820875,79.77117658615342,145.29518298922275
342.2956877925368,334.93035781186586,80.11801391524634,143.6371703261779
343.20526683776967,338.7916101740002,80.53114823849215,143.82057800120128
346.04849543254466,338.88625431626247,80.82076192983203,145.04430889697463
348.09574614116315,334.0057519277168,81.99962982488148,145.37941989049662
351.9106914125551,327.657079730656,81.00326608416059,146.04415911341457
352.6495968324062,325.3665504162665,79.70508467463324,145.87791997836916
353.00193301985854,321.66706625137334,78.29016818056114,145.58495372258415
349.94362689481835,322.5259699381572,77.15102119144477,145.1310274363196
348.97389187973124,331.65390093601036,77.10725657768279,143.61621043878222
320.78333811935283,376.1016439479654,79.80094802177945,140.26090080647378
332.328596254388,386.66782644457265,80.85263603637708,135.67961270229728
329.95194147560414,406.6757810814071,80.60780287467601,137.06895016324754
336.42626655700747,405.34035934911753,79.68723937416186,136.74306973752215
334.31018653711686,406.922174364381,79.90719238269307,135.77222711582388
332.878498857729,406.33519937852344,80.45747264869539,136.07603730987867
331.84497173334506,404.18110798400613,80.63384181598136,136.40450665897185
