412.5,109.5,82,124
414.16824854120784,105.0430887864677,81.2568166115845,125.43709160354774
414.2994428771096,101.98125508752962,80.7416098023738,125.88715451305112
414.24732166046,100.73053849649332,80.37780461680697,125.95613453960613
415.0555947925597,100.37539054412423,80.18470012030014,126.12344107113724
416.231999508065,100.29494351796473,79.99779568806889,126.14709575668644
418.28803254171294,101.63514478686558,79.38784749301112,126.67229371899154
418.61362010729755,101.77094710183931,79.45846041058607,126.79933991406773
419.42646974648613,100.97351843482888,79.68156989762028,126.85093774663139
420.1120916469895,97.46394361458167,80.35787367542525,127.09854006962091
421.6715561446822,96.03837940070814,80.33864775354145,127.5708807414018
425.9080096523743,98.63923529052683,79.45812364602465,128.66681691479786
430.84803413800256,111.2322138730532,80.50923369423833,127.31493186278223
437.17707001856013,122.38422945083676,79.71666429060613,129.24701139447097
444.646677888118,131.6348098973882,80.79577244980577,130.45556157619717
452.5511690062727,148.82810060603268,81.35650876513219,132.61163991842972
459.1043229159864,158.84029351474734,83.18261404690095,133.95941024418886
459.7464399878477,160.63728448589498,84.2705007604172,135.13902172764432
460.1284096350236,164.12860420340377,84.62210757335754,136.1533243359312
458.9307108655575,168.1806380133454,84.77792138159215,135.14481297520317
458.4710599370068,172.04552012448727,85.03072803472166,133.54738012422683
456.46264856039346,175.57873670250842,85.1462043428647,132.8143476945029
452.66105582683736,175.756395894379,85.01799265802987,132.8952137170422
448.40684556428437,175.7044534562672,85.05758688919062,132.64236282733185
442.96805055104556,174.01895688272705,85.47164828255055,132.687920574403
437.23538901218495,170.52233870416273,86.00378292185624,132.49259549201747
432.63049879782744,162.55043597460877,86.36842956913809,132.35627895710684
428.91082440589685,153.55068895271,86.8425154631373,132.41974738139754
425.3219113213581,146.29930043262772,86.9818198655522,131.88821694170372
420.5773145638117,140.7258532726782,86.38770611440967,131.70739443421016
417.3458418445912,133.4987598340991,86.55929546611964,131.84622696413936
413.301924461757,137.4135018082144,86.9659006404185,131.96016581025083
409.97063288425437,143.18084239084894,87.55656292368901,132.04339884481084
408.4639274539936,154.13349434092976,87.18115742755161,132.48766235797927
407.9657007899807,165.8052811343664,86.85273492397351,131.00826266026615
406.78534371521226,170.21660635368696,86.61707360811728,129.70849516001005
399.9922038032223,170.64875440582628,86.02369835702399,129.45318090349446
391.7578197139177,171.5777797033958,85.48855647093592,129.22199498006256
383.7445745843829,168.61978589341686,85.14597095485892,129.29394363670258
377.46197824341783,166.82307394228138,85.26389896546344,128.2925990148036
372.3815437818421,162.76253228378278,85.5275015006755,129.97932754969634
370.6961977666794,162.17739363016943,85.48539512630722,130.1388263105897
371.2991181616081,164.76439221067739,85.60579678334932,131.0821802047191
371.4493426882149,164.35824705230934,85.89464979312388,131.97489128375565
372.6633137027428,167.04854794255027,85.81581741372631,132.1272184469078
374.1433452154381,167.5702152075417,85.97862674093584,131.51178473789545
375.20069834790115,166.59739451748584,86.16935279565091,131.8838439456134
376.50330910390244,166.8657173305211,86.02991464126853,131.9278026939516
375.9362886424915,168.57556446724817,86.11247026402629,131.8075581027332
377.5615866392727,169.46670093138283,85.76736848356816,131.2758309145914
378.7499226309054,170.0920157726133,85.57377216673031,130.68092033355947
378.15378757331024,172.5636842127181,85.55121474438411,130.053251559429
379.7253336703887,175.54437882214614,85.19272161600779,128.6760326820646
380.6598693945419,178.41497391355722,85.2132843000867,127.60553065155565
381.1504322328604,180.98137009775252,85.28520616125334,127.08337261009989
382.0385676532858,183.1967964142058,85.08764790299074,126.99888209114596
382.6799778377541,182.7404748281627,84.76155462155181,127.74283538643738
381.94347076219213,184.83924760247947,84.73351985013699,128.81321796127796
381.3237158997706,185.72723487725003,84.68000730000902,129.10899333735023
380.316175244712,186.02619697620517,84.56745289273428,129.45607455631006
379.71779054584533,185.69560843763236,84.68788268799725,129.80475535874595
378.4878322589679,186.00600872483665,84.62638450497718,130.2514167518057
377.2878251683644,186.36483270006295,84.82113530994816,130.75340369190943
376.9974904826738,187.07350232721546,84.8367287473962,130.33322129604858
375.73468239964507,186.73090796478385,85.01361673352199,130.46452092512857
375.4283631586923,187.6769928201241,85.19728985550128,130.35750448421584
375.43023033755935,184.62878708810848,85.23123921194838,130.42565094885745
375.6971026857882,180.59395425423617,84.94517284007087,129.7825966993047
376.253259573554,175.34230550131656,84.90525891919931,128.72280388074202
375.6602846174612,168.73061240129994,84.79176308305584,127.96559926046281
375.29230106384966,163.09036942420585,84.90086659145524,127.3197355747584
377.59217201877914,160.02157020588226,84.97575103199911,126.53614279589041
383.8758286891027,163.50972042407432,85.3560828787299,126.60635305591745
390.19684560261,169.71062570900148,85.71247167439604,127.99145445047961
395.45237320974024,175.84487566169327,85.86144587145148,129.0712297297274
399.4639780155869,180.4404501703215,86.6567415469285,129.41539527240747
398.5574552469591,181.97439118861115,87.32937737616109,129.96717456700495
395.5645841817722,183.16521104438695,86.8877365605205,130.38481979045088
393.80791571116794,182.13855737012508,86.76866035284901,130.34116611755127
395.0682167696154,182.2527819777637,86.44959393770579,130.2457575390519
396.9161096384241,182.8120880710886,86.34920829507443,130.37059575561562
398.7036104305693,183.25437457194838,85.96329004856776,130.74464063185627
400.4272038330771,183.3471578843497,85.57560012312973,131.084066055794
402.6170100006969,184.34533976042687,85.2976256281612,131.11184933733108
404.0733576080509,185.38814792844525,85.11796359369,132.09440497929114
405.83473370257076,186.92054274206245,85.22063316711673,132.1670727228148
406.83264821464866,190.1724816055672,85.34890649701056,131.9506405410018
407.1239877674194,192.40451796868933,85.48878344606126,131.8143876389763
405.4653219895529,194.37257497508966,86.2282155457701,130.8993171652229
403.5875494635458,196.23835272280775,87.04621768244003,130.0833235842307
400.8562786277084,195.84146308399937,87.79234585619012,129.2551838259359
399.7469832841452,194.60044576800954,88.26883797344645,129.51103623554923
397.2211842521666,193.39620907523823,88.91424135051393,129.51388642353632
393.0764740764995,192.7598607783613,89.94464709537232,129.84083015817458
391.22576155065127,192.61097184392452,90.78734659927834,130.5019676273537
391.69124175891375,191.3262063832326,90.55897927090342,130.62277117942904
394.4531038448889,187.4707854435913,90.0857035166166,129.3830114809529
399.8543766978423,184.00862103391273,89.01373337223323,128.1794821383837
407.4627959085084,177.34840342374486,88.19584743503192,126.34371313508669
412.58562282991267,173.60755683218017,86.85138530364922,124.75266385605784
417.25131828638735,169.5725682316415,84.99011005232086,123.60875479614884
426.14867980316166,169.2151366994991,83.1553946863138,122.8559837785931
435.14581959697455,172.48436883625737,83.03233091900054,121.6696523023178
448.1343431747773,181.77673979476435,84.68939326046534,120.15501879900015
450.40689365072456,192.74018360527694,81.12518568206019,120.1365631848109
453.3825939041952,200.1562887587134,78.83889361742544,119.37526714643163
456.07832684672263,203.80458900184684,77.79336355390376,118.62925049958123
457.32936424389453,209.3681382053723,76.47799983248173,118.34626258142194
459.5355954391439,217.6866599874187,75.4019966018341,116.76600173980225
462.32618302426704,222.44856194191908,75.36458173127045,115.72827227843331
464.90905206054566,226.8029500928455,75.18620556667213,114.23820735277073
468.74095111631783,230.15916284124737,75.04991094557576,111.9248897890114
471.07287009570985,222.92966037027935,74.25375282115759,112.14574318065448
475.5488706702475,222.61633728575308,74.71935516481915,110.70780247188411
489.33589218416944,212.2526602639037,80.96412927564705,105.54778926704775
496.05291278477165,193.6382002032108,88.76554072642018,102.95590479248627
482.8922336187241,172.0726867386971,90.80582644193812,106.89958430940428
479.4017666086885,152.76609301648259,92.6022235281105,112.6763917489505
474.08659509011176,143.5824621648623,92.40808269380393,116.7209062216613
472.06503611916145,139.99581427667323,93.0039631440969,119.68843818120592
472.44113813500394,139.94021804899268,93.70395737939499,123.60737823902981
478.45921986903954,142.6837540501025,97.29135958515187,127.65243457085555
492.6042354109619,146.709768022039,98.50161651095073,131.4006252091359
505.41728724545254,157.4518502189657,107.63431334856121,127.96102983078544
501.45682415925324,172.01966283843527,115.20814185588833,127.59370750932675
507.02897605410516,194.33509881551836,119.36069399269817,126.1078054953461
507.09488214155675,201.3014966763799,125.37763689134235,124.2963819965234
507.79672552340327,213.35267893616037,129.30795834450726,123.43469626419389
514.104565576033,219.55483410403187,130.46569952678433,124.59806247264038
516.1607573024689,222.68069317047264,130.60627246429328,127.02739845505428
519.1855748911802,227.25212896433538,131.20507097217364,129.041009563862
523.369966412226,232.71768755875343,131.80342240579017,129.88417387679587
527.1882611975223,235.1360904899164,132.65825644207007,129.63468500436866
526.5674327078328,238.29629722578096,132.74327062683977,129.66291435871986
527.9511768407183,240.04984161211573,133.1067392492679,129.07059165927723
528.5340077902622,242.97346866456868,133.3339397893356,128.9839862817883
531.755328305815,246.94107340195018,134.38973616286245,129.06690615578017
533.9999024965853,253.31595250942377,136.1174805005908,128.35734435959526
538.248616841108,264.0441006455223,137.49010605654053,127.02252902917067
538.8917184112111,275.0957037688956,139.03835792960956,125.96037273969941
541.6012705043014,285.63297054819134,141.32204257323218,124.51810808674757
542.1120410585579,292.02028868369734,143.60980403315494,122.32038660302803
543.3276577048225,295.7469602613794,145.42977809231033,120.78413481729288
543.0415768184276,299.3802374353399,147.0604805669662,120.16672511887748
543.0569670439903,303.87562894695054,148.95535285822666,119.80550638093456
543.0669558999643,305.99155781189984,150.5535893958894,119.80132647314889
543.7304985977463,307.12760077577946,151.33551803459684,119.58602159893286
543.3526720567083,307.5037801385869,152.07556564557584,120.13415241818643
542.2878096088317,306.90978493355567,153.3872363421103,121.07010023667706
540.065339757385,301.13107315137614,153.83717973572334,123.14570178718108
532.922331765758,284.9034714360821,151.34232337400658,125.67952040636783
528.1596021076832,266.63143316567476,141.5653573056348,133.12328948258286
523.8610899302108,246.58810268271748,136.65897322857276,138.09949970386853
516.6688178636331,245.95077966292052,131.60307813748506,138.75422960242932
511.6624557919828,230.92307386383834,126.63486241567333,141.77338250308392
505.0216858977857,220.03723579263993,122.72527824166514,144.3038610594211
499.4853078116782,213.56737177852307,121.08302377087479,144.10233084790877
493.5149091255146,206.90369175893235,120.94363143830695,142.19795661127233
488.92513167580864,201.4013190049773,121.61926768995274,140.8559556744803
483.819526204957,198.58798855613446,119.07055565039383,141.6759468600993
476.3487778261379,194.03136700070417,118.0919293077512,142.29849306391648
469.1251834482086,190.42949832643717,117.42637373225,142.08124042221607
460.7528251606935,190.28670334050332,115.1233264828173,141.99746798020053
448.9794909380919,190.98518763915638,112.98639736332322,141.91283272830765
442.45423419033705,191.76395137574585,112.52659782477528,139.23093313045678
441.8339856233071,193.6002184508286,111.89364217620422,138.23132755199228
443.8210030378072,194.50127636468386,110.89769310350593,137.82639621543933
453.7639176969037,196.9944555780673,111.87018020682171,136.56805249623775
467.9089353557887,196.85559242911202,114.01405907362205,134.5298098038224
480.5701640961865,197.53701545602252,113.08478816204034,134.37323349105978
490.0392592742715,201.9046904979528,115.13124364937616,134.93740103872994
497.49675988907796,207.2073837614169,116.36688290743419,135.65306038735108
501.2484576128526,213.24772701800526,117.83111403154017,134.73431444882033
506.6564329620714,216.85187282025743,120.05053129880085,132.94192545890948
513.9108920169881,220.1069180923596,121.51655921100114,132.47980330230897
518.3483824919589,224.39004496154627,120.77548462550047,132.47663702731447
517.8256463577725,223.9039750148809,121.59710376770498,131.58962210020303
511.6208263108773,221.10995127425804,122.85785622721804,130.64936071304055
505.42932398694114,216.218305615283,123.56678002639646,130.31200936894228
501.88083088284304,213.1337010024339,122.72204765625409,130.71919514569637
499.397634842522,213.54851172615025,121.70992506557047,131.0435870935731
496.55583950425216,213.4943682543351,120.34984318046463,131.33634042900533
494.4204638539909,212.35650135887062,119.6739902291256,133.20833604907205
494.71449385812207,213.1447446428799,119.04681672536431,133.67896576065553
496.41884983512733,213.62937499127383,118.0526653277656,134.35734755711562
496.4704866150506,215.65827182818452,116.86520294898743,137.25565625451006
493.70866266344353,215.7039506047273,115.71958033675969,139.55035059465874
493.431533556711,211.6488063652732,115.00281360782668,141.42417886467416
492.9610874039363,206.57906340813935,111.91591489012166,144.0145419685781
489.8302781101652,204.86690545502165,109.68136248004431,144.0019107674984
487.7335638181598,203.85024394944995,107.86936036566028,143.90077833621325
485.99817962447025,204.07005643738825,106.37135252699566,143.84819048854672
486.01284250296555,200.48071442063383,106.6519164143894,143.42137143978013
483.30560089772916,201.4981407888392,105.5596480875393,143.12923406210354
480.80532375083476,199.59669125031633,104.39074542255725,143.57369321681654
479.5662649070416,202.19334286075312,102.7266364141292,143.4477208331927
479.2354934900174,204.64414893014484,100.97724265416821,144.04753396067514
480.40077130463476,208.352513428681,100.06325590024628,145.056668229594
480.8240837442695,214.23493231218958,99.12306748665739,145.19172231590935
481.5407168135441,221.71587071583883,98.13971368755715,145.13161037830082
482.7282984957471,223.534879040118,97.37826239552358,145.24856499553533
483.49339002947806,222.93570650958912,96.67543477249293,145.04743579340186
483.16525907968366,221.88402076651343,95.96760217630847,144.08455242535098
482.75108748558205,219.38519132926345,95.12484558252169,143.09665994258165
481.28568041402696,212.24104064563576,94.8939587616578,143.36568182985656
480.3162498843823,204.43836354121098,95.007344485826,143.05727776081307
478.03059037293957,196.0390678255842,95.56613365870533,142.59876050371213
474.04134140209493,187.68401213604616,95.43855535985506,142.4814564164796
469.8456401276861,182.91696475929322,96.98110813526563,142.02794607507582
465.1590924667413,183.37679097196389,97.5942156260396,141.2778024347439
455.224516781553,185.8024719660312,97.11469031489767,139.50190541052223
442.80099974029696,187.58209320563316,95.8330565659888,138.55528018557553
435.7125900860073,184.46068081511618,95.43904839043725,135.49310847613094
430.8667600909394,175.98051796422953,93.40449969374447,136.081152149706
428.64424293821895,162.21193375574038,92.50875326416951,137.59049616482883
427.9367402297338,149.5447751827778,92.88745218070497,137.11677459920608
424.3075873371404,133.4981580709835,93.06508760914132,137.0376798738201
419.63881915535313,123.5212980811514,92.43202670556488,135.84260949398725
409.06996865323595,120.84176308467879,90.58326225569769,135.38704087227794
400.46688100906096,118.7803869790467,89.92420126169908,135.6437237666781
392.63168443968897,127.39532080467008,89.65354482463734,133.69310626038984
388.96620346992114,137.35623304649152,90.00621811366034,134.1814990619032
387.22977037984504,150.7057709097171,90.28102854964136,134.17524674548625
387.25273295718375,161.85326139585538,89.19664993522431,134.20852619496262
386.42550558302617,163.9572459269788,88.56471795525276,134.00794429397064
384.86982533364323,164.0157545018775,87.0430842790613,133.2261928998266
385.9724356207546,155.01269037008993,86.4903161737107,132.62567367194669
391.8420349635175,147.78149480219187,86.6432178223523,132.54072822937366
397.4076030270341,144.4666600905832,87.44865090918631,133.34419907471016
406.6638726375376,143.803509683117,87.88218522028373,134.05838623502905
417.2368464175456,145.40939117869263,88.69435991368576,134.78024226624717
426.88391205405657,150.27025307139064,89.41206946097637,134.6541624780435
432.9416868553594,153.30523389033755,89.69714604092684,136.12390611663895
436.41256654673515,154.8397636399431,90.3327134327725,138.93025288268666
439.10937724248674,153.86905513255093,90.21032416941259,140.6055331617933
441.4811717497254,149.23795388764182,91.09477785284179,141.54008462774678
441.37441181542533,140.33094008182104,91.73320671707032,142.16315421631703
442.5496750697945,130.93088073496176,91.92205336774056,142.28155408374167
444.8643523473136,122.08021237886044,92.0267519476205,140.6379506103974
446.55559737303145,122.71974258251952,91.72595316129105,140.77153959616092
448.2839781744885,128.86401287264658,92.20211606742546,142.56115834818218
450.6258769924795,135.76050385564338,93.14469315297046,144.0699237042711
452.5284545188147,137.88884164567514,93.48518038087869,145.08634754666238
454.4334779294135,133.2101539274104,93.89057335612877,145.87599589426367
456.83487624625445,127.85815755863504,93.05214387370735,145.8502942653593
458.0175979147498,129.99160515261354,92.6405417461283,146.15352131937615
460.5091871373881,134.87111821868874,93.33189476065999,147.01515692276047
460.8936625210212,144.97434226142562,93.0530876799268,147.24760120178865
463.5708126450031,152.93985795745698,94.29098818803598,146.87618113022157
464.27810877262726,152.59179961611932,94.58332430517078,147.07044142623533
465.7399857015971,153.60696598747708,95.46231030585847,146.68488955777212
466.5058184584752,160.22139536566414,95.72078720905634,147.6749238525455
463.0532006768837,168.42875646659598,95.84836287920339,148.10752983671696
460.1883971953763,169.9656143080023,96.13166122939465,147.75884934448658
461.08184567225237,167.13289701786283,95.8912457657778,147.15012497014516
463.026083902649,164.12630268096194,96.03524334596952,146.226495044246
463.9978195653016,160.88336444670745,95.65161103090307,145.83519141326772
465.38229002030243,162.5026285729485,95.9867679640715,146.53597847984685
461.7716033736591,163.57256367945337,96.1383675833469,147.72476303291992
458.98407694334855,165.9613915718072,97.14265351815627,147.6321715640081
453.3328370911135,164.12220893371506,97.35088445095892,147.7828669335762
448.55619414169325,162.96585145718575,96.39509995337613,147.57097351299282
445.9105677440939,160.73297084746298,95.47316791504824,145.1008855426801
445.47238801553146,160.04718896965636,94.73080839043013,144.60700165787435
445.88437973925943,161.7420527920691,94.69672536507048,144.6918218760554
446.1132930749528,162.86395288854806,94.45788760400109,144.53936150968138
446.88083059359377,163.75403750998044,94.30724917408006,143.86988905941917
447.19614949888876,163.63059670821434,93.8877460654574,143.2685270687817
448.5828835999871,160.85816021606786,94.34317710375447,142.5905554523972
450.42261154389894,159.13599588827174,94.56303466579033,142.50629175989073
451.9564626339719,158.44698697067196,94.54900861403192,142.9973048024
452.5719580429821,164.92059658629157,95.32664831015641,143.9420552519469
453.4146364548895,174.70059815785982,97.0468455425092,143.89218013005063
454.53614968381294,182.66707778562787,97.69377150585069,143.88569639941687
455.30691442603626,185.82601829709597,97.08129312261175,141.94745261784416
456.7821671843673,185.18710450544322,97.2809960791552,141.22982326717448
456.9098112936858,179.92923071274842,97.46543737225613,139.35940237264464
457.1767486604991,173.39540381937329,98.05076203380929,138.5307863611161
455.68155109655555,166.4959330522345,97.76085797498982,137.65545249713927
453.8917258410595,163.5279081461125,96.82072641963664,138.09190714413057
454.7151096737259,165.78743064907596,96.66988751864712,139.54229210799127
453.9389933082564,176.73098439165557,97.29657163651467,142.17971884829595
454.1341389886409,193.3406250111878,97.08801376478218,143.52925093320607
456.3544335253382,211.02978139683745,96.68543147391932,143.36152470975833
458.6441541184327,223.48844445571854,95.77161347574918,142.24673078804108
460.401981914003,222.3893135103021,94.70737175446641,139.67819656681343
462.51892564027906,219.58482047354062,93.7057900670662,138.3396819346174
462.7212030458942,217.55575934900446,92.82212990248055,137.909204406468
462.81758922098,215.8380598289441,91.99608943440434,137.8674580131628
461.97156117270134,215.0346842964885,90.89410699679719,138.41793204140714
462.6477692233418,214.60427385167043,90.59254212136919,138.56634826271215
463.11006207832133,213.85521965567887,90.01182776646695,138.48121757617355
463.59678237282947,213.1607034127968,89.31441226409203,137.59189446348793
466.08084433045065,212.8387016090672,89.32018866699535,137.21571963371426
466.4139435749025,211.34717887521305,89.04851972935936,137.02291304110452
464.40367125524887,207.619478157407,88.48212503379716,136.77188356469875
461.3913396197187,203.21166960735874,87.73298220973422,135.62237558087196
459.40902052386934,196.55452635354908,87.20960284238143,134.404377351858
460.19770654542504,189.24430782008113,88.41652564294378,132.75101642990225
461.0296205807518,178.28501883618105,87.11384229379824,135.16872273937727
461.5149520569578,170.26587526816547,87.2988117180571,136.60820730888008
454.75805267982287,159.93122567751038,86.83139404166289,137.7761770681932
449.4479052965661,154.4565909349657,85.55244163868184,137.64473995690804
446.6935339128857,145.82731752122555,84.65714073157353,136.71549496004752
444.0447163656251,139.0780430070946,83.5533886114341,135.51999033840707
441.58224198835387,133.58398329970777,82.7824650591529,134.92678422217492
439.4017591099155,124.60425728495467,81.21317826399724,133.74023252853655
437.9217583415234,118.76160377853529,79.9878336742249,131.58738474858967
438.28226071984875,114.56171432593865,78.5878220430129,129.75873958151732
437.312806483507,110.29044030495018,78.11961958620724,127.57964131459535
438.9201264169493,106.8903497408323,77.09476806084486,126.31980867177394
441.0939095218765,107.40090216031089,76.37812416849528,123.82311753768893
440.67448344661113,107.16849610735477,75.82402101583403,120.24195729634164
439.8034262100276,107.8844764500683,74.61236151362871,116.93362057808528
440.84837328606864,108.10391091679793,73.89332162008397,113.73166651774922
440.92995409222107,108.27997114097562,73.67266220465733,111.1572164528472
439.4465845898243,107.88513709988206,74.08171607265577,109.35724677868664
438.9027760309528,105.71322992326283,74.57865783639488,108.07090556857062
437.6074627738758,105.02624785144498,75.70400667873493,107.4128305467095
436.84795489730146,106.91520074288378,76.7385974533889,106.97607647815684
433.8714758639243,105.57519463783012,77.94532110318164,106.16925797689943
429.7970530031779,105.53548267404514,77.9910155032633,105.25753802219475
426.90303218424697,106.70147636552242,78.09164630967373,104.8377020951194
426.89975292538173,106.45316863190905,78.03786807367817,104.63925742841212
425.69632312986755,107.2190363549955,78.04494691443188,104.26395878319597
424.8587206553092,107.7249610696127,77.9291736702655,103.98589301628071
425.9391824483728,107.4562246041275,77.65137538931413,103.79333016539078
425.12419586371266,106.80746056075392,77.69854364034519,103.39529875048997
425.44382128843125,104.52497383732448,77.58319848539269,103.31205308876733
424.8928010057365,103.25440289063087,77.3596406916743,103.06735208664674
424.1273562245091,102.28419589872186,77.3713907258545,103.05317992220274
424.0513008438277,101.29899514726581,77.18781435652778,103.23996965067025
424.24037667968565,101.29617655867106,77.00551088155669,103.54305075419413
426.00578143676046,101.11893786862535,76.63701029875784,103.79530689865267
427.6541355770803,98.85966213753727,77.97177794356361,104.37298998314327
428.47038082639034,98.81595895782982,78.66759984194672,105.6591296723311
428.6998288886436,94.83921585415729,80.15517540857181,106.97122698654876
426.93574284938666,95.73449481414619,81.34675409757459,109.88948654856556
423.53866458432447,92.23035723643707,82.60935449824339,113.0148967518964
420.1579974478201,91.71027513606522,82.88678536320162,117.79003056857638
416.17215303947154,92.26011510800643,83.23382322469855,121.20027885116492
415.91758613840756,98.26828869281799,83.90020781861465,122.09079870882451
416.05243359494483,100.2697134240704,83.93360386532746,124.69198986903086
415.96733867694866,104.07744461134958,84.35049719193465,127.83080567745591
418.0669414862973,111.90953238013391,84.68711873311901,130.55789410167924
421.27494399870056,116.17599612265509,85.17545063763372,133.28802146435416
423.7597644667776,124.43411502311902,86.31631957391615,134.31471617380228
424.89159570072337,133.0313009997134,87.42786953697866,135.69695478579905
425.36741043162067,140.96214412590308,88.17013589198703,137.359701669406
425.53204854982044,149.38158119066054,88.67831474944812,138.3315346321763
426.3197784412487,153.69110287731792,88.93298315949319,139.65767310548017
426.13628760920915,156.3324514507601,88.72250238880366,140.70093993259485
426.0665567628198,158.26270419880183,88.44823784118584,141.04066741914687
425.55716561174603,157.2470087802417,88.0667698276671,140.67174273311952
425.8769968301827,156.16368606026458,87.67179423275854,140.25732442566775
424.85445611700396,155.75248086023487,87.30570779908489,139.82867958509613
424.9871541745323,154.55692378956508,87.11693303765448,139.6681284203444
426.90446038563994,152.60318443908272,87.17365562596777,139.68089586528183
429.75846931042247,149.57105389607074,87.52687511160775,139.18127936875575
433.3034581198968,150.56319656111305,86.69608805204632,139.49495265111315
434.96526631429185,146.28837998093002,87.24956974675223,137.14926968751686
440.6876546315321,141.319686638059,86.16559385537482,137.47492675137167
443.77417658398076,137.0984646557417,85.19515758216083,137.2545661124296
443.26237590929304,133.47298427767169,84.81775616683444,135.30204710172396
440.704257846214,128.09563572637538,83.46878948461249,134.2654996974806
438.42808598289207,120.9591586591643,82.40720155537241,132.10915543102385
436.07642481979724,114.6160492445726,81.82000321353237,129.0658143618308
431.58739986581196,111.0028036123982,81.449881887372,126.21994081905069
428.7569293772532,103.92758769719865,80.44652289958486,124.52811419608065
426.1998266731785,101.08879659546265,80.26048349953717,123.33862810884219
423.47555260047716,96.57781121861726,79.69294745075644,121.98697024619997
419.9145579836502,96.60085999208735,79.92058758620486,119.77887967252639
417.39081747825554,98.44378791291672,79.87806033817454,116.2252370657691
412.62642968339173,98.52520050147756,81.13476122850031,113.85283647398981
411.300512426229,100.08798133184771,81.97992698443356,111.80210319955626
408.996781172353,100.92446889262642,82.70756747642314,110.1082546468825
407.7590569248596,101.50433215529164,83.37758067153669,108.91337922154983
407.6793885818056,102.164977682215,83.77878227730712,107.84133783463236
408.6685355564547,102.2226473191534,83.77887306120894,107.08452186998636
408.9798024534905,101.97248626534117,83.97778890455035,106.96000043980334
409.6124631828109,101.94137363409384,84.25927294689367,107.38712322164807
410.5626267645101,100.67874716834233,84.6113864744896,108.95357148615508
410.7634473321074,99.88271150829897,86.63905065431277,111.22218794936924
409.9351335205811,106.3408213359235,87.70253117834724,115.61045742986238
412.14950493995275,112.67329666069853,87.35949886511662,120.16994640128398
415.15236930897265,122.85612305532726,85.92209230877843,122.33958909847672
423.24071141336384,131.36986899509915,84.53454307924413,123.85442128509504
427.19440897421015,140.16902694427193,84.01221828149563,125.93627163125632
430.8775111283348,138.71584469890956,83.88300490189624,128.75787432359925
433.72849758537456,133.92941809474183,84.46317891851133,130.39436908009148
434.11220998199275,128.58939230561487,85.30233295217917,131.28793784737124
432.960363438735,121.68560191874002,86.06440745310815,132.08594468465856
431.6541955249055,117.66390989826186,86.05243517148364,133.10901880053552
431.0479758021718,115.49826543889878,85.89016226896688,134.0389870233846
430.6693662051275,117.66479690118256,86.12468174934834,134.56253868850823
432.27790004650825,128.73937654499096,86.35769112347171,135.6046979128543
433.6187366421254,134.8589525793867,86.69766896182418,135.91002998255155
432.779579678878,144.22022604975973,87.29947436628528,136.0390474491542
428.6310646507839,148.38580468888864,86.7232076848026,135.36213650115755
424.7791273521373,153.71910520939906,86.59919903853499,133.7062251955493
418.16577441214974,151.62528184032976,86.04740626891291,132.05290952371482
411.4666457031279,151.892950464551,85.72258114453722,132.26270060884085
403.58818927458844,154.0947690309491,85.5053462049853,132.09605917306618
395.8491720974429,159.52849906069218,85.38570428211575,131.09019712841157
388.8657773702568,168.12739181853587,85.12832400534771,130.3885816566695
383.9030339037847,175.60955120975842,84.39879690020592,129.02640997658034
382.3918305348819,177.89842968072645,84.39141895859886,129.26751594968334
381.7689210186008,176.6660211354283,85.2081215036579,129.16798100475717
384.6808735212113,176.51557091056702,86.08407993227479,129.4077747354031
390.410534730853,174.83080602842773,87.10287450212724,130.33598074251003
394.4456788726966,175.4985953780203,86.91691172274301,131.52496440218113
395.1838736240767,175.6673922214849,87.22862687334126,131.63739672075843
395.2761700042019,178.8600393298855,87.34470932642769,132.7734104492087
396.9997382562649,177.7822465800798,87.62926322910104,132.65548263171195
397.31756344457096,177.29703381650262,87.78764173070095,132.42650940283906
394.447402820561,174.81008879971216,86.94962864720836,131.64476560539586
389.3564494959291,170.64858742264585,85.92669940474858,130.44171874557583
385.60153718605096,165.55043614790316,85.44216596176068,128.64415055989275
382.42213850840164,167.77493999219695,84.59950486292726,127.74109995977562
381.55960828638814,169.82312043975466,83.83146227961048,127.49178186365617
380.39691787479217,171.09631046166726,83.54496232353608,127.58922997344122
