647.5,252.5,83,84
648.0094807138184,251.16261337795643,83.67526149945654,83.80578592223348
648.758138762724,247.20345927061237,84.12002566096862,83.95130990382839
647.9037090654789,244.89653837477417,84.80950043288505,84.07423401285706
648.6211722968454,242.58885843439637,85.70118763477902,83.73370133074646
648.778988308127,240.913003079332,85.87408508575886,83.37033893220215
650.0997944412085,239.81958742642968,86.17248026779244,83.20342215489214
650.713854552879,238.51080942919174,86.87693682000238,82.70803521533172
652.4467473907018,238.8673147933614,87.2595097754907,82.41131623050931
654.2026492643542,238.02251399352755,88.04406318303194,82.05227376432008
656.8915453896938,236.95799992796395,88.55597325245182,82.12755042678883
659.2117421668274,236.32016833076233,88.8287409759555,82.05476224523079
660.6624478660126,235.57850809036537,88.96551755823697,82.01616132976922
663.2296803814216,234.30802643717155,89.24691413401692,81.9677083706692
666.2530895135844,232.94500434720555,89.57123396554692,81.73372986268916
668.7817649068668,232.85017828068828,89.28362614468054,82.1268000419598
672.3636693664974,232.83416360263433,88.80586573310967,82.30726801565477
674.9905216050781,232.51576651554507,89.0047536288426,82.47560276247658
676.8287554499902,233.19733281444175,89.79376388243875,82.91848124542508
678.4001189283533,231.70993405900705,90.15108103314962,83.07095710292839
679.7183829949488,231.68775416697665,90.08570987856595,83.22588576802406
680.3984411942934,231.562873506249,90.18351331592113,83.3103343522529
680.9621476388439,230.8261394433374,90.25067978968923,83.46676644539937
681.8237294607947,231.02306116160645,90.2754849387031,83.59168148464173
683.2221730320248,230.6428831200428,90.1710178020412,83.58957113710498
685.2411029772718,231.9447516907326,90.1638633635126,83.78112971105742
686.1882563935498,232.61138298697327,90.41380692387045,84.32161089108281
686.8022854541176,233.8248962934743,90.71400533826471,84.87249026677395
687.7271140565789,235.69372936207014,91.12419005228752,85.03050217294778
687.9574372598769,236.366581028932,90.96404961163958,85.17274070037672
689.7054803819148,237.2092414850268,90.53412476168315,84.98441631013685
690.2163689750244,237.54684898176208,90.75365030411686,85.05818541510077
689.6784188811425,237.23735700263205,90.58595286519457,85.05548643144722
690.5776322097466,236.2760143352946,90.53441329580824,84.79783576758696
691.3455262090412,237.23155595450652,89.79528482642833,84.98384825708365
692.096746065657,237.77806386226905,89.7833483051445,85.32639231037115
692.5205014716694,240.16018498132007,90.18515800016938,85.1921101323887
693.1060389600898,241.7995010283659,90.81169473673808,84.85971464870964
693.4774574061107,242.40699322185964,90.7263603170967,85.12993555442395
695.2657905938871,240.8475610777111,90.21730754322866,85.08385137928103
696.1854053890518,239.78713314025725,90.10984834913185,85.01520143868274
697.3546602734476,237.38652937356218,90.15397107431305,84.93022666387587
695.5666436170604,232.43055498118704,89.1650496293968,84.860214198321
694.7842304775296,225.19944011156863,87.6333950620535,84.52497479845869
692.6985010405905,218.24583478007915,86.17101909706463,84.9320242904782
689.27002333063,212.14869392369604,84.96366253578444,85.16699833265116
685.4685334560369,205.60145341563225,84.3464121824315,85.348171205163
678.1891095941661,200.09812729050043,84.46615964067014,85.85768829307312
671.2823431358469,196.2149519876403,84.79679479882478,85.12161656602972
666.5254651214818,192.3493819912906,83.93808378653915,84.57275491840923
662.036488338137,187.39802527527672,83.29271677370008,84.73643941977295
656.7392717441468,181.8927258276635,83.7262956220808,85.2684101564301
651.1735224515022,179.2656181602851,84.32308236960142,84.78867678360633
645.088095454161,176.68031794877683,84.20783883773355,84.64267259236505
641.0430165842021,174.98555339644088,83.25630765858416,84.98762362162799
637.4875209466004,172.40249217887595,82.0761640994979,85.63495008965583
629.6987713264108,171.1165383623136,82.81088322665683,86.1430571494315
625.6689119161072,171.2853977642594,83.37673560363018,85.77896613821129
619.3357187418403,172.6428928753859,83.1997591439363,85.79934679036312
614.7268567251881,173.12773779821373,81.93532165532898,87.15759120984423
611.4591320226945,173.82800537429134,81.70611451658458,87.89209967875222
605.8451233259492,176.31442445401717,82.98275213407429,87.90134579359255
600.2965035672779,178.6903210509348,82.15140564525227,88.3421733539992
595.8704532378721,181.67187996935732,82.28465807560919,86.78798295779752
592.3232553126279,184.00036907491813,81.26888260804344,86.9871815998558
588.6634894203391,187.65337274288163,81.82136174216927,87.29622457978574
584.7180153661025,190.93634806411154,82.50132037539234,86.82167360697316
579.2168577114027,197.56534573493536,83.86570195371293,86.50610113214678
575.2465603749787,201.89922334663214,83.67474965237884,86.34629096948323
572.2489642591293,205.89527755285565,82.97445915321211,87.82346947567635
569.2314577849043,210.80437621757073,83.22789928290612,88.87548374750352
565.7910629942081,216.1324211618608,83.73666528183982,88.27452767850346
560.3991557084047,222.73779549358204,84.32325428276805,87.53229441117912
557.7255494322436,227.85106347526533,83.70021718222746,87.18248459832526
554.2321957450399,234.9400114148484,83.70973501577201,87.85770570829482
549.6488226995762,242.48517702050432,84.40402035993418,88.3841605000958
544.7799086391067,249.14910221931302,85.19849387424495,87.26117651178018
539.8772060603803,256.42008492051593,85.92618506532784,86.495562084411
537.2261235574375,264.5264865233927,85.90432825495989,87.10120217699728
532.2950218629102,271.9607669198338,86.99049156680505,88.01779286574349
527.1442198815056,281.2124213464692,87.72212349134513,88.69556387697452
524.3666471199617,289.32657806016573,88.16126502425949,87.9034610819058
521.439700837899,297.91814271492603,88.056112655066,87.28536663871823
516.8945231679761,305.10030214435966,88.28339273856398,88.32081184082503
513.201925974244,312.403136620435,88.91534511018979,90.49284331286862
507.83728792972073,324.5033930546962,89.98126441823032,89.57304257203197
503.0637831327407,336.4216443852077,90.25418324528368,88.01208312389949
497.2591180730832,345.0025346429203,90.21037997226469,87.51236048506124
492.37462046401106,353.7954422397198,90.4334262081702,87.81639400056855
486.79058994440567,362.6591129078875,91.90868577185609,85.98113678593734
478.96783010133674,367.8110708965405,95.11289362175127,82.41017292655121
473.45663134838367,374.2601392555391,97.29163840243771,77.9715727609832
469.5914300271198,371.4950387132289,98.99364348484568,76.31821395104195
465.9227363088147,364.8536325072033,99.10480125379243,76.87131578417458
459.6965225862844,357.5519116291465,98.26848663342335,78.67912231689962
457.11435132497667,346.6063142942143,96.27980114471681,81.0118567511682
452.07282488356344,336.62035827954367,95.00388815382497,81.70196946410329
448.2144676617062,329.36453576693157,94.04612597400428,80.96786978412734
445.89993334565173,320.6915128509652,94.53121124200801,81.30184591391166
439.7680959389051,309.56522591882623,94.51144546559644,83.60956122716416
437.02794688547255,300.45913959286435,93.5042510111213,84.76709024810644
435.4367613417225,293.2433311491695,91.99985928886795,84.32888844805724
428.8049543990903,285.241749407715,91.90636028961077,84.46125954205012
427.72998717140547,278.0661836540343,92.01902634478829,84.91099239065912
424.9385837544641,267.93655873418504,92.0439313193875,86.63285438245721
421.82588867462044,262.63109737102263,90.57811359333265,86.67030222474881
418.90224137978163,257.6492423175829,89.49618702975101,86.16789256539302
416.3475695737493,251.5499383784106,88.61190976931812,85.54050404481183
414.233630219574,246.64120015231634,88.84214858318316,85.59241843950517
411.090645222729,241.5781859550587,87.84774118887273,85.26863299124707
407.7822483704156,235.14301497992437,86.60818828629141,85.31677130534624
405.390506401591,232.13472275098914,86.2110234202296,84.33790145184588
402.71964579266097,227.25604510654577,87.33265806353515,83.6618604013161
399.34415843635253,223.00077925870443,88.11029846371305,84.70399591017018
396.9906467612665,220.00392427662052,87.63769391853002,85.13921369065267
394.3556571152409,215.1623301233907,87.91674551435312,84.45789146091852
391.41417229598204,213.4677358230848,88.72172128308931,83.5298279024116
387.8843455602056,210.3808275547567,90.71680098984115,83.09657208570476
384.7931586463666,206.57936034249968,91.37611115785131,83.80836700292517
383.0460965869791,204.54500506927042,90.6324728254543,84.03912517397166
381.18803426457714,201.72537859745057,90.64176005456306,82.82437945657009
378.5881030437867,200.67531905930952,91.31676020671522,82.7403144584504
376.1027326534297,199.8652897629283,91.69539083041633,83.63464436058854
374.12473591647205,198.08071789632112,91.25010533170587,84.35257821488139
372.2056922472822,198.42675582139188,90.5963155910756,84.18713658104849
370.0703589128321,197.87792319543675,90.93530491851455,83.37915229015022
367.9309317956071,198.55828410836745,91.81228484914689,83.34604679825034
365.6678351905174,198.68028012545957,91.79542300180057,84.58828621033224
363.5955485623424,198.7945503679599,91.1277003444543,85.24324242704891
362.0634517389629,200.72326943156227,90.34333151219415,84.9631513400206
360.88773134129025,203.1790754594157,90.50019127574012,84.72394977244237
358.7936086228418,204.38519238940387,90.14782878340722,85.71609981024744
357.2353980313493,207.43702368410575,89.5838913180921,86.95837018135394
356.22232006600063,210.1466417865692,88.94953623194375,87.02620453688235
355.5966578523421,212.38488497642717,88.8139601150942,86.38157798420802
354.06303401968535,216.41681729866832,88.67840989069833,86.13213403979898
353.5497154233339,217.97148848737035,89.60394913455191,86.90565017718069
351.72413619596904,220.1494239938453,89.11274594835153,87.16613458338975
351.87997311401347,224.9338758639708,89.19100471490667,86.95768635613919
350.57300769416315,229.1457623247407,90.02138588820253,85.2898719917283
349.2617770193325,233.52948405058635,90.94838524941478,84.55529978637492
348.4128477740101,238.14212425156546,91.71438186261813,84.38462391475113
345.54734178080486,242.44996244980825,92.04718236984164,84.48889342585838
344.9719470102991,249.2948724892289,92.77582702102158,83.81350720779588
340.4782923243554,253.26862380690878,95.11931324608899,83.25420151762654
339.0366285420161,258.02640610928324,96.23137578086028,83.30339807468181
336.6330948111513,265.08603147970473,97.95771590379894,83.6410641429209
334.64792460336486,271.9763083089075,99.76065643610166,83.15728248768912
332.48513795628236,277.3597099712408,101.52558128895188,82.48231895336677
335.4149498221782,280.4216278797862,101.06799613137906,83.7070973521269
339.05685681491286,284.41811989167076,99.9292760637563,85.29883393992998
340.5400813272224,287.29763230947987,99.08195765055694,85.51069724212918
339.4546363843259,293.01822683532356,100.11785243346748,84.45179807691636
344.6465810083688,297.69251891193807,99.99437540156825,83.87826599430505
341.8734923129232,301.4167237445051,100.72264784327132,84.39419081708604
340.7712365027247,304.3590446035537,101.11014405419863,84.66152902223716
338.84810121853417,308.20290933961036,101.60109869888893,84.59414132792524
339.4704762944719,312.16901258213073,100.57980776098557,85.8553571603894
336.64480786468795,308.0681811662685,99.85501642383716,86.89332370305135
334.7289237372574,306.3615035442336,98.90373747944896,88.15664285054832
335.3459931294508,311.60491307644963,98.42414003255232,89.78738417277398
336.0721460715639,309.773874807805,97.15411598519336,90.73038717605135
337.2248184489808,309.66893267314236,95.49163718618924,91.9218745313714
340.2543477131414,308.22903546823756,93.54165468096986,93.31733697573449
342.02659957449083,306.64919007104703,91.88690477678294,95.20009159667659
345.25363154891033,302.93942241581806,91.03797722244465,95.85586777093454
346.44086968903014,299.0789932680744,91.21222297093738,95.10017691786229
348.35619612833443,294.8137712063667,90.89355420220727,95.31943997285731
351.9783507220999,289.0336325012234,91.84530233431752,95.54457715487241
355.47363744450683,283.26080898987607,92.98706932071701,95.21578016969352
359.058159283224,277.9003594739086,94.1625738686855,94.54033310940426
363.6931643379593,272.7202372587497,96.56491464269878,93.37031745366255
367.06447609829775,267.93742882423464,98.69492314869422,91.72667147479234
367.8148786812407,263.64766543938845,100.2977881030475,90.71412098923561
370.29815893571123,257.74451878916267,100.719222837179,89.22831052229219
368.70600309333764,253.42200938235013,100.907886137832,88.12382047819021
368.4813815947043,250.3321179888624,100.33365408417234,87.14386090981901
365.6707549664682,246.70628255000838,98.73100749933602,87.28419269527242
362.5343768623721,242.91773161383827,97.74707415903583,87.27654629948519
361.0022343403596,241.46510030111875,96.62934044619428,87.17481277013903
358.09031802215367,242.01307537480983,94.80688373400395,86.59212745763772
355.7030827018179,242.92007857213596,93.25446009138084,86.54858941721064
353.3899047768352,244.55549104755494,92.05896421099953,86.17350640591732
353.0687160478266,247.30733056988177,90.39150218194084,85.94215144649927
351.94510194653384,251.46141360792498,89.01568041008493,85.51025947929958
352.13219699515554,255.5954429750504,87.9856701815396,85.02485884517692
351.2705502748041,260.2038205422789,86.95392083087589,85.30421271950895
349.69397224807636,264.75126691957865,85.73501324755158,86.22787751343242
347.8946761725792,270.62427497897323,85.0948063033921,86.05037717223117
346.8591847449535,276.51629046490524,84.57466057092076,85.71062396373387
346.21935565021147,282.60599879691785,83.81329216815017,85.46923086690838
345.39113517825376,289.0539138556882,82.53704797527058,85.55799795548333
344.6181649932089,294.76254606288876,81.04488238069962,86.12893086774243
343.3460154436159,300.6909524542215,79.84702807374236,86.47275018041384
342.64881156672305,307.85793987176675,77.85350829533209,86.36687421464703
343.1570354514584,313.3788639084521,75.6176474837929,86.41439877616399
343.77091584344595,318.1828094158676,72.92616602053467,86.75128238901863
337.01280227677194,322.98852822333237,71.79080948231284,87.00044333823703
340.6771679382629,328.132794121168,65.34801972436767,92.29206596151107
294.2883606669561,280.8093582335387,67.8903971453992,93.17287023188678
293.495710792757,276.3669776086095,71.31631610022606,93.62950419292689
294.3903072657086,274.4747638012449,75.08842247835845,93.75484653391347
267.06243538178586,293.38684183173893,74.62136732652614,94.79901475271043
261.33731453683777,289.81435452637703,77.29954385376365,97.63375433993579
249.86684142907274,277.6117330743266,77.64329158296562,97.92008550087257
243.25986735332057,258.0988588743791,79.26799298459201,97.06464264710542
236.76629017653335,240.3183129100899,86.06456172491576,93.09961534350614
229.43521546323635,223.4447260494959,90.47477233162446,88.9418475058562
221.39232800040398,204.85277637415896,92.16541423879556,87.77948297103202
217.3542248550144,182.23833568028954,91.34724282113967,88.9926516207338
212.2156189025901,161.13142512941877,91.64329170108593,88.47538980621557
210.66093797326434,148.01444004159634,92.99440010457539,86.26184258684088
208.65266768323707,133.49259303208714,93.50486768658305,85.77124057009269
210.21608882950056,109.22999238300785,93.40102658805633,88.16879065365166
213.679805494597,91.40418680444432,92.90318014522309,87.52661671556386
214.39498157168993,79.5704734423334,94.8328028521822,85.58117036239314
222.50605898073516,71.54152933971662,95.27389991092282,84.08696124707005
227.85819700065497,57.343290351883645,93.36508361839768,86.10684086458171
236.44099497428357,39.117721528775704,92.97035025048612,88.20561492437182
246.89036357002877,34.47366770239132,94.06780408377602,86.87436451439645
254.30301180110098,30.383786801434645,96.08032958208082,85.23807578682981
264.6904542645699,27.723226520176524,95.58856576415182,85.57926976319493
275.85060118622397,25.212418533373665,94.19458722846085,87.52635394320629
286.3827189214727,27.846678787844915,94.29898426528761,88.3762540351549
296.2103791270534,32.160302636192995,94.69391486120628,87.25520379100391
306.0655515903014,33.86531917814349,94.87327559266913,87.07870814263454
317.95826625164773,36.8171861139313,93.33640431441023,88.84419710278499
327.0676982915311,38.20170410442179,93.15399157436514,89.97197570653606
330.75761970290046,43.80962256173998,93.89379005564257,89.26393603311062
336.8210014716552,48.18969538231485,93.87553081348213,87.99868108181073
340.6322786493391,48.85071974734072,92.43367151502962,88.59990412700466
345.95399668195705,51.58762574992761,93.36850540828979,89.85461632989973
348.78222235780777,52.49819964717145,94.89022616809964,89.56546323584388
350.5215176418601,55.46850165485528,94.69049378480943,88.35794008442885
353.16313572157947,56.456063277920414,93.51020486047805,87.90950374511316
357.01872020302073,59.15725343428707,92.8219555524418,89.2639016725837
360.15661941908223,61.56430242770995,92.75971293315447,89.07388100583682
360.4832354337817,62.70882912728091,93.66850204003937,87.31103654386303
364.1866121398144,63.97732744868205,93.47221787388465,86.144595659537
367.17784641928506,63.761606793122866,91.88269651190379,86.33707807544891
368.48854862226625,64.1004793590823,91.72453702094992,87.21617550906656
369.6013989940534,66.35669762325651,94.14934515799088,86.07132010979221
369.43341041483075,68.36308243078523,93.93545420959417,84.84007467610077
371.23917895954503,67.88169913113248,93.85003539866892,84.74104830570256
370.02176140222787,66.91508083004834,92.89303553901435,85.53004274039803
370.1981496562021,66.86994699903978,93.59029164672762,85.78926498343739
367.670006484742,67.87869130872981,94.29840198714535,85.53951279899385
363.20748075506236,65.5065331726658,94.31772796737854,85.71441302497931
362.1305143638002,65.70305290739087,93.81469835518857,85.86271795974974
359.5709236750637,66.36995381177636,93.46511447387256,86.05068650906439
356.5661453544455,65.97555951620423,93.64606450957912,86.31282014148368
353.2871892614491,65.3119002829507,93.56625372651669,86.22700391389131
347.9604107749774,66.74873540283582,93.58955881499969,86.61568661754147
345.5879780198575,66.41653129994691,93.51349765897972,86.85395227976501
341.52024100305096,69.01632721241836,94.7767163672754,86.7538353617435
339.1451065697083,67.98285075043876,95.06098372334068,86.70566406008625
337.1346858145423,67.48600015296896,93.96108100530961,87.19008487143897
334.2431288139276,65.72743684519412,93.61003067319538,87.60760306566294
333.5564099708284,65.43393231148308,94.52365014521577,87.1442043657892
331.83399851611716,63.92771230451649,94.83741984533346,86.48072556220222
331.0900597158558,59.06162121276523,93.96384558161368,86.3644704364396
332.1623958891657,54.75369835807114,93.39643480210964,86.5969867543483
331.4786238940402,51.8144063562519,92.80453081243358,86.55433519661592
330.2807903463027,48.67510558450094,94.36770400665583,85.96489141007024
327.1841758814374,46.36815490948261,94.49721366377284,85.26107282373604
327.2414790046614,41.630113373509715,93.35887237093813,85.96344183013008
327.02692589179856,38.389159376086994,92.82391679999861,86.55224574859002
323.60696889062166,37.09219738688047,93.67791514149428,86.03564364210317
322.4142947061871,35.95225585668731,94.56932005752839,85.24458239325487
317.0772906621292,33.1411772994698,94.50627332081501,85.81440138436835
313.87233817496326,29.374780239584915,93.0522847862358,87.18881308836664
311.89701939814023,27.7662384844388,93.15526895090476,87.7923137491563
308.72855918436244,25.142737640885777,94.76247212382168,87.49497387208389
305.0362275803527,24.151041194472953,95.62260778209742,87.22949639213732
301.6270707318347,22.660905185067605,95.48620575037381,87.69082891586135
299.81098977905197,21.861895020190502,95.10696457213791,88.65515954405839
300.27897911025616,23.54702296516126,96.23889300468498,89.24126876260686
296.27727966575145,24.14432242110449,96.51051470253229,88.51636890567684
294.7535971312231,25.535651808679532,96.40150197923057,88.86939867384646
293.2276532217701,26.111485136552375,95.9420804128369,90.28632885800556
290.15931610884763,28.42947228095815,95.671528553019,90.99169081949918
286.6876872221121,31.41833389868168,95.79906767567219,91.23794467298035
284.9155930330177,33.83392952435298,95.26802021020265,90.73301494202349
283.51890781124786,39.289907752561334,95.17668820966576,91.67149564991342
283.3452714532067,43.31952277312675,95.7790053860447,92.1125040273617
281.9023674767942,48.81141278776886,96.22224146043641,91.76250543118294
281.04473007103087,51.67516922909072,95.60406881560323,91.2770651307841
280.1437870426479,57.44937747838889,95.04394487023293,91.34686419310084
280.3620086695341,63.126950577838585,94.94256230233366,91.26336449383524
278.7151720532167,70.4888184628316,95.92843381148816,91.51188633798495
277.2379279004188,77.02669691739287,95.997795049518,91.50410161208995
275.70958815496397,84.83477980576028,95.14309258051257,92.52515621804557
275.88585340019597,92.71804585415171,94.58804811216332,92.8046274629375
274.27200974231516,101.58500765610498,95.25504001815005,93.2564490982888
272.8883995727952,111.1017060110596,96.5249989521989,93.20889223212951
272.79923774237534,118.72766478865223,96.08345457295373,92.91623657117034
273.9994328082349,128.09046338440885,94.95573757126995,93.12860286537489
273.94152373796044,137.94768301549232,94.52828458745608,93.30990029754392
273.75697925620443,146.7020306110586,95.35378908498748,94.0002617317775
272.7993254432125,155.66406137564476,95.9406140831027,94.0138680492849
271.8951437336451,163.92247189776853,95.51563270891774,93.94877773318679
272.0776430194064,173.09104006771443,95.44491123915031,94.3407330375821
271.46389473011504,181.03512595745156,96.59559257764793,94.66067016008535
272.47122219175264,187.4702406194286,98.15308263957169,94.89050797480313
273.0191005108141,193.49547881724897,98.54011718682786,95.17333312335188
275.58072820351236,199.7041793284397,98.81262758283394,94.75676847334591
277.8143264286966,205.23418840844448,100.3509943915902,94.72591844230364
277.57851877833974,210.4885581274633,101.89298561164595,94.4710347095272
274.59676259619187,212.76025785346414,102.69385072862718,93.87538701800831
271.5868416906071,210.70701228183805,102.92134653912532,93.01582849008744
270.0591860488435,208.26111591802447,102.39257021240779,93.08953363989471
262.29079776044614,205.19831020954751,103.1809499157284,93.23191541970264
255.33484019222198,200.30399468622298,104.47507292266013,92.9787669482243
247.7117718077221,192.9321470365089,104.97604958881567,93.32363278750842
241.23304033239953,183.8441155284653,103.835678906038,94.18839552588564
233.3033995004177,173.9006474182632,103.5403833147526,95.31537729377521
225.84505809315579,168.10480634070922,104.26858765942782,94.54344822756971
216.39709813447396,162.2019874489687,105.59571714100042,93.32254906952238
210.17390529329344,153.583445832245,105.87616826067838,93.03439617320905
203.94052900891822,147.20681255810533,104.77889685787117,93.55980322441809
196.33191882857705,139.7656198118599,104.45945320945931,94.25102756120829
189.4207078016939,135.1004722355525,104.98092712022022,93.85746292683578
182.0429866953022,130.9799473817253,106.63036843273505,93.34812830374061
178.2748201021741,126.0171127170257,106.52064353641072,93.62614500710224
174.86704735871132,120.93268768458194,105.67086671956429,94.93122744808842
171.49572671645853,116.70906186829441,104.85126501929813,95.23612602280211
171.22860888696175,114.13476081130086,106.26430303739583,94.3765246303195
170.79140810232144,113.97310663901767,107.18838096165098,93.97266536853212
172.28619838076213,110.72201690562366,107.73633702586334,94.72293700985018
177.62941175513959,107.21334820776045,107.05386897919585,95.85400435934247
184.34998325826547,107.36801144043919,106.91857409458717,95.84279830323524
189.48284334373741,109.31521560892057,107.78489680846991,95.36661382415211
196.17889628208195,112.58431058402951,108.91354193123152,95.98616303637931
202.68904949539404,110.0445525665578,109.21866828201212,96.81800365246897
210.7186515572525,110.59011086602102,108.57873467373707,97.55528969197789
217.06082531459975,111.99327290846347,108.7465314003756,97.45495878259959
223.40192810321375,112.46348658737473,109.89582015450746,97.09918408705428
229.00753125906493,113.01279345051283,111.0900322388012,98.40870172178577
233.46748778506347,112.08689533279735,111.02710618631585,99.59130224560403
238.35822396194183,114.39155590546133,110.65894006882623,100.39297133846578
242.48546145700138,118.33922913247739,110.99961697995225,100.62969256479255
244.44349653159196,120.13931193264231,112.37808103716145,101.14733482960551
245.78168136244005,121.81168302962992,113.26410313343038,103.22859036970013
249.41946473712693,125.66263242810444,112.60635283226827,104.61467851885703
251.5200451599817,128.80133051022406,112.65037974595819,104.87684076526233
252.9172840459,131.97611360407686,113.27998186914108,104.70409008735288
255.58640063347997,134.60120965110238,114.67844827512735,105.64546303007553
258.7890489736651,136.21673742222936,115.09034701025396,107.50848984332083
262.49512538177754,140.00693146017807,114.86328902740308,108.51312564742828
266.1864613626858,143.68617547020807,115.22195388809627,108.59720449901135
270.0700332627851,150.0405623547294,116.23825163147683,109.71160806761523
275.7866988564592,155.65769572442122,117.01591516458757,111.40948453959626
284.58461381355943,160.63180688162532,117.2871659388637,112.64439725784187
294.7744873915451,166.91304973635636,117.65369563836111,113.00010441184415
308.12044088936807,174.5654275352735,118.5865120771634,113.3525772838585
326.0100403631076,180.43633991837424,120.03864018656913,114.029061729388
346.78965178316696,188.88772665138578,119.63124611231953,115.08684429363834
368.97667748523236,205.27578552327907,118.91848392327668,115.33797874711743
387.22546134436146,215.83959729081434,119.49149191912979,115.82548468287206
403.02580316835486,229.5668430389441,121.35493104335973,116.19993834652465
414.91435273207827,241.2903015397206,122.88446681886705,118.04476366980074
423.8593697040225,252.20892648252962,122.73238987571101,120.12408826233214
429.17267657261186,263.60695550518676,122.74737388633505,121.65550862583126
429.7952143424713,275.14615894871815,124.82075523481504,122.66511824877833
431.37457042531116,284.5375823208027,127.7977113468758,124.72135803720198
431.52594200610093,294.8346454053465,129.2009121273662,125.14350918134674
429.05826643769586,302.5395026747113,129.04538287019446,124.63555855863282
427.0501364959815,306.1866135014067,130.30174385263746,125.48762863803007
424.45308134842014,313.00076667369683,131.9167962158602,128.20892976110122
421.303511426945,315.0898986938923,132.9588297546417,130.8985222232433
420.99646537382364,325.7397076747782,133.54545204706073,133.0824228619354
421.4079029126167,338.1769454035988,133.47362642845513,133.52832284679897
421.6691636031288,352.05046731413296,134.49918763753413,129.94907802170232
420.390015110081,362.82119502363196,141.39391183539126,123.9290688307317
414.1723144923926,369.0951397312332,146.6276777100502,116.20125158960154
415.18478507010406,359.2128200022232,148.04127558279504,113.20371644129813
417.3466867160899,341.3606120557741,144.600999152491,116.46365906759495
415.36058477102563,320.6947890808691,142.08639283525258,121.37918258088149
416.81743888463797,301.3532069352277,141.39608543925047,123.34611838705683
415.5410658049864,286.48431380276327,141.32059244373798,125.99395981250811
415.8136141769504,274.90279913113864,139.70730166809443,128.64046579455135
416.1393958205786,258.45264340593303,139.27213174729408,130.55389217416172
413.9997812357761,246.66740495165874,139.31160242538306,131.05835765387735
408.3462514752342,234.31798884666978,140.66038233678663,131.70015060299104
403.7989258443258,221.25313436752907,142.46538315838728,130.05281907970502
403.0784767680549,207.0909334294825,142.1994081324471,129.69674190611556
399.4401027851204,193.02052226460864,141.56173453993597,130.105346447167
398.29581066016385,176.17511245546527,140.61156857050398,131.3580595285885
392.5790558362236,167.89402008139143,139.97000020782542,129.329435408328
387.64875887426433,157.0828644254164,140.16807944515946,127.35419728180148
387.78201588387367,145.94730424833648,138.1713731222833,126.35687738937926
384.07095081371915,136.62459162653926,136.9836352129708,126.14235924308119
381.37578846379074,125.9317571931874,137.34601010279954,126.73744163822725
380.2824438421566,118.10677565269788,139.67867764783125,124.47404603085181
377.623022384357,112.49696689137666,141.101670858688,122.50431151797179
376.8770340220874,106.60081330162718,141.1995099623014,122.32886242610843
374.07917014492136,102.41728441951271,140.26153391261727,122.90170975637741
368.9377640340956,98.60904930549438,142.1491797371741,122.64111623319337
366.1955132902488,95.07766005171241,143.9703878632039,121.5908395115703
362.14079219139273,94.71570521244067,143.57149876208797,120.8966308324554
354.7823440780742,91.9433756758051,142.72820001954778,122.12295580309592
350.05973668366266,90.9669651484049,141.53544293031905,124.45301593617964
342.17270198916464,90.37998722890558,142.6649848840124,125.48791507769045
335.4492586633528,91.11317766608569,143.0767858575354,125.7554109084999
332.7062846985585,93.68945207013168,141.50433744770763,127.15923092822774
328.8019284840456,92.17657357229099,140.151747310205,129.3602236125955
320.07594550955326,90.77361344417673,140.8798286766702,131.57911482896424
310.03350179097276,92.5228270710604,142.46927658441217,131.52637272343603
301.9817537238172,91.64791259286866,143.5960156691629,130.70363230954973
298.7661765621858,90.09848578568182,142.5128591556336,131.75308559433358
295.9203509266998,88.35718385519803,142.01967594631992,134.18936925533473
292.9830891023562,86.48173804220595,141.7373740525572,135.0062265337847
291.82620939878564,86.52612151250622,142.3832048832289,134.117514655955
289.57228824514533,86.30685006913598,143.56929035075734,133.63754227770755
288.1890540448329,84.37308215175321,143.62109929894382,134.3375289791723
287.12519331264815,82.96836966920442,144.12726495810702,137.00063088924097
287.59695632602916,82.74470893117721,144.77426408164405,136.96470580043027
289.47751956256036,85.53535587681127,145.50888422113047,135.47638847929156
288.153302821294,88.2185115374802,145.54085475772513,134.98469902608724
288.2004799987299,89.84368891774874,145.64435240344747,135.97068621882775
286.04461077235504,92.44437259015147,145.1420516258505,136.96257382168463
284.74134711840975,98.75491190176675,144.7295590915933,135.03808276101512
284.4103050533625,102.65383662791776,145.63591067047068,132.1068834132358
285.75021189517537,110.65460690616078,145.45049224288746,132.37710188995288
287.19830658316533,114.89082513432777,144.83674782082596,132.85439916774976
288.84823777585393,121.78695939746325,145.24476903186905,133.0420004840081
291.0834782312197,130.16279947396873,145.79820388880714,132.72843831195416
293.6860449809895,135.44631146257774,146.75583112382571,132.483182141743
296.6862375587474,141.3869392722706,146.6268072239557,133.56636400709846
299.4425051555478,147.3527141302109,146.86670485353602,133.27502921126182
301.93996631446,153.64446890822234,147.47007679382938,131.98249331856906
303.96667817165127,160.70979260511285,148.77321807807343,131.21252650492718
306.3135768425949,164.84522310464035,148.72528140818332,132.00684914539852
307.9704953044682,166.36460099658862,148.4312055699469,133.2153529783538
306.6734382173472,169.34337524411467,150.6089318583799,135.003392785914
306.31949186781526,174.58384165481968,153.07412100042941,136.6171760365865
307.70210207066384,177.0852013719358,157.28586697580522,138.40476650836013
314.51645422961286,178.2321504499309,159.21662520520943,140.5646652159258
318.62072124238233,183.8137750717499,159.13702031785405,141.8998500390603
325.03703559702865,187.38761731588147,160.57785867246523,142.21157764872802
328.35239149774793,191.88715952144497,161.28140828841555,142.22153883849214
330.07486508608406,194.46009188068052,162.26187185927148,142.53905588729398
331.127836569524,199.12685093347022,162.5003560011562,143.1177043771736
329.8643864138345,204.7264126152093,164.521070780919,142.4007053423087
329.5742900149684,211.32665572426242,165.60847496580857,143.21146294439288
327.1315066312894,214.35867867898486,166.78711252631848,142.82280727847828
327.8803354221652,219.05574840864273,165.5087167696515,142.97568491663574
332.6761392804208,220.57705114858302,162.09973243952342,143.30421061847204
340.3878899116716,224.1077290791937,157.6697500063675,144.1993118953122
349.28416166936375,227.6147397657423,152.3747984633343,147.05871505224428
355.5747446015402,229.84149411642025,148.2153855286689,149.04630265673558
359.98061741729475,236.6217496648221,144.96387730484406,151.29303872179713
367.4654404560577,240.4310652678176,142.36997223226206,153.8910394051494
371.3103002648078,242.82532240700266,139.81187874391227,155.48081959470525
373.680234311209,243.72206309374124,137.10639990854088,157.56281815782785
375.1973843767404,244.23847008034488,133.24434909464736,160.72689692296288
377.5117063846774,244.76929512772995,129.95259768360125,162.97209845363523
382.42603028757765,254.6951828625955,127.64777504641026,163.49592189137485
386.89104296626857,260.6751117564541,125.52902612488046,163.9023322616166
392.08362291184443,266.94131163017767,123.30959957113116,163.74591765973827
395.6132879308407,259.26095494101185,122.16756498907112,163.12964415299922
401.21351305007715,255.4117620820071,120.8998301665529,162.3166267872074
404.71136902612943,263.63002710747264,120.33020797808973,161.85442000898144
406.8124414975738,269.9808053009503,120.02360136527908,160.5848618748947
405.42397754507755,273.43063640102343,119.69878390322144,159.8635539380541
402.5917686747164,263.3603033046758,120.04226639461518,159.76982796461164
400.9198797494925,267.6580141003282,120.16107175856685,159.35992463807736
399.30726035175695,271.29245948991155,119.9449863200292,158.90206949199782
403.10350350526943,276.19565559238833,119.46312337268444,157.85697737401932
403.954538823048,281.0721634844566,119.10798359860041,156.82586920554445
404.5302541284206,286.05478073629126,118.44280055717773,155.90626229586928
402.8636366323319,278.9014400768032,117.93044972629599,155.85296780002605
401.70752564816064,283.8841255667211,116.96088477599847,155.29788086254868
399.5706026492721,276.332571436614,116.59348922333,155.1480622962858
395.9179684078319,280.1343805007384,116.11089349798897,154.483855331367
393.636835921474,274.0873177238904,115.03803664834759,154.75582970098105
390.90609471022856,277.92278247091343,114.29644080087998,154.43766338289933
390.9463326289262,270.94008058242014,114.08106166665642,154.27424101852847
391.60716334849997,274.78894033035795,113.75042895360978,153.7075377770779
390.2855664117103,269.2667973411047,113.87628121341959,153.75110754617288
390.7409224002939,274.2118060538825,113.89465323922397,152.0540432303584
389.696033706593,267.87119133624674,114.27335436701276,151.19016577781264
388.65903196453036,264.5210101728022,116.65055562244888,148.20213451186714
389.1731293289287,260.74799510156623,116.92752225057811,148.53335571345167
390.31282311434995,254.4694951042111,117.07839200013967,148.4389694471756
390.01903151498095,255.18832362282367,116.731885061396,149.91663376004811
390.4550091406972,244.74520561093294,117.2688491443752,151.61558340687642
387.1718802936147,236.94292700014705,118.3431143649378,153.57932012521334
383.9926917842082,228.31522320029887,119.07763436241905,155.07860990416995
379.0308123555395,219.49524211079438,119.80278100662169,156.21765655583522
374.4321849650565,213.20579315348584,120.87699177361075,156.14109792748357
372.0655162828428,205.86864968193206,121.91148971199745,155.26343060118194
370.02678106273834,196.91278689006302,123.40139616065974,153.8245111196124
372.79258537454706,189.32532826737113,123.25837501186528,152.05988750195905
376.18004182044655,184.24090387208912,122.60967805481971,149.989746462506
379.4966569179032,177.13342761860434,121.96721009364056,149.09724276220015
381.1588231257605,169.7329095013203,121.21238646889584,148.10850314837955
381.8894154221452,162.36034474972246,121.19743693681826,148.07023020864312
376.92513106661914,155.4697041529107,126.95107936689499,143.55406610502544
372.93764620335185,150.60518721019616,132.17292294902035,140.4958046489628
