511.5,491.5,71,71
513.4175851239639,492.255696672785,71.0890207501495,70.6237721073872
516.1566974886484,496.7262992596835,71.156494186674,69.69213324065804
521.9124199031983,497.20717445938794,70.59097697750857,69.34356139244616
529.8383916577927,496.8187263179966,69.57937217528985,69.57454052187035
537.9701123780244,495.961399791428,68.6881374227538,69.87188786707607
545.7843531612243,497.2543968524096,69.0431458465882,69.3222935864215
550.139348225684,498.77808586374266,68.97797211628958,69.13169823854483
553.8805022395643,499.9065939082524,67.99048086861913,70.2358948799331
552.8442208679686,501.37998966615436,67.12773038701812,70.56835541643626
553.039897025809,506.83447086361446,67.87806987526957,70.26915044491699
552.7541358632712,510.2381236953121,68.70320126158626,70.16632447588812
553.8529608999526,513.8793816676731,68.70993265413532,71.7722915786515
552.8993546079772,516.6074027593303,69.26143866555338,72.44639017673965
549.9286667531399,518.6621762017221,69.79047516471782,72.38749198122613
546.1167032165341,516.7265815800218,69.6692821894065,72.36021249179274
544.1227779977239,504.7914281382671,68.95492315437048,74.19961651275335
543.8021555717648,488.58896923819583,68.56206783138484,75.26843850295936
544.794246448166,466.20828213819766,68.83271167062374,75.89281548005528
546.5344379073576,451.89821791862835,69.60746095057405,77.54588383008267
546.9977179141797,437.395606047302,70.81391513904772,80.43348901194433
547.2163554824303,428.0669532372517,72.3789858029462,82.26828868111721
546.9640532261143,423.2977003240635,74.00168094515615,82.94445167302086
545.0330650544971,423.198177257917,74.49962645037762,83.30257154555788
545.5497597466672,424.21730567996957,75.23859023833977,83.06025879611059
548.0508630357247,423.9017835066483,75.91456721582787,83.36812517925785
550.7968094140757,421.8495988075543,76.40411977162573,83.12385985759727
559.7476034512508,419.19427336508966,76.57924144459008,82.09860519061608
573.3155626778962,416.28657406578526,76.13956437008343,81.03376191834484
588.9793138974012,413.9146116390174,75.41389145988205,80.63962381793164
601.2027623154902,412.1128414082083,75.37679229216108,80.06598494300198
610.3195260714606,410.3901728434723,75.66023064630915,78.6465993437446
613.5005392476088,410.7404727449055,74.31518255786779,78.59532437522498
618.556552499327,408.8763391777433,73.26470810216064,78.34777835914346
623.8433628634097,407.61026264661734,72.39538157870747,78.11220952999223
628.3598043335271,408.1623449707711,71.96368252976899,78.46871511445767
631.3173395412307,408.03521358688494,71.43859243052377,78.27010074814515
634.4433402352911,408.0901734770227,71.08266772163273,78.22293878776061
637.9967157200807,406.97207976413085,70.7360543100369,78.30425141190861
638.8484876905239,407.80543313645416,69.66545280727603,78.04105344964879
640.4033043764939,408.5039747438943,69.34863202116685,77.734906418698
639.9313584858777,410.0813797455888,68.8551771055457,77.4441410815992
640.0603882330809,415.11215433867636,68.04923922654918,77.24975555356613
640.5830432989109,421.2877854304695,67.3606320782686,76.80900057212834
639.7724881140555,428.2796532419977,66.88800556100112,76.26623060153771
637.3603322602098,434.31228800129344,66.69215993150378,76.09535595751902
634.5119474203315,435.98975042930334,66.59043384175976,75.97740629452286
634.0562469041039,436.93002896238687,66.79454237705671,75.8889335646367
632.3977486627803,438.36633471183137,66.70222494254398,75.7052301658758
634.4797282270232,438.0162895418331,66.88799058365052,75.30982063271111
636.4287860642729,434.95619561132025,66.96689946435727,74.85702236779076
636.9352285486477,429.0640741329457,66.43273018359777,74.66895144361943
636.9728116447445,423.64321542257056,66.49377076730792,74.04124747765096
626.8901564739751,423.68508108020995,66.88443625716228,73.10696497438009
610.0772985766469,424.95690024952137,66.03645438946515,72.84324435273714
601.8738574601548,426.0157554010994,67.01421941969059,73.56357821614611
594.8459876874599,433.56133837211974,67.66127041985334,73.94006364129288
594.78318169138,444.6712538272187,66.41426266389749,74.33085132240353
598.6789024855896,456.75426629697654,65.76796506122679,77.23341654707251
605.397747229344,470.60009307793194,64.72182849882782,81.73801008599172
614.5690021986767,480.12622192353444,64.21419557432253,82.10935735999668
629.722642117402,479.239176016755,64.16176421709649,82.00524768887541
644.0953479866181,476.6667860204712,64.03406068484111,82.03505938157728
656.8475841082147,467.8276487461083,64.94360897997791,80.80215724878448
665.2751205002478,454.33782487592003,66.85562222496458,80.0863761408945
666.1280577888522,442.87729960208185,67.45987895917239,77.86742348422509
669.7048289103383,433.97393035745273,68.36744435169815,74.82367331076368
671.5614685265717,432.7995275456185,69.13161215215982,73.02194716563321
674.6582599581145,429.78383041581395,70.79434537870429,71.321774519267
678.3638380532472,425.1419525301168,73.2369270195547,70.90214016920146
684.1148452837342,420.7950156578128,73.77707831480616,70.60815514153148
681.4950076059786,419.63225046768935,73.8841767278737,70.73828909843857
680.290250796735,416.89270042637895,71.78897871840068,70.39814765731674
673.8644423760489,415.6288785510586,70.57597363441872,69.7726732744124
665.3905484484193,412.4316875926605,70.24842999248553,69.58453470628439
658.6023789383438,408.3205801461695,69.59114932269509,69.74666811733279
654.6281266771448,398.66785608509826,69.94064242388953,70.36676963608171
649.5428687258475,388.6686922964912,71.02213759741933,70.81809823563468
644.6655937420287,377.41771444531565,71.98690694829664,71.48637855346428
637.97044686353,368.4834273716364,72.50634728122158,71.93122566530026
630.8464673582029,366.14961541470626,72.23329589301125,70.98029880172535
624.2628238087646,368.3909930061075,72.4105364907281,70.7136619546467
621.3085595891359,376.1721355673097,72.33669741442154,70.35025130581418
619.3504019496107,387.86907951440287,72.19591811949732,69.33241817542168
619.7899451447264,408.58093595924896,72.60180093989052,68.79943709725292
626.1567421099282,426.8396240062398,72.77689078634242,69.17861785751934
637.0902931639654,436.8270563846552,73.10638482389808,69.96394787913101
647.7379010503034,437.88046049179746,71.88868560700803,72.09145982857316
654.6664780038448,436.68418740863194,71.47301710489376,75.30456376801743
657.6556314672702,438.7798292301858,71.62424871411454,76.7580874636244
655.5116701175058,437.0262749710467,70.12608914588213,78.0754221839137
649.7811534610518,438.346396145393,68.5059848016246,77.3153984602898
646.0852850585941,431.1629768620679,68.44083626871044,79.71574628139551
643.3333243771492,423.2998025066556,70.56717913466719,84.16862315994462
637.0781043054803,416.46926027657537,73.82176181035356,88.38081407304708
629.0348625233652,403.6094570864543,76.07089834394424,93.85113952372379
616.745135591627,390.79213225416214,78.74394008278685,96.55289543525637
599.4167885974202,384.22544206706397,82.0654480665616,96.44936212842245
568.5242393459557,390.3081916093105,86.50658676114114,93.27221009745723
538.7136184774052,393.0489486023067,90.478773017285,89.18891712739489
522.1570783297241,386.234926194029,88.46053235927826,88.5333392022511
519.6159628794148,358.6405320465065,91.4382479457944,87.42470318088985
516.3433677978973,327.80793179567706,92.23107633438518,88.9904545248339
517.4959576942173,300.09211583484444,91.49992801395106,87.8969704797023
521.3857035714198,274.42998052308235,90.02662818078042,87.80329524141001
521.4287304820692,246.2903152361693,89.71415407616391,89.54607720073417
522.7515323157191,216.42492523986203,90.74219566681381,91.42170124852453
528.9616312144142,201.2087289294148,89.856051671914,89.01496346780765
539.002443478791,192.5738606993305,88.04025813681277,85.43140555541767
545.7047523336075,178.20873603817296,88.37501935631789,84.22272245890954
557.1149071985113,157.20097573883538,90.29173965580712,82.70636363253585
567.8037014204757,142.3212769236246,89.4015951358286,80.66250999647792
578.306904387988,127.20440360428458,87.11696807043286,80.0437271094011
585.5058920501832,100.82698591053648,85.12501291053218,83.39656206965122
588.0050102416645,87.81193216973602,87.29925091187746,84.47850175034883
588.1254907629168,79.3533357794922,87.42936394984004,84.3876932033218
586.8898126591197,75.71719468053738,85.25825742702656,86.03332220680397
582.4060341657788,74.18376632967835,83.55164010493155,88.6037139705967
575.9832500542113,91.40400883257318,84.45959579449706,86.98481557369374
567.9980209616284,132.28736215206493,84.40043094804676,84.26725749428054
564.6668660166634,182.2305048722066,82.35024312679504,83.66038336991514
556.0675748498834,233.6263510737761,81.22315140334821,82.3918843261512
556.8294297802636,290.5184039699176,81.28854643341124,79.66779135125104
554.7444254538567,328.1797394860169,80.89667020615906,78.97592628829065
552.2484225105858,355.0647904488151,79.49319069154748,79.34152458852444
549.0035327743163,369.2875132267617,77.93760578420341,78.54495713016532
544.2718820871844,376.6676066890176,78.91749918422418,77.15452690426197
539.0580975344212,374.30124480831716,80.41789562892289,78.32693434142875
538.4320008728305,376.06213480789484,79.22220010093851,78.79079129181264
537.5718159150447,384.9427434760309,77.69103555453519,77.4968781852768
537.0489042558454,399.24577788697917,77.6881057305768,76.0875638189467
534.0634227332407,420.1419875117064,78.7232157713306,75.39699698648435
533.4324557991687,436.32418727303,77.95891048275158,74.89601604293875
532.2260570018382,451.6239681058329,77.07601611040216,75.25010580555565
533.7380787942749,463.1026507593905,77.71543802540664,75.80860582436817
537.8981074210259,466.12196745015655,78.82102469280306,76.26960098668988
543.8160775746993,463.0428377792529,77.89816650825897,76.23738581830423
554.6066674497322,455.1002562608247,75.68145437904298,77.04274348101514
567.3547065188789,446.42026965717395,75.09485538198497,77.67338662545045
579.8271427329005,443.59043270196554,76.27628567305787,76.70873335309753
589.9399414017444,440.5791017988608,75.6492200583925,75.12938538605258
595.815329132751,438.03346241755867,74.28336662396723,74.67652428659633
600.8306413810536,430.3189326314383,74.2241690911681,75.09087438618077
603.9433276521581,422.01689899839465,75.62558373462802,74.92984498783942
605.2123737688905,407.1829140525875,75.16914461929663,74.0040553427106
609.3358120425412,383.61655611181067,73.44823280893377,73.6330557091275
611.0677948997579,358.2274030916711,72.93295679367336,75.11110692762932
610.1495642618189,342.8596124217536,73.42010016126447,73.77547168421238
612.180681210276,333.08924419606365,74.85440919495316,72.65657449911757
612.1250999060924,331.43698285392725,73.66280142711513,72.6087550546367
611.2755257870316,337.5642549629169,73.52962933270932,73.15092466569794
604.7921155126719,348.397408451398,74.94491427504462,71.4303192878568
597.5138818296501,361.32706172755854,76.01595569199146,69.95128655450543
590.2593469241635,377.9232084290635,75.72364820651681,71.45810890466936
581.3031776281414,390.66135409601253,75.10169076279453,71.29215845211901
571.573011471278,396.92548438058736,76.58061781834252,71.3618049493146
563.3807550697115,392.14979564894725,77.94471436170987,72.4214946379366
560.9923256503611,378.5229414232199,76.73035987872507,75.25756431070477
560.7917491429247,363.34337116458977,75.35406066314428,76.54526889962028
559.4838385982486,347.2462229324083,75.08729837275108,75.87902688131729
559.2216236660912,325.1340444323644,76.52788661519001,74.5708101814538
558.2572758158822,307.90089668908075,76.07165623490431,74.52776347441761
557.9072858078742,284.2687950438845,74.68542957634436,74.9929440902496
556.3656969443612,270.15420448515636,74.29179207967667,73.5472499483065
554.7797625998518,255.94567219722254,74.9100435296971,72.91531664514575
553.0394120192202,246.2486282799572,75.96462798601948,74.59652720611687
551.2499871864965,238.32986715116508,74.33337843119101,77.04492840809809
551.2561295626516,240.20715764923057,73.43675202171896,77.64737065110288
549.651626513391,253.41677500380442,74.88147982758434,77.25093257281452
551.8365221522075,268.52832852814123,76.81901200576188,76.17779653244172
554.7739404927183,276.74964478405394,76.35025175601452,76.60350355919049
556.8543552206393,277.2529292301368,75.67575996191584,75.87116765061401
558.916697554442,268.3191746005448,77.20227463513078,74.97464645325503
561.2495702536214,262.0102236007114,78.6534969148421,74.29760845810968
562.8951843167456,256.18270608679563,78.06371842123838,74.0049267729896
566.2337335429007,247.99492089214453,76.56081335119113,73.26863497967462
566.1667215325168,241.60749276540488,77.23156325067458,75.36958681420862
569.3227715350821,240.25121788119242,80.58830079284614,73.77917809416923
570.8727861915319,240.55145105358704,81.28684664283423,72.00186989433081
574.4952211976175,246.56819975521682,80.63731449839969,69.69073787040476
575.8021388493629,256.4769429617501,80.94644114521104,70.97579051983816
575.4407285482076,265.62325735233117,83.14489262692373,73.5295877488079
574.4217415697913,280.4226360949622,85.32020940928857,74.07713916247172
574.1039736044495,296.0621060027313,87.09407794533408,74.40557544556619
572.932219514738,311.04593841913515,88.17148226104078,75.68722396725069
571.3940221968272,318.80986702277244,89.70804084778251,76.83968177767632
572.0741638975047,323.1890208450901,90.34569417204393,76.56975742619285
574.8998661855215,321.2923034276102,91.02459517233481,77.17752999156042
582.8903700322323,317.7240469830045,91.06538656643771,77.85530789160558
596.7464615637101,312.85650489707984,91.12316772162168,79.69723172028465
606.0903547360181,303.662998854879,92.5017208698037,77.67670252966198
612.4602083602048,293.9412196694303,94.12549895773387,75.61935872465602
615.4525713390191,276.830542255708,93.49589556632847,77.06712346420996
617.7292258263908,261.1937207787452,92.53889529977585,79.64364384428305
618.041228489218,243.0452963973527,92.6058540172619,81.22420308680438
618.5272110075638,222.05378961672528,92.56001635474271,83.44940033336195
622.2403967709706,205.5925435510784,91.66514612111143,85.28750754644282
623.1281349494835,191.26124509077636,91.6656828999955,86.98352121509377
625.0851862737627,174.35766262203612,91.65347529767132,88.81566097557234
627.2341569865541,154.3401943803977,92.23226669832131,90.43030937291164
626.5453051834808,134.57085301821266,91.64222202012823,91.07909570445946
628.2401388429482,116.0552627025356,90.75417880855403,91.56313430700499
629.9191685344139,97.42810989588585,91.41507465633572,92.61807239711112
629.3548282440314,79.39984459694651,91.84800726556597,93.15154696471636
632.9059253588697,55.150248051581784,93.4182631015021,92.84544601858059
636.6480531052209,36.991172431571684,95.87462230911702,89.98342529204805
643.3136189003338,28.109798620380225,95.69475395589072,87.13431645385968
650.2580550459818,28.549594023370375,94.12050645097189,84.75256724448278
650.8303626232018,25.991059286125015,93.39692846384234,82.8391510889381
642.9843113929486,39.34753918308802,92.70446557095538,82.48449627242908
646.9763532310099,43.03674533141104,92.66781488967544,82.47616492365901
645.2667346733784,40.52688311260192,92.6713534766483,82.47000377930704
646.7095769992025,37.0469965343211,92.66844675430643,82.47049930601638
647.4623856957894,32.80721415243167,92.65898045080071,82.47193945126497
648.1627369272549,27.918853544146963,92.65130946579805,82.4727302631713
648.6221281108348,23.701119537603844,92.64273663519056,82.47404758045676
649.1392966076778,20.165529866823874,92.63657356499704,82.47545467851694
649.2148791545136,16.975436749699988,92.63155841956475,82.47700598310773
648.0275864045246,16.82807081951765,92.6304074445517,82.47722947569554
726.5040032622173,-1.6878531679972895,95.77713732779918,77.7683891267508
736.9129488126698,25.03621423532246,98.76056725655728,71.9868802966738
727.9322188739145,27.772933077454013,97.97604782498581,70.30674824786297
723.5799169629913,26.667248106902868,101.14844320414433,67.20280580340618
716.2604873375182,16.51747628887363,104.35924573817175,65.06522518714532
711.070857479129,16.411115919600235,104.82038220971071,63.81470756719449
701.3392023530714,14.289593024727537,104.56881437955059,64.42044428253803
695.3811592263245,24.66376197282119,104.07248226756595,64.0656191121808
680.0121260149715,22.469356026553292,102.28861418099457,63.99335760612651
678.1223500262113,44.789780798080685,101.87976636679745,63.00546216463422
678.4521869800833,57.647408589527686,101.0815956577962,62.19541898408398
672.2752586798925,102.17192544802977,99.92831877429104,62.522094800771214
664.2726888277216,116.07618267797582,98.50213256615729,62.73856851531757
675.8781639707133,108.01537828010433,96.88203311025197,63.232197078821805
667.9331106135829,100.9901108762118,95.49616173613391,63.623759146433514
681.1624896240643,83.2881425191949,90.40075553707055,67.05257150133644
681.9890650837926,85.35926414904482,86.01887918426426,69.21553024893032
683.0195137377812,77.34478580391293,82.57640974894493,70.83183015513649
683.770781794553,70.47095837276333,80.41815077887958,71.13196190037024
685.5726906253229,54.25241554010255,78.47051481041692,71.932036991351
685.2281868965522,57.370125556493036,77.0736119476764,71.0596998443122
683.854605110326,51.228154096719884,76.10468484096009,70.35923438525744
679.6987444944263,46.510904843896526,75.35369435706129,70.54605890256187
681.4366819770597,39.22010071456926,73.51992175251975,71.55042144893612
673.151094034524,31.935193519799,72.65800552028162,72.02065030533456
664.0343607609221,24.54020770347909,72.01513501609384,70.7921149341902
655.9193194281986,-0.11546617647411495,71.38038194240518,69.61869478027825
681.2238099733381,1.6250166171927987,70.6202701758567,69.08445718404855
688.2840961407251,-3.8975725284878777,73.92999187794798,66.03214611841527
682.3544094810185,-3.641456297270814,75.32807674521277,62.25139401601227
695.3805187241244,39.15351434165993,73.22589144686705,63.31501719127579
688.4592561682305,51.10821321761222,71.44874855175789,62.652951058633896
682.3171632312348,44.97565211383767,69.17823262063453,62.1558195048915
690.9163891445156,28.7829886065526,68.18857634155833,61.783185246268275
683.2725137621865,21.386115786473518,66.65516392872628,61.872164612927904
634.243739178706,14.583793722334573,64.72062477781614,61.1831953073679
624.484560918755,8.649057493918605,63.820737889515044,60.679672387612925
618.2129693481887,2.3581739612006842,62.009080752022044,60.56610978691107
626.0146363730009,3.3866800829652774,60.7562019865162,60.074959483765795
641.1904872122961,-3.4538422315054085,63.0567525051915,56.76461006973842
646.1015982650049,-6.817225695515926,68.10306258056013,51.35679543190252
637.5596937047214,-4.365195888071007,69.0865146454629,49.37706319051732
642.6576337049705,5.057282344087021,69.59435092304113,48.5964168000538
634.323642839343,22.06857242630415,69.24961254626372,47.98067409899845
631.5272577262713,37.98670781518663,66.20465503498043,49.347295624700294
621.1971926070198,47.927493813765764,64.56783397953822,49.839758509133816
608.1352292453325,64.60245762527713,65.81068198281989,48.4666031944607
632.3629016990353,73.2979915383292,65.5060481349846,47.050489973459094
656.1009751299695,86.92197084413098,65.70733428703235,45.423796773232475
708.2411641730137,41.80590682322832,63.433685326920624,49.462367075779994
704.2859586534801,42.82459280042085,62.3970186148281,51.1758944362753
694.2131054423045,44.74351728419596,60.99801678522617,53.24035393277537
689.085230044896,40.594398176279675,60.38092765236968,53.65240268785355
706.6556625367926,29.47890593544096,63.876758530392806,49.868305763891335
698.7200671366357,24.604426369574877,65.36422225703724,47.139180331414515
675.9497336163502,26.84195977958896,65.75860328686622,45.62738083774133
651.4127523859303,28.228738773663856,66.24789854189554,44.230068229039475
614.9101877682496,29.942362277772073,67.19333539444435,42.48558467812132
577.4060989578679,25.236863639029465,68.12278529303973,41.26257640903671
563.1700879055637,25.836435594350206,67.75151897601714,40.831778688847805
538.1783972162716,-0.08648624324449372,66.94053161070498,40.450998828880955
525.6267776445472,0.7368557836266767,66.56806656103834,40.32233981576514
568.71622217664,47.213046206686215,62.042864020290324,43.03351030021246
537.3213319434367,53.884201171361966,59.18844893005647,44.55453407294837
498.78683808327196,66.94794285522002,56.47885693847187,45.938592071809396
452.54598488454906,74.72112618995644,55.29581419040981,46.616209166985
406.2634705447807,81.49431361653552,54.732005284497326,47.24371584458858
360.45889178108274,82.60116790375967,53.56062997497922,47.71342411355456
322.8036923269661,82.14385264970889,52.361896497958554,48.245365354259214
303.1128050782937,83.27630480810224,51.88936954266662,48.167624628857396
272.38328071744087,78.05496599037949,50.87050536154026,48.26283007344596
243.0985165541991,71.21689839903065,50.07605053372693,48.32738059275252
211.34363488066467,65.08924960960644,50.212992072934476,48.17956862112488
197.96155840397893,59.08374234515214,50.18241197882059,48.109650532845976
206.451822114169,46.04973122085144,49.255978873015636,48.07250920722861
193.7490869196111,40.725911069866186,48.62968618534919,47.503089420087804
199.77971574778593,34.087189717519486,47.3374619610064,47.497190717005324
212.23166290150135,27.323175425695574,46.29355109778944,47.318558076287914
224.0009724445366,19.689576689297787,44.97010191833514,47.84414120734765
229.1755345548662,11.647817101739943,44.375047979658376,47.57297936744869
231.94504270695063,3.7941856375609575,44.15641331687745,47.3382628875425
234.1135016653446,-1.064589813518026,44.05496569504194,46.767903328274684
235.95971075417572,-4.325063892525154,46.196724057754395,44.39742349251453
265.3722826120576,2.075189107773909,45.38151381367035,44.48190532303212
271.57775225789175,-1.4277245577379034,46.55093779562261,42.691299205264244
258.9258219377866,-0.6584726174048718,47.01039612260043,41.9923821785792
252.33400493132075,-3.295431870531619,48.19102987613282,40.32212401094353
247.5315582769773,-2.5755052178107647,48.32393927521276,39.83950610141018
251.40218262043442,-6.543026999759913,49.0476077712209,39.03258913979578
254.83732154493413,-5.8322285966273455,49.48318185856183,38.54400440180228
284.5522424992437,-0.24307590571136828,49.45662211547007,37.544824805797965
278.4997581617446,1.0322430738074964,49.39202272863958,36.606943099049055
282.58430278118635,-2.9530919962904036,49.90376349158711,36.02206647868577
293.7543161104821,-1.472179186652852,49.73138514842535,35.83438169421902
320.95363856263776,24.28800788284302,47.494025644504624,37.15205458281517
313.43120433470114,52.28709356160679,47.53743879337102,36.48871827777786
306.3297116432143,53.03595061305954,47.731742879042464,35.748492485209425
301.8704582118387,49.30917013378205,48.365702889681906,34.62460841355201
270.69220428514643,45.503846157829855,48.92909321987302,33.83074396006089
265.70280717549906,47.39961113127372,48.79397581044462,32.93566119487481
257.2209415839305,36.774351138611735,48.886695259572996,32.22699844094098
251.75940552210793,58.690709896273354,48.71849502909212,31.811952129231017
260.0956540133408,70.24478053391617,49.72386593603069,31.00892750738777
256.54524757846093,82.01555792222824,49.557539370975924,30.821185902150347
253.00776994692652,72.23373356704437,48.68176144923033,29.97776826730324
249.58914255279393,73.60859932648185,48.162156553505035,29.663793908615048
282.2496645295398,104.4402360912864,47.262453542396045,29.23740163510947
269.78445421636883,132.77592085382025,44.94029352603789,31.779784856623817
267.70612150365946,143.1024644043095,42.76906664798983,33.69725630361892
264.8597137176166,147.56864211335483,39.98708497123519,35.6035668477475
276.0757827315365,159.25057233934865,40.97577671634462,34.59191930164363
271.72667059728366,169.78783278120437,39.29889608067547,35.71088367794201
268.254354973075,175.07665529118447,37.771025574332015,35.98282800582113
273.76195271862764,180.34510994230033,36.60902718100512,36.85245194486142
270.2856424214677,186.47120991790146,35.77350223318025,37.46491034937202
274.0625458175327,190.15278010475495,35.76305996589155,37.74726634407324
278.5051044119322,195.00527038038,35.685838437492905,37.70020758389978
275.50389853717473,199.7588881806362,35.19477284249492,36.825047293140834
280.61562376745906,200.00429127264874,35.06187471194332,36.78146831892218
287.0145693726683,196.54025501130076,35.024982227416004,36.43154763940865
284.0690348489465,192.66405830309353,34.8736351791259,36.124903847266026
288.32705586223574,192.90286440735247,34.58670768501813,36.019986369506775
285.95400707176594,193.65194715383484,34.21997462707224,35.73468169921964
284.5895165184662,194.44324474112065,33.97689958323526,35.485540299100265
289.5990375188337,185.5652315476333,34.18155238383092,35.39026167814038
287.3010672639623,181.35494746093215,33.97809399449535,34.714893076335144
291.83348886320505,177.5129357757103,34.19680201213532,34.47644873819121
288.32688954000736,173.94746083222105,34.22637953807783,34.15869056776615
292.0143234309162,169.59724229719365,34.55740145810336,34.090429899173515
287.93855968270424,161.29281304084753,34.60279740087744,34.009799047241714
284.4867629537989,161.07903503921557,34.565552521743456,34.04189763373279
280.3128202433379,152.90334137810103,34.55352602402541,34.1669227275683
276.004389616858,148.78517232374745,34.4816923230667,34.15463126626814
243.91211620123119,150.76945792760603,34.53166426418364,34.457774269061275
243.51614448095003,148.27840082597538,34.25852026711623,34.35074567294508
273.6940495688458,135.76110580006522,34.30204023048489,34.47502688687477
250.13606144586097,132.2438346192258,36.02439312440371,32.68542583882463
263.9515989500595,124.75838709765983,37.023525177774175,31.26520187866066
260.6236320771138,128.91724633941402,36.56649953874741,31.727875088267552
265.5498037739162,112.2531515612086,37.003005975770016,30.9137840660651
258.0755996403622,125.24177938094198,36.583567753925394,31.20313380379559
263.17483187936267,113.06166566464444,37.11752133622727,30.33809764080963
267.95402260395997,117.28637548921108,37.37947146051902,30.009716428565977
264.3505831811798,121.34249062180805,36.89996705870384,30.547291232341752
273.2359444825067,113.47678952620123,37.087463984248295,30.278750644014398
264.91973080742855,116.68171031461141,36.90832402788604,30.398314184228948
268.62696876471995,121.13077691133452,36.496878890280705,30.56216409930324
266.5727142355551,125.61165824039382,35.71620776519983,30.735947171775454
263.92833014894677,129.8861753161653,35.405514382935486,31.026164538482018
260.0299875695429,133.95905255447434,35.3394914500074,31.044535504368806
260.3890464874959,133.9405233988026,35.329522093563185,31.046537507800373
260.89957172967866,133.76487661253296,35.322050620161015,31.046991405866873
267.1488266139241,133.09146380611676,35.372456714707255,30.938376259040453
267.6322436221316,132.93369727602763,35.377280868515435,30.927406936463445
264.0669739155081,145.56225678128766,35.22219863869611,31.014791328653367
260.2301547480931,149.28869412924917,35.17389884028625,31.03488425739467
260.55501418494543,148.47565205466267,35.18705132736046,31.012385828862225
265.32210031121673,152.12303525731642,35.22769768596288,30.92428398578008
268.44870064891376,155.9581298174277,35.313927819589814,30.7928407456845
268.77548314192103,155.47625566650936,35.32185679061795,30.778662733644097
268.1784425218404,160.00900132047707,35.35866628795845,30.709030571826794
271.93232571427177,160.7252348865233,35.507237164295724,30.471466455824746
298.5849124961502,162.27364915162968,36.3700094623553,29.00666197537087
301.4154189063462,167.60133470031815,37.519888270228684,27.766419585879678
297.20585401360427,169.99808354175696,38.07093934706385,27.11649041877968
302.0637255662293,171.6994971046958,38.3740274948655,25.938152266519523
294.093963409182,169.69452538092466,38.854548360473785,25.108863269298656
289.73375201946953,171.4051165516552,39.17232888983769,24.37856337221926
280.34791970577777,168.21235160748262,39.31827253943805,24.05733619193039
