39.5,167.5,328,317
55.07639716112055,183.00828688707205,328.80103258205577,320.3018885976821
72.87213108747153,194.36963034911696,324.34115843357745,321.30181214722506
106.24867208683787,198.17972831787782,319.281367145294,325.7927841174182
146.25501539988113,196.93548716424826,319.36330789957856,330.3282501435494
185.1706905701683,187.70215508365322,311.40266220988315,335.90822511864326
226.27267477166018,169.40754786769455,302.5480437824853,346.3355399839102
271.66957645202353,152.77819261365374,308.6287902874813,353.7130001105221
299.4451616329474,130.4854361936,311.3680709754382,361.0624709279245
314.7956008011197,90.81812317826586,319.9024373900702,363.89007791562403
322.54522202995594,51.774434087496644,330.09775975173363,355.85132694677185
325.3586348047907,-0.36124878548162087,338.6797793406139,342.78723584458385
326.26295111402,-17.816641790949774,340.6523321107204,324.3147020007838
318.90260399488477,-27.012445962556114,339.4542431611246,304.18412025000237
310.60757647658255,-27.694096870929172,336.7974109906978,286.5368610773686
284.96287084971846,-26.415237772486165,335.535064431926,272.9262358904313
280.9407858145267,-16.837043773765913,330.935690305227,263.7831573717506
256.1011007697539,-12.900283086452362,325.98218685961643,259.93290469676947
256.2038007898291,-19.169811844068732,320.04473258591497,252.3326036914944
249.92114616748938,-7.550828062305754,317.21885893111926,250.20996396305145
220.97631879658522,2.0828464771157655,314.4883049326932,250.07102331621525
219.55798507926266,-23.2370178643788,318.63506588941016,240.48175190765164
203.90525577799994,-19.181055473067417,323.7245229813155,227.94222197289875
206.3024076067954,-7.779090685532651,318.51017195114497,225.05358513769738
204.09796943704768,-7.259758579461078,313.8630857280794,223.73741341179272
204.70201140181823,-8.6184563840051,308.10272566404734,221.95990450275332
208.9124245602493,-9.864849864224169,306.64068345057876,220.76869240160698
202.9324974595475,-13.97039833839186,306.3011258783007,220.06405315151707
196.80823193694707,-13.59756819008254,304.73748117276915,217.89418886300848
194.21776444171246,-7.988549922107225,305.7163392513121,217.45168981790258
193.56844368303823,-4.2023812681649275,305.7443586344519,216.26927036051237
193.28870836902416,-1.928328471696446,304.844830463156,217.25877863628878
190.85314791641463,-0.9806388205732333,304.38091032223247,218.02708680161743
189.68922594490132,-0.6626101287095167,304.14269372219877,221.0167627934393
183.90872345732998,0.16797787998879699,304.808252873672,222.69174600532125
179.5818001801332,1.447640168336676,307.05770050991373,223.61615675157776
173.7197234639895,1.8428335854928832,311.1180446427321,229.6293788116135
163.39498127355017,3.4579195305232986,316.9462742933862,235.2041471452465
158.93899100705033,8.379197618715182,324.35984865458715,242.49307213951704
153.02019733236517,8.427090817953825,332.1516672661645,250.81337670631075
146.656506116898,20.534041680006055,334.37774697798267,270.88325794119066
147.718022349792,17.916539159762067,333.8423156970396,288.3285138361708
145.4008597630209,23.467130987555947,332.10965411902544,303.5052346910811
146.20270476956168,45.72273257840655,329.7005479987661,316.834077438335
152.300443465589,53.45714023564679,326.92463103914554,330.27762517622267
155.04397286988734,71.33698640593224,328.0107481376839,342.70787805659904
151.9994048385531,73.78102772192145,327.93394773032065,350.1284750053091
147.0305581836219,80.27484312636787,329.0896509889135,356.531989902593
140.63391555736283,97.87522803036316,329.30407309751075,354.525578920286
134.45344955784748,106.37119789062922,329.3275750962363,351.9695274901592
134.21571039676974,112.51281150393984,327.753588477367,351.6724452830692
134.7624181866073,119.90687098446236,324.99793561112415,347.22026477569847
139.90820670175265,123.81018113275653,322.2791186859665,344.9395362599634
135.9957677431152,122.62671283878637,317.49759992813154,345.39138765140865
138.24856132069917,120.89198631067941,316.15463164846716,345.62828007300953
134.49995301785083,124.9124113905271,314.5274729108411,344.33829966429073
134.93833241414686,125.53099961640712,309.49609156347,342.77468421931513
133.87210524775088,123.26514104391177,303.1222831170261,342.8628879709037
135.9780992169846,129.46957442746475,304.33444755282625,340.3565366151747
129.59856576570309,130.86171931165944,303.5493812690489,339.8362887474201
125.23358237886677,134.16241919293418,300.6428762943695,336.3661880037305
130.36140527385163,135.87400708305555,299.1845413335624,333.1769843556937
135.27702154394368,133.40220978674625,297.1768180096869,332.98616999750664
142.7082416541242,124.90188313776977,298.4524622009469,336.03588602434144
151.22681614786262,118.64589784220726,302.22588106930505,339.01483945695816
155.47439574925465,120.56666126681824,304.9575771445361,339.64834922882994
161.89683132192727,116.80501790685528,309.1682441766811,342.9669850698496
158.48806236296306,116.6692779275159,310.54712385715226,346.72116323066155
148.02121730304418,118.28324697251188,313.9291114776004,347.2379887534168
145.54384931656392,118.05795778624332,315.8868274443811,345.34374638811516
151.62764808143524,112.32000070338472,314.5476829786033,346.4260372017816
153.1880283978071,106.81988900699153,314.7078285462685,352.2118703167054
154.51658957617184,106.60169782664059,312.9707414325734,359.4172651285792
156.78591237011418,108.87188351426238,307.874977965298,366.9021098559357
157.50310052219527,120.11401165897735,304.30108745329585,371.4223777974628
158.6992521233668,129.50220006327254,300.71178386662206,369.9180651978568
162.0591809495292,130.7437452820356,295.8580281945066,370.524020761765
165.18886777965494,125.94352626105177,293.1612103242026,370.2713198800876
165.522982928251,124.55120733572994,292.24030610304123,371.2957833370774
165.30748243630194,120.39262823727199,290.92054069041683,370.8665149516569
162.33914687276834,115.51889022169644,291.95800756333364,370.82471009138953
155.0272950366333,114.3924557054338,292.5015034108967,365.39177618736085
151.42307591146223,114.07475040583194,293.77397230851665,360.43978491965174
155.2887005072231,108.3494861717891,288.9433349944363,361.5087025173761
161.08693953620633,93.8264993677343,288.01363836194594,366.7037697534154
163.2015823713697,83.53065388907399,286.6197413520501,367.61826420805045
169.44404718897908,73.57158759488436,284.65892537192167,362.9807842323428
178.10499012157115,64.30657831576818,283.7688537004631,359.36555628483785
191.13011280939608,59.24327034933276,282.9139341762537,351.97119710479365
207.1042040018051,55.15754880828774,281.98757948918956,346.3988905683534
226.56106177303982,54.646172473783366,280.64756771258925,342.7701077263453
243.4443820691339,55.63972594739056,285.64539245243236,334.7445753335743
260.8434429100325,64.4072497117549,292.05240993079144,328.96033365964297
291.02618736898546,70.38104051183382,294.6780899887155,324.3015766177432
317.6888444641645,74.63651756624489,293.31324409059386,322.58796194831314
341.56599407903894,80.89699240488525,294.0013314880422,320.6341271010495
361.28271360150575,88.06689380054064,295.220644365716,317.66691914311275
410.71912166821767,122.25774024851523,290.2343638768234,305.740411183687
442.8108166948076,134.63136120696083,282.95804016885836,299.3126635142323
471.2399805145361,141.147694743691,276.01559082529974,296.83713583743946
495.03537147682147,129.82162451456597,269.54771463193026,291.7730459032335
519.7795306709356,121.82599246064166,263.43981311381907,284.40217698495906
538.2069886639092,108.20755254652369,257.2067614467197,273.76053203292156
544.8369612346149,98.37866772612108,252.63342652717103,262.7029124220178
547.4398648312417,87.708808354512,247.44136730728485,251.39697839423985
541.2203181869128,74.62263597272835,242.910873269893,240.1187463755806
532.3294387944369,62.96566543357311,240.15919623331166,230.84105079617623
522.7443283205931,50.1847859459138,237.10693068502746,222.75649324317453
512.1104968728312,39.84380804624128,232.50621589500463,219.39390863724614
501.1521057544318,32.99749810545484,229.9686200037515,217.5841614991657
489.6894861365262,26.654073782634015,227.24984488104212,217.34933923111106
477.7186915681817,21.43829067001687,225.42290794046068,217.560617179673
468.3489515520531,14.919881581380992,224.1395493801886,217.9168971794545
459.50040738960337,10.43895637455644,221.7580759222511,221.21369994753476
452.6059189945869,9.464201406258098,219.64496359332662,222.93352132912923
445.2447711234099,7.7261787272755384,216.67507107274105,224.2388673291079
436.10089760321193,7.772646552123291,213.32201000766827,226.1080715243068
430.90496778728914,10.70939474436463,211.49129349815638,226.58112417394278
425.2865592997413,13.58359628027523,210.66722599754405,226.16485201108765
422.84839676237533,19.135222189603184,209.11189661899843,224.5686373552125
419.72275603967205,33.06408215136342,208.8157747288338,223.6374234741725
425.0102519559591,48.24389579900138,206.41264645216785,222.67448273285166
422.6522220059728,58.896135363809606,201.50269736471364,223.73131837679477
420.4464225584062,75.37921481710278,197.08101188179512,224.41391359008148
424.7125563006161,90.99491510833806,192.54644389650562,223.93566585490095
427.64524413049054,110.41412943730745,189.38777762167487,226.2728048239153
426.95786888054505,125.75401474529284,187.53696244964507,229.50060027850117
425.09060959362876,133.08675268637933,185.30365751807602,232.25873889828128
423.47253572421187,141.9298528706678,184.9675560827918,234.37688461429912
423.12453631052915,149.23850915410551,184.86210912797264,237.52234746856624
423.2725976648657,147.34951597057537,185.77576019821493,243.54466161921113
424.48000199997216,146.0749141847869,189.2771755308402,248.53968576078012
424.70382804485195,145.3017490703554,194.26206338096097,250.381520708662
422.95592029300224,140.58800243496137,200.9755490869156,252.75254263164132
422.9363799784763,132.13853498028152,208.4673021975044,255.61405726817384
422.78045952200273,120.10574337496935,214.3094365751121,255.3727576205218
423.44628852355,103.0060514800165,218.32093300240706,254.94281172903104
419.04132386802337,88.24502092201695,220.21433933372393,256.1553368648055
414.6636524747702,72.17357521833947,221.48466243639245,254.89612103339095
411.0329631857272,57.769348806091244,223.26989574699178,254.0834629417497
405.82903213600565,43.594102315834746,227.26163111837707,253.65903450502637
404.6429124590893,32.52666971267976,231.9651478426626,255.462394889559
403.16139892375526,21.48960746894113,236.3515451554496,257.724145262046
404.41491131869947,14.395379479711835,239.83628109630456,259.88088775478684
409.1534910765197,14.830463539412733,241.81416632706302,262.2337902568755
417.189606191221,12.834366710875798,246.1605514388469,263.8376234136137
427.9722121294847,19.37418885888249,253.33977964105486,267.0227419960183
444.9079006304534,30.75818576332199,260.83231712886356,268.84528811939026
453.60391008323313,46.49582059580726,264.80419936160985,269.3674320896736
446.01567812494477,62.527233597403665,271.78546331175585,269.55105078862925
432.0584565849461,76.37596229934064,270.80141930068874,269.95963433934514
429.63715767466675,86.882086422712,269.9608959168712,271.0250151819579
428.01828037984416,95.42858611325752,269.22422662117094,270.3875020984743
426.55865987413193,106.20671458338768,269.2239520228542,271.1031148176378
433.18855233400905,119.4033036362977,267.9375109522821,270.97055110695936
421.68898808496135,125.95122995606792,266.8770023806753,271.06220705048776
424.32122537899744,133.61997419120814,264.78474134698547,269.69273234363504
425.6860888805904,130.8068860558191,258.55002495819474,270.1380008881253
428.0299398013326,126.13671219968512,253.65075182562117,269.2693947429714
426.42200145436334,116.97128588912682,252.50475250866504,269.2407502937755
423.32215502069255,98.58253224630857,250.5228781839289,270.39447065314243
425.2436049781746,89.13138654804692,246.095905440672,272.2304874067214
418.73255976170697,68.47853783115121,245.5952001964222,272.3793817094093
423.1734707143152,57.903208838502735,247.8091634321969,269.55598726550704
413.9538214572742,43.697013116279436,249.49664996507767,270.46721713463626
417.8885424506655,29.606988135876577,250.41241095833666,271.56560014903084
426.68328774376545,24.316707499919175,246.6539578934991,270.391879423265
411.59408024751525,27.863088630048026,247.28745101099946,272.7252245696235
415.1940025548414,33.91255384275706,250.24585911241167,272.1957120976966
419.32542599189634,46.28001442645274,250.4725294502158,272.2410758118971
411.5844254094805,57.04715499361919,248.77871884746935,273.19216340620187
409.41457018624214,71.24863693680317,248.48603545697097,273.90793006487786
396.6549062087181,87.9733569259308,250.73257250320557,275.0001503954605
408.21276298887494,106.78039054848554,250.21663044252563,275.43257286592717
404.15893149590454,127.670460825735,250.1901305256344,280.4105385431177
424.4162070599733,144.92689073442108,246.65492662650087,280.65678059342133
419.493098076333,169.11968007122152,245.9829685149851,282.8665235750939
413.17197573163014,188.0121718735749,246.14485126591418,281.93797765349257
394.8374994336996,206.8431953958352,247.40439910713667,284.9852125303587
385.87352328730515,219.63484802727925,248.80486841347536,286.84723311891105
381.0532872023698,229.85615467124344,252.8666481471278,282.6616083563733
379.6976075086917,234.124697632985,254.56757243011387,281.11530087908767
374.8744897525504,234.2307143964531,255.6624697465957,280.636897592115
374.84518747198996,232.24304327745824,255.71809070688403,280.5279068871421
382.5624925396482,228.48298966495167,253.8423032034035,279.5238851982758
386.134439751636,219.52706113192403,253.2542464106534,279.41284072929693
395.2602218511157,212.0910264095423,249.31956911354956,278.4586639124637
399.8615479629037,192.18249482056484,247.28396200639807,278.0013855071667
414.84875419023587,174.66575682044004,244.35116789890174,277.0907582664495
411.5359487154261,153.3914214606376,242.37278066431713,275.69268978927704
419.982580852537,134.5158360239878,241.03138101411872,275.6006142026157
415.5842760926277,116.52137614013216,238.98823261462587,276.9379073834129
408.86931483992646,96.81992184405561,238.7339328986538,278.21004815330036
399.0161422826055,85.65978156305749,243.04719730193105,281.59534260079465
406.0243913410115,83.76969857151843,246.01022761224303,279.6209619415693
396.7982586124338,81.14870167245812,246.88675034784077,279.76752155084716
402.152336696923,83.00159865141569,248.5314899155568,278.3798244690764
390.2138570703999,87.89768966097162,250.16371345082953,278.32052876435665
388.9831371851842,96.45916972821053,253.15785703815163,279.12910435070404
402.8085419995505,107.962260344855,252.34983610570805,277.3020746524493
399.69237416599026,113.6767219305471,250.7906101692824,276.80723828068665
398.9397681610874,121.055905339959,250.02823857046081,277.970270578379
400.39620605377866,129.33482138328347,247.68428542397146,280.72012052908354
397.8744414805991,137.64347520614285,247.70211924638642,281.09537040899954
395.24367230017054,149.9647892271965,245.2894184486132,281.83715894709246
390.18918400479936,157.30207970461817,242.01949260405289,284.46145952301083
381.0961889164393,161.69560493669087,241.07280379517726,286.46456542330634
374.17482888807257,166.33416315826423,243.31240877012362,288.7086129205893
372.6341520109968,169.6922107813148,244.55414872899468,290.33388825706874
372.97321210038115,175.80986136644108,245.79813422020135,292.0970249682859
368.8492326785165,179.38131330728476,247.37770565090565,292.4696898198139
371.8302729241699,178.12202180590035,246.88629729018362,291.85444084473846
374.8477817394984,176.71155658463945,247.4474086001089,290.3432265500166
384.98809834954693,172.04564398726473,244.32386652075888,288.4547920783232
385.34292078473635,170.82849267482533,244.5095378339471,285.60997616529914
390.75092114858285,161.4750640731251,242.17892967674965,281.6434725441146
391.4411680769836,151.01582488245654,242.19428838571355,277.8327333961549
397.70409974423376,139.50936878447033,239.80182692194074,277.59546248665856
403.74199288695615,125.78274454914188,238.69717672963566,276.35649599149514
403.4884242602232,112.42391327537615,239.1908278752902,277.85513197347484
402.366378270985,98.54868447724215,238.74971868570634,277.7818381201579
400.2083250553147,86.42711713759704,238.7388640765502,276.99120128455553
392.72621664467545,76.99281861536753,239.5355565600601,276.1368082930038
399.52216401933276,70.79512531229088,239.61064732252515,272.61078815324646
384.7942612198424,65.44051393187888,242.9980191599093,271.93720318244203
391.1971367526211,58.47931739631824,244.7281815617592,269.2685527812733
391.0400447230004,54.159813932220004,245.20359454599023,267.4693253802461
376.11911665502964,52.22454483557635,248.4718193953106,270.232145105821
381.84110161236254,45.90386730634964,251.09087495519316,269.1263697702925
385.8467485695397,49.48976674433021,252.91434170673227,269.618608121962
382.6636838602197,47.699104729007956,255.463711062201,271.6855507439151
384.83024381933967,49.79586775138256,256.49703859269147,272.5958288106466
393.2250007094913,56.44593217893663,256.94698289649466,272.7657622113978
384.2057829409417,60.025200684646705,257.4994755930178,273.15744425896816
390.75404059438455,72.9658003483207,257.2453112459099,273.2931669286905
391.7314452315604,86.25051974660772,256.1880918935095,281.7034110544797
391.9934799509772,104.61722342569345,258.11211467688963,283.91758975587857
391.2777802449816,119.03116412096963,258.58265622068615,291.03694728744534
385.44755867858805,138.12397815869747,259.8388415791203,293.5255326214135
386.89551993290496,163.30012019667052,259.5092039654297,294.8315432232018
378.84564615939297,183.77260972955264,257.8912772570826,298.8079661349766
358.5287560867131,198.81462573900956,259.0670495899423,302.99441141098464
334.86987737078687,206.47020372358185,259.5869058682303,302.8800451833562
308.1652026492816,211.33963051096097,264.02917233394595,301.54868615358083
295.62769177322104,222.38232798424139,266.02868024634546,299.3643722922251
290.01023641893494,227.28437495656453,268.3685590259015,299.29107516154363
289.3906249775123,231.83289269090164,270.7193145968877,298.73462234972976
287.4041257250718,234.55762989415553,272.78372814941423,297.84626368495174
282.29640755327114,230.6147595939633,273.931532771519,297.8215328459746
277.1678848254199,218.80041055160763,275.8310304672117,300.1725686534643
277.9140915238171,200.83209120210216,277.283740504484,307.8074647987643
285.54848055828563,189.3028759752317,278.0800716884766,315.6834592631253
291.80974853301944,164.34763628448428,277.33931025988306,322.78298741171
297.5012860300218,131.08152913778017,276.74457488074654,330.8154496604405
304.69552797744643,114.18687793343082,276.43420263445677,332.22364092411965
307.63606181334376,97.97752656102543,276.1650858369908,331.1589490461277
308.4596559647523,88.7823981501461,276.4280400751054,328.12766083919985
307.27771703320315,71.10014835150133,279.1226829471301,328.28847086129406
308.3075905386941,70.59664729437497,280.78879486292124,324.25389992790883
309.39599403407965,63.3961475531471,283.2129996252324,319.38787823116536
310.82759800504,57.037255813853534,285.075149215813,312.9183066682486
313.9373360800063,52.90719645732156,284.8719017417227,308.9408059812881
318.20855140149706,53.01335384471099,283.63091658290256,304.2044552758757
346.5677650769585,58.9091873112221,274.88368063822963,301.1696004384956
357.5153249465241,67.39259826911567,269.42792437871265,297.59596127722506
365.23965751392024,71.08869718572788,264.5333230409175,295.4061927385868
365.67985103477974,79.91383384648918,260.33073546247056,293.28735919825317
360.1419623209512,93.75960865576292,257.6027208903107,291.50647318444203
362.8274882187877,106.47157221080604,254.71321978814973,290.4120081257474
366.40403162959944,119.43063008840727,249.79359029341532,291.4090649474492
364.97476222874855,133.1361862932588,245.07692233852526,293.4711371233175
351.696932920197,148.2029558454966,246.22443886578463,293.13012044926177
324.94740529803573,191.26989349027113,254.28095870971646,290.9778125425252
357.2401184456689,155.2495190960479,251.47341785146193,293.1444158231592
369.20756180138443,163.28180749973154,250.25927431935213,292.5697472341757
379.4250252006865,163.18078795213722,248.24869253722747,290.83834290227844
