644.5,368.5,168,182
646.4395283101127,368.1719105480239,168.35288794077934,179.41413397826256
650.3991533120529,372.7598649494673,169.46907170612496,176.82702179097626
648.7660011723235,370.5570723033961,170.58150039621287,176.49881287077727
650.6641348046098,368.6654771564399,171.2757307207516,176.47850942651536
652.2233495860739,369.4013232076028,170.96785995375245,177.35398553135812
654.0561631241095,367.79440962031475,171.30155767626522,176.9222176322343
656.4016292505685,365.06397438248825,171.44179073706795,177.04657363492583
657.0191450348999,359.9139243225211,169.59979452063516,177.86361482541676
660.0780242781645,349.98938260602273,170.00551025056708,177.7922327890532
657.8777188244586,345.16524935655775,169.80389394698048,178.65583513393042
655.7026924360914,340.7828555500468,168.25773080803486,179.1677741217692
661.5401224250677,332.1383043457805,168.60956989624447,178.48383308852937
661.8176234214247,326.39466873191634,172.9553409519312,177.85750549271035
666.3435162303249,322.6794124811229,172.72055572323015,177.9123532832987
673.7165482069405,318.2274747329893,173.52834671232063,178.96259537578777
676.144510376964,311.25359861067477,174.86158748763012,180.41742483751892
678.4504705856554,308.6659028950738,176.59938707146807,182.157656108656
679.7920723934212,306.9380835829088,177.51855085705927,182.3341935996395
678.587768031948,305.2815288358787,178.03713014961644,182.18029378774577
685.1875550452505,304.12035891357857,176.07096314358031,182.57913893572885
691.0514432587672,299.95926980591537,174.9061778588199,182.21308377550594
691.2994700578932,296.2993416672374,175.4823305193415,180.98170294653872
697.5781261203094,295.3010651835071,174.88822945407955,181.39057891204618
699.7710931035789,296.2193982335868,173.18341183008502,180.78270154536915
699.8607824074661,302.4407250165211,172.62145368706484,182.68916144385588
693.0604389311527,311.63907556380576,173.08365663853183,184.85338297196736
692.1407405831678,317.6768748913644,173.41636628940438,185.72199055464307
690.5983168326438,319.09847907269557,175.1181575074552,184.2647334725745
690.6191514923195,321.3552032437716,174.90104902406145,184.92308955852312
689.2526596685477,324.3603835571777,174.813604538594,184.8731557391144
689.5805379237081,324.39627699160667,174.87243839892824,184.21325603914073
689.3681822800168,323.9099758342142,175.06173038313239,183.55230627949337
689.9139581565094,327.2014817280988,174.33761310199264,183.0838355454961
690.2863135215214,325.98117519484197,173.73590644666143,182.87359235552478
689.5473664660587,326.9616039014809,173.57501924845872,182.49951632480776
689.2860636902523,327.46209127571774,174.20970326559308,182.46585123009294
689.4376886649629,326.0133080298768,174.5327420281964,182.08157143690858
691.1245921234663,327.2957021166111,173.73213724436837,181.51687004780274
695.7844694261097,327.5329745769301,171.79176477256547,182.0085874081057
700.9769126291698,328.65263953370487,168.8179010295618,182.38580126439263
702.6763494698755,326.58336727792755,167.4970855909483,182.67250694881415
701.7702911783496,325.4768734892399,168.52267382507742,182.8387182314811
705.3074970557795,324.6432595538434,166.39229044775038,182.81274181855989
708.145235109982,324.3272021582579,163.35811287183142,183.15824016514316
709.1337720723279,325.3640908552957,161.475975161527,182.5229089351988
710.4264454830347,325.5766158549288,160.94200563656113,181.05451360378686
713.8960884991463,324.9810809888034,159.8893892401107,179.84963397232912
715.9667152476817,328.5022710107758,158.1140848969401,179.26906928559254
712.5546887562688,328.22297302629437,158.3950585035452,177.91916315265723
716.0482771406519,329.3679358592733,157.44672536652354,177.32129008946737
713.2566777783978,329.4859029709612,157.56715792052978,174.9476810575893
715.4222360745688,332.39383158771744,156.18228199171622,174.71515922370452
713.5959894498884,331.66239978251707,155.78697422331575,173.75891110543705
714.813759582546,336.0734837514766,154.16750350136218,175.68795242655125
709.2944227972091,333.2346554945835,155.29297955464097,176.25968433401422
706.1185861621447,335.1048367677855,155.89654062307926,177.69003235126985
699.5582345088409,334.24282498797743,158.0242591579584,177.96775909978209
693.5204045842642,334.6296847163155,161.48515002517823,178.04856658011386
689.4746264826426,336.83802269451587,163.24056464211762,178.5463865686899
685.2820465022984,335.4282979702209,165.8068192492599,178.51136338010343
683.2404842345813,338.0742610146537,167.62217158697067,179.18503682813355
679.9800130262471,338.14831146147037,168.3481816382216,179.34543512173127
677.5430358834268,341.4404814400905,166.8848289475439,179.55492126770153
677.4203903404938,340.53378528763784,167.66221540608672,179.4536389329049
672.9207681102398,341.4338024461555,169.33821767909473,178.9704136740591
668.8919521357079,341.6836971271057,171.60138456315596,179.6834306561909
664.9258805410684,342.02113710649894,174.1568225827573,179.89028477056647
661.9066266290109,342.127790260546,175.84891536399513,180.6269539530424
661.3425410306531,343.0532264340028,176.0355204510534,182.22093252775966
655.6551744569836,342.24731157504533,177.22690208166884,183.08104521467257
648.9368358357183,338.99536727594864,178.25159488053498,183.30843120361308
647.6173160414725,341.03273839167036,178.50898974322695,182.96222224014446
643.7237678745471,345.48084645069133,177.90440917430664,182.71080344723677
646.9730521546386,349.423410076061,175.83154604701548,183.38366627065523
644.5476886051435,349.4570626471625,174.34189724573713,182.22930759108334
648.0421834546959,350.7433690044843,171.60489357339637,182.48691247630862
646.6420094583755,349.97605219809554,172.45520420584592,181.67152258101424
644.5278790386355,352.9387346824236,171.96123699509383,180.6630100865707
646.2931450591892,350.678446501772,171.0554693964303,180.28346237484539
646.3924589367898,352.99414887814333,170.80860663459853,179.2039043647327
648.1542960735464,353.88208102446595,171.49654410882698,178.84646062529492
648.2430244450077,354.1160435036609,172.17691252593113,178.2622233419042
648.4129745333854,352.9632231826882,173.66633432965196,178.22048453781994
651.8350005759327,352.5634815986306,174.3475651043598,179.34866240712998
650.6613528590941,350.53794116675584,174.6634667716336,180.2910139083916
652.6544742251108,347.9824867969851,175.58520781950745,179.9324912476341
652.0970499447596,346.2901087434991,177.29926872867088,178.58606144152003
653.8722625643362,344.49496923179515,177.20507222258058,178.44985354361762
655.5358025094271,344.7031646616775,177.57470291894666,178.16960243433354
655.7102025915981,345.00276023595507,176.7976776545642,178.20736517610203
658.3249158327721,343.92947437745397,175.75265840640816,177.67823646700248
657.4365065339073,345.4686806928808,175.8230978289517,177.12645137673724
659.1009969189454,346.3018626812411,175.00432971871118,177.76226387554152
658.9874140512057,345.15484619439314,174.55562676417668,177.86149289606664
660.0255745610111,344.51097932805783,173.3994813565386,177.99232240815627
664.1282528343168,344.2572459623509,172.54684411687316,178.80876513415703
663.924466268289,344.99836873453273,172.52268814083345,177.86009190596315
662.6402623135524,344.0948803342297,172.88927734570174,177.76572571855502
664.4957681672585,342.5345568637746,172.7966893386222,178.83005246903556
665.7642012716974,337.61916301901465,174.85289220628232,178.93385708818192
664.3673891455708,335.5655327410887,176.0484652681593,178.70263621779475
664.1360352238183,339.2403052761533,177.29797355579038,177.47873869252632
664.9350774688675,339.4608022709191,178.2742735166046,176.41511428564783
664.334397912533,339.517914880037,179.46612572661604,175.9872451648719
663.058959888711,341.7312017374733,180.52241447205205,174.55837381015237
664.8690823246994,344.09204618622346,180.3225997834859,174.3763439359371
662.400277546486,345.14002527784663,180.42978407746156,175.81081463910425
663.3122165579338,343.70299804805865,180.20526234824425,177.5484428882768
658.059339895081,346.1739062925881,181.86837002880824,177.95862615889195
656.1325517125816,347.4317601957764,183.99507335360778,177.0344850343772
656.184596521947,348.8411127571725,182.6734530074904,176.40085042626401
658.6439556128499,352.15763089230734,181.00349576432907,176.35309219020456
659.5129679428021,351.63918324323265,178.78682318691574,175.70928849753204
660.0685299787735,351.8079518021873,179.83233559148948,174.6681918617623
660.7216982006632,351.1856006892984,179.71480603915137,173.49522693704273
658.2572283194997,352.13037433942407,179.57100858452907,172.38072074015435
661.7607549845156,350.7472331419343,178.80841965192752,171.72109528486834
660.4744050506526,351.56557674393457,178.8526881040957,170.37593821316162
660.83026399885,351.51347126366375,180.1041120066741,169.105036282506
662.3394652815992,350.32621856009223,179.8488103036787,168.83930793453732
661.9768655062239,354.72379101580975,179.63620080434606,169.08051708804376
661.0608532151717,354.37180503445484,178.884442951987,168.38226570213607
660.5085613191067,351.4199370351867,179.8603179047007,167.7130832856027
662.2538127689196,352.1511156482452,181.16646636844757,167.36108656268237
663.4737192934875,351.00435845239383,181.311548930121,168.40452764067214
667.7362805393449,349.1536365674105,178.49757803829044,170.14241440571018
672.0349575770114,344.64073805430473,176.23911165445514,172.44533965152615
674.1041126628719,344.6232598731822,174.62396027141514,176.27625334066028
678.7837525126156,339.4481971188664,171.57616538561786,179.51673586680897
680.8058225064698,338.0179775160095,169.20765143741465,181.28335008987966
682.9126441362271,336.4553362207271,168.26816951670614,182.55381087925886
684.8258487402098,338.880999842966,166.2667172026615,184.28168580992144
685.8751631905664,337.6864713680792,165.58419679098512,185.58486259936333
684.3901066798406,339.56406754069565,165.10294863308462,186.7141063846541
685.8758420713607,340.2417929982588,164.14561034973946,187.73896672021445
685.2042547421684,341.8302319631522,165.33592163973208,188.0559259085765
684.250154249115,340.47247402959334,165.14014589930687,189.16519065512685
688.2894728286378,340.21475486057886,164.33075770266342,189.39458570683226
688.7659018790145,339.2141531323949,164.24790652081737,190.30044783839386
690.1886641810645,336.4897268042658,165.96670152731315,190.59716559932747
691.7669008764699,335.1594680359069,166.17859628530599,190.63883457380456
693.6985690112805,336.4989798979251,166.35710962887447,190.13419305954602
693.3448143460837,337.30445887321895,165.45020104869218,189.83488264332877
695.1776266416247,338.67649587379157,164.16657118188394,190.73219658163666
691.4481583060123,339.4695806735923,163.85499813326015,191.2521759402414
690.6831544762751,343.74982127746205,162.13877066051697,192.22306298811708
689.6159385171682,347.5616397008755,161.5428997680619,192.532039514093
690.1480437754275,350.141115803565,160.81508418738957,192.76535358221244
692.7493833628096,352.63529760808524,158.5899922356785,192.94936708269964
692.7179059218951,355.2011184248975,156.7886757151484,192.51474693345006
690.6338068298156,354.0788782215945,156.55540276130682,192.7002249406115
693.915604755375,353.5997039642434,156.05104868188602,191.23683316181086
690.4706357543198,354.5575412103807,156.16665129962746,190.7738121967962
689.3425825262009,354.9415301858997,155.83442486440129,189.09262653596886
687.062115558384,353.7147899146625,157.29676842604212,186.7184255370004
689.7876300227492,354.4356104520731,157.27402461922932,185.8431219880237
686.3240642834227,356.3479632390375,156.96060271882362,185.51017118437392
684.7493875904607,352.80302423561415,158.98540778874562,183.55831544946037
683.980151112632,350.4379864857698,160.15291010779663,183.07434017934312
683.2800388034723,351.7412118957375,161.77617456180764,181.860481193476
680.2324928124902,351.3109878884336,163.9491805433292,180.1298316147763
681.2296228031786,349.5220147532691,164.05117991749768,180.56798162808633
678.7128981265553,351.6072006273982,165.07394954891203,180.23481457457606
680.8253189793933,351.12049178188727,165.5151043947497,180.38511548627054
681.7378824230195,356.18070841575593,163.96519483199233,181.7448562831694
683.3129469011,355.39927482385554,161.50866611320117,182.67864048919836
686.8466223337241,358.10536834019973,158.56920488113167,183.5377757068762
684.8455363392071,355.2432987067972,156.65869862843584,184.37448239845548
682.9060144416255,352.90067723753623,156.88567810017372,184.70436721319808
686.418175920965,350.67540782770436,156.88518317112715,183.15484309035702
681.6820632998736,352.922504854268,157.36156929435276,182.3549792526837
680.334724524078,350.2621289476167,158.29221197865706,180.83307302307867
680.2508691369305,354.2437128491349,159.06429728088335,179.52508138276204
677.1267332147088,355.03595709890783,160.58117960277428,178.98167609988337
677.6497035184632,354.58861289775064,161.92661835164984,178.77705052781715
678.4994578815932,354.36698992307817,162.48706598525285,179.01813601442507
677.1822296408669,354.9392719399011,162.51514414982623,179.3105525859046
679.8516585002591,356.90571311846566,161.9384495932734,178.36795252590997
681.5025429756664,357.8573457788989,160.05572716364554,178.57188401290472
683.1127299449613,357.4586972328996,158.7435896094475,178.92766497374066
681.2348071604425,360.6417911553595,158.46137403651727,178.97144836600356
683.9646350440871,359.10938461577894,156.72083996379288,178.73106635200975
684.583299199762,361.51913566977123,155.74155619332535,178.06091202616014
685.8364127008069,362.3390044793896,154.13375125363245,177.66759669772546
685.5830819192028,360.3571492528163,153.582007298309,176.98149492934488
685.1527789098748,363.24756634160366,154.05401800413108,176.06953530163594
685.6852521430129,362.36431932151544,153.28308533609166,175.8745146304324
686.4912152938132,364.3344743538084,153.40687025141779,175.50116513904288
689.3370819346387,365.3665216788869,151.80919405289666,175.3668923377552
692.2313818773905,365.2762594956863,150.07575707403984,176.1556642823004
692.5061320431307,365.6443807735062,149.59778274842336,178.0668001713322
691.3177100811978,364.2559224044304,150.39438821079494,178.59735589225676
691.3895499868153,364.2141573366123,149.7830014808434,179.7585636354293
690.4967051675316,363.50593277553855,151.97298727915515,180.08861439446326
691.1007492446921,364.72035604259224,152.69121979686938,179.86428260225352
690.3006241006449,363.44375530907655,153.86584279376123,180.13121321242764
690.201188252095,365.16787777522944,153.8935922379198,179.37492885331824
691.8195165108405,364.2456359417703,153.43171718595926,179.03751225740388
690.3141789248972,364.69049716328436,153.79529572393471,178.26960259010684
690.1971773858645,364.5662306169987,153.45241602240182,177.5876085320472
690.7985835987613,363.25962756754666,153.66284987060283,177.13537874456821
690.2800514840075,366.9607697153781,153.7958682798741,177.14629578099772
690.3856652117915,365.92837000979137,153.8544866676211,175.84721908781628
691.2151578942564,367.4487929547712,153.12072787186708,175.28306325179636
691.5509247631479,368.363491765602,152.2828410126843,174.69494368246478
690.7602830634219,367.11411580470724,153.11308216531773,174.2887983912721
690.0378781460444,363.58863752969137,154.6662568131025,174.632829549153
694.5673819874536,364.9475441296786,153.22784744647672,173.6880132516444
693.9041016880592,366.3569048967261,153.2466011957859,174.52674310876944
696.0837974367558,362.61981900542065,155.2593052832619,175.64534791292579
696.6050890536005,359.6740921396319,156.04296866879702,178.74613339537305
697.6383281172791,356.429946474693,156.8471646747406,181.6053835303351
698.7443279705301,360.1478279251028,157.77615927861768,181.8063093387745
700.4274408527695,360.067602952685,156.65694970562174,181.17300124890406
701.3680626907164,359.03671260340246,156.0437292822147,181.05766531500754
695.2823633129975,356.2240464084992,157.94845494957895,180.3565411580306
695.354463452995,355.00176859198723,159.29046775761955,180.91843139531784
688.0919058814687,354.8835233080548,162.822255759864,181.05526503112674
685.854475996785,353.7179574557882,166.01588162248555,181.57955345486766
685.1984533184628,353.9111167795703,167.35099045625853,183.46008909349734
683.4235514169579,355.0609377285978,168.68858050461455,184.1376434120256
678.0731518230248,354.7810401563436,170.4096185688237,183.98516740260717
672.9874233860506,354.37636773761926,171.06309295986168,183.14479729330895
669.1514059501785,355.32563912675585,171.71406498065375,182.73936445651842
668.7091819461818,363.2325186265221,171.52786610659004,179.87867609754983
666.2087200854805,369.82685471904153,171.9291604258318,176.8607554841663
661.2675361386655,373.0975185066435,171.38323890600986,175.7537478819543
665.3689183810438,373.89017538738887,169.11619057344433,172.4338168871872
668.6619830941248,377.51804011656884,166.5016981578567,170.5709950483035
665.3746877291302,380.96701921640476,165.991047570097,168.50924805316046
668.7593510854323,381.3491189292282,164.57037655817635,166.16988514389394
666.733018938752,384.6894244396526,164.3996679152881,163.8782855061018
672.1295209903362,383.9469447729697,164.27665912004207,162.59479720190964
672.4442602326772,388.2111825560463,164.39174224796628,163.54351451447957
673.9376228926387,389.2386219327815,163.95728805574402,163.67178271459198
674.4732885925689,389.37126163367896,163.80100018873188,163.5410762210793
674.339400765622,390.8887768009187,164.4219261209555,163.20403630408023
674.5973068304454,389.6383901523693,164.56561691479737,162.63161199795329
676.7919045771866,389.25950385719784,164.23524214580218,162.40417768626918
675.284819337114,388.9538700829803,163.24204835287634,162.41356802217985
675.0327128144972,390.52574090727194,162.83095131329003,160.3865596862033
676.3102408885835,392.44168250066474,162.57745318284816,158.84118696694702
673.5318054499785,393.19866165433194,161.65755556640573,159.55602704904746
675.2370225595056,393.96626642795957,162.71950866119445,157.52347524310045
670.6047528748844,394.54528638027455,163.1300946689255,157.59527549788663
671.5139882752754,392.1546906366001,165.19247632900462,156.5735671477417
668.4192221706273,391.2972927862838,166.20865438943608,155.71654401979154
674.1749446756854,389.1052754811634,166.5025253506945,155.11279519802548
669.0969455987121,388.3946070749776,167.52460474243404,156.11678460901646
671.781724581769,385.41485252172686,168.90464909413026,156.1311242666655
669.365330791782,382.45375699077425,169.43566455648968,157.67271058461316
671.1497752918442,377.46207040192326,170.71803001956107,158.9565464850935
671.5805305165519,372.521506114488,172.92447411039825,159.07498928420713
672.3050004475969,365.54168843744407,174.0152705192128,160.6997533461807
672.7201541691627,364.2288812304803,174.9940172123575,162.22043151800472
677.6816029267102,359.4333615162663,172.42679873244933,164.4537233916536
681.8371150765709,355.50399666628556,169.1464426913949,167.42689210223526
686.7340816495874,349.86480384804116,168.55028157142368,170.42931204811126
690.4875992997686,342.93231296625,169.14206409637893,172.32450716771166
691.1322506199353,340.3111021979029,168.9390835252135,174.51105697932337
696.0027784654758,333.437613579262,169.05618594570473,176.31058262511354
696.5492042664952,327.13429250760913,169.5807606198729,176.62951171757695
700.8445620689934,321.9910826512947,171.09627288963253,177.97554751907307
700.6521860707164,315.3470975929748,173.11890914541038,178.72573973501702
700.8473037642773,311.9836853670355,174.79702264287113,181.1803507278807
701.0853442856751,308.6116190255917,175.8899201481253,183.0288025063799
702.9344713049549,306.939923595594,176.22505949259195,184.64072635778456
700.2673464576454,305.90718030559424,178.59130424527052,187.25951778883933
700.4754313628105,299.9954476785371,181.68822766804885,188.9014797470551
700.7329373334208,297.00628016151245,184.81096539876452,191.6172174586404
699.2625434921852,292.3405270974321,187.7433817336741,193.08450392127378
700.24395935543,292.24505641430284,187.28421509679183,196.54612547666503
696.507931164698,286.5550564249909,188.55530512007078,196.482419896512
691.7280708057555,286.36562801361475,187.50220139795354,194.91447982519085
689.2425822201334,289.20150016394996,186.95053643357755,191.89894332443188
687.4593943126275,287.4453626091078,188.43461420819935,188.8396776015967
684.997156495696,290.70101302108867,186.80782794020675,185.41636610792676
685.2196591596427,293.39725401406974,186.44576050111468,182.53176743228252
685.9226049579612,292.22632328134625,186.43403597009805,181.02604465014036
683.890301441278,292.4557063375842,187.3126507625586,180.02372756949435
682.8369795268771,293.665759699365,186.45834731619865,179.18748493875952
682.0751065333282,293.42783865803085,185.386789767835,179.43810480637154
684.1087020722473,291.6976033032842,185.30040194126326,180.06767532360402
683.8107210435699,292.8627284565847,184.32053580399997,181.02880136931327
683.558845551709,291.7901864736233,183.19790181419566,181.31962107589763
683.8485097199379,290.3457770766389,182.5799902437854,181.4793661069728
688.3551161484809,289.8560363697976,184.6958018923147,181.77429109603753
692.2052392251866,288.65137915299476,187.08660588691347,181.7044602411758
693.1402285998013,287.2887907903972,188.40377260925695,181.62493802227925
693.5482662340548,286.7891145381449,189.21869738271164,181.02471453038487
694.840658668758,284.6445702095744,189.4615611529842,181.65806936374963
696.2894462870768,283.92901883794093,187.7080900394622,181.80191038254452
701.1006430326461,283.4685345178818,187.70954260240072,181.6545998755147
703.5550673455207,278.09415850697116,188.47012900091283,181.23011600408643
701.7917468977347,272.2988998520543,191.37778829667718,181.5446008661051
703.0027438384589,265.7139540074301,192.48670514559072,182.15116476604695
707.0717982881322,259.03013037794705,192.04084697485138,183.31742843431485
712.4279195869398,253.64503575475794,191.86509863230214,183.8419979068283
717.3803854862139,247.73754606813156,187.89039983546286,184.7013221821196
722.4139382337318,234.77544433849508,185.14508169775743,185.4596626042832
727.4590162614352,231.84426887949513,183.17382594142276,186.713244105474
729.7551827087736,226.3822329099756,183.10533442781883,188.85335188740856
732.2669617433177,221.94167005690278,183.89079210961592,190.90444619859574
736.057692869155,216.81041527460053,184.94405638229435,190.64919644008012
737.3748834456703,207.29130699536034,186.58068085975685,189.55953290212494
737.9253528423385,205.84035085265953,186.77901555732618,190.19197950263583
742.2082934317722,198.28647868993625,187.83428630259218,190.28941079402477
743.4489758961156,197.54956011552417,187.91756547218708,190.6589783190925
744.392947385294,194.53247329443735,188.28402370080067,190.8621573552481
740.2774100751401,189.15528985574667,190.24403260913311,190.03468085646978
741.4909897970001,181.75992063176545,190.7267116034472,190.99160086876327
744.9493055976147,176.36574104008844,190.10242504921513,192.69470252190487
748.2368925230609,175.3213806435587,188.827246143849,193.48227060881808
751.3118929927589,170.2257213867702,189.01846844435167,195.04325903664076
752.2124464443518,167.2583015728875,188.60953411616254,193.55967978012882
751.5426287154946,162.1333563437156,188.38465922841817,192.1128157829062
755.8795746902558,157.00860731836246,191.52396918319243,191.66144808806806
753.3035571316645,156.35734549736287,193.2289100983335,191.43626594145488
753.2095774550244,158.8876575113109,193.4803304498509,192.14995631709274
750.9166248084491,163.02936134761563,193.18317528767932,191.86295424598475
749.5171818342694,162.34076509231383,195.11105844272663,191.13374698203694
747.554696280422,167.7302901658868,195.36588809190994,189.95679434618248
745.7916587148011,169.10743647436553,195.49883602016428,190.057884410118
746.8345223013348,170.49114126397689,195.17735280747735,190.83739226940233
745.175952883215,171.7472609477402,195.9607349107761,189.62790968822222
741.3658865245292,175.85695818859057,195.64473710446623,189.18995784873331
741.2118291814437,175.23620536874915,195.49324275895998,188.69872415907807
737.8322426028277,178.83151554032133,196.05037381337826,188.4496802967992
737.4070856989194,179.83144048922586,195.16912572200943,187.6180180172458
735.5807572100514,180.99354792970627,194.27831756226408,186.8174709486324
735.6405233768941,185.8308483531872,195.2588412807865,185.42848506901666
735.8329266184239,189.58968406094624,195.85699913459885,184.63704618218514
736.5832329951679,194.52340783752277,197.16877861591325,183.66234936908333
734.038828894846,196.9653689568252,196.67375598312205,182.49578953434815
733.3309074688914,199.30196755062892,195.22794145397353,182.6970344472656
722.5063081084676,208.69055649016795,193.51519406886396,181.62396385273343
723.5394768136605,215.7620626513754,193.36653429939304,181.53716967759638
723.7789620333749,217.78280010238294,191.62498882963746,181.91631998538963
725.3289319024854,224.44230851275344,189.9115352640926,183.379808200049
720.0812489019397,229.2318457530631,189.23270216087485,184.877376709542
722.2276742168149,236.67152559220906,184.793480077124,189.321976381836
712.9742321786944,241.6570548995686,181.46739830253503,190.73106093270533
711.3120729144131,248.77087484021573,178.3659002951478,190.43496726265374
701.7875892530026,257.6519547490618,177.49411795366234,191.21194433155824
692.2905598269971,267.4842793212119,173.9063954183441,190.72189578845442
684.9201936658092,278.7986876700993,172.65753423486046,191.1303772931942
685.215991963858,290.11593782863724,171.40165180015902,191.94915265666037
682.5248478242971,301.55727588489776,171.3728711629598,192.7727391326403
684.3584798544107,313.9762305770546,169.88061420760647,191.90665820902
678.292382011006,324.41432910179395,170.0731069067449,189.87974628527363
680.7977774121719,336.9614053193128,167.55613295698276,190.1501873560954
679.653237352726,349.3589996555922,165.35278286576084,190.8706027027016
683.8028836669564,361.5023080963273,163.79766137987824,189.0417914547764
681.8462717312481,370.82754919713227,162.9644953854197,189.2313952364427
680.6369453354697,379.4646077272465,161.92456768304933,189.05349247064777
685.9362487989073,388.9749945886638,162.40658629023181,191.04394921656328
683.138327798518,391.2674415007288,163.1589181401008,191.65420052259068
691.5904799950181,396.2890184360888,163.8016375202941,193.9226664104767
687.6031646481553,399.6241128329296,163.87208005789196,192.50341507864812
692.2365403827944,400.5417111803429,164.3662386227933,192.11210680964865
692.6723797695744,404.29357168782263,163.9240313718031,189.87423538499058
695.6850195008199,406.7296298943903,163.02257459836846,187.48953643134317
698.0903949673674,409.00101934204633,161.6574060551049,185.8065125752462
696.1023733132344,411.74108644634873,161.32393197979567,183.4455785962862
697.9844420687548,412.8856097331849,161.28418712126626,181.426434162516
696.6445729737615,415.45833219729457,161.68921680180787,179.15606695875346
693.5419250287894,418.3686224508033,161.93750576044715,176.77115158235114
693.467724245314,422.41459619257705,161.28354917691553,174.02676736555776
690.5506625500817,427.38135760579604,160.59942877770737,170.1635098322412
690.746677751122,430.15401754692436,160.50427775656811,166.70278658389563
690.3913889996514,432.83498961377836,158.8576405702545,162.58522173218532
687.1198307667644,436.2822038977874,160.16778536778529,159.65690649310105
689.4525692377589,437.951256305888,160.06095081318637,156.7458240744179
686.745533051698,440.30267354339406,161.54761830478435,154.98247348040252
683.1840539347816,442.15222604880694,162.66412970023833,153.5080529464292
683.1735056992123,441.7404555665843,164.33383223331225,153.35319165390882
682.9633942469636,441.0685956190533,164.78946274432212,153.28336951672892
684.1108471789889,441.5925421319173,166.1110157730936,152.8209919305113
683.1374992357557,442.91603820124715,168.02100513745296,152.3221557195097
685.1868333582523,442.7144955983294,167.97982819495,152.41532907823068
686.2497566547343,440.62275563588344,167.62306307533663,153.75704908300236
685.4569381433481,438.5550066145292,167.28010360152697,154.62588238228736
687.2363192275728,436.98426139277615,166.42924243405395,155.87702510660102
687.0098223098817,435.2080234857367,166.8661220307868,156.96057496776842
681.4512543614544,438.1545722593382,168.8955494544358,155.95291347861
682.5399196778149,441.04377413037975,168.81093813819737,155.13452646397434
681.2160323095231,442.19609991283903,169.200520097147,154.24125220980864
681.5867523970136,442.32027629281004,169.10555279346985,153.66039601187066
