250.5,453.5,55,87
249.6327458775429,450.9470030243856,54.98464944831767,87.97621699657793
249.8092305143848,450.51534126322105,54.88778810100255,88.70169321456285
248.98311586242312,450.7062279110119,55.022938409221304,89.23513338467173
249.8480981805847,449.6857241468166,55.026063815966054,89.77931629090808
249.8717303920455,449.81733360549237,55.016437681035754,89.89308688719223
250.8785065131458,449.04837834941253,54.77158734980777,90.38587417986186
249.9042928130413,450.1404456017244,54.71077579165798,90.55282366914986
249.36047102032342,449.91401270332335,54.77416851211113,90.79631751174927
250.16092549079005,448.81635620204224,54.53421135245078,90.95294113938778
249.24549721465922,448.90121060937355,54.498919313670825,90.64973089933974
250.59642075992497,449.58371139657135,54.11626487107333,90.63554795897736
249.6917207064299,449.39915326598305,54.51276035789289,90.47128794366087
248.86659074774545,448.2705739909336,54.73194041075982,90.50321746887268
250.23927070268445,448.02858573824915,54.378636966030754,90.87986138699945
249.19082112038996,448.581392963327,54.4938869702346,90.98943961243427
249.68937484857778,447.7908906391746,54.40572036554733,90.80328897108902
249.2976606406955,448.1525028719624,54.533733544361965,91.02303662913641
250.34766001594886,448.31900331119385,54.404504318429545,91.27983080367869
249.37810949484674,448.3849507708761,54.8059467884368,91.26624670835074
249.64160456619308,448.13975949051655,54.944685214774914,91.18025718206815
249.9640538208076,448.1227529778316,55.15606631713338,90.97004795387689
249.52297652337631,447.96832414219864,55.1879863438769,90.73529582718831
250.75149442709437,449.0189052478712,55.096502484988164,90.80433944737086
250.96044182421696,448.4855162264675,55.2278409485135,90.91281904543037
250.12085729973776,447.8219364163301,55.257400312527764,90.8408273404794
250.87342008880145,448.2191622993979,54.856783491991614,91.30110877918537
251.72523458186606,447.66221993641506,54.7141602174179,91.17767558541996
250.93389341988535,448.5774298695219,54.486890520734164,90.97456504156347
251.85144466928008,446.7656217248543,54.549719359301264,91.15237721178849
251.51521572210783,447.2899904984298,54.550822781008605,91.05678570507715
252.58711868167174,447.42614160249065,54.34880255504942,91.276008610538
252.77054189453884,445.83139220930826,54.24499539041791,91.99362481519202
253.0481557780501,445.19524640783874,53.97650670453968,92.76603640228097
254.15463996671923,444.0608408918137,53.214541044219544,93.83676951723203
254.61641406204922,445.50906564404534,53.153023657716886,93.9321544148531
254.4199157886541,444.783177712299,53.21043532558558,94.15098960451769
254.49797128564322,445.3459023397724,53.499026331033235,93.85538208254967
255.00839199769587,447.58601735468545,53.43021109530151,92.78970307239214
254.10954571792115,446.9019797417526,54.003561547078085,92.68738714396858
254.13834973150716,447.2521100412052,54.42810601171405,92.12130095159192
254.0421208565138,447.5443773969089,54.492920310606095,91.55279755573474
253.85982641574168,448.2098363690255,54.899620700698605,91.25971175242412
254.12192139806413,446.71021090069087,54.813954058397556,91.490117607764
253.53717373416868,445.2229557603844,54.71361152989574,92.98843612926734
255.31709845431536,443.659267426508,54.78511332213106,94.23486186928582
256.2169791509905,441.8277676592146,54.97242284686396,95.08928982680047
259.60005165977714,439.1639823550302,57.67882917511585,97.39212021605304
266.32379361919646,435.02026081961014,59.643454631277265,99.22113633453114
277.38583484215684,429.53611869892495,60.65921135771972,101.90674578647285
288.68039282082316,426.1985530725642,61.65261874633442,103.54343156647704
301.6617472690782,422.0648228858692,62.10673609799326,104.46404678987315
316.5841282825558,417.2479591535971,62.86401531554486,104.9098079076766
330.51894839989365,412.5652674440021,64.18826279144048,105.94538213802386
343.0828533696838,407.19049482661643,64.63924160918447,105.43693748937228
356.4958445641515,401.21259231925427,65.2738114358251,104.99679790875973
368.01047328323307,394.6633780646295,67.86862511887784,103.33506215714499
378.44537134668377,381.5823097997904,69.7542916384608,103.46624432586134
388.8285627124068,366.91149210375096,71.56368405349912,103.31640747367753
405.33659557555785,334.7167400359457,70.87199729448223,111.02504536783299
410.62135686476404,326.09098584493364,71.0764272002007,114.64383470994008
418.6639855967109,319.0318520769231,71.56121330014967,116.65170681444255
426.4169847346433,311.1105996510211,70.65908827715359,118.33358334745992
431.6391847092806,298.11993542938967,70.4150505333844,118.03681463801283
433.39052531318976,302.80652584299315,70.38014896194905,118.4622473590847
436.8667036543084,303.62379083777483,70.0695187735472,120.78149778219526
441.42277177662834,298.04075430012506,69.92634233725701,123.11631971308564
444.0778690084768,294.5340191628071,69.76881110445603,124.58519856087223
445.3406161853469,285.92365930018843,69.60195718307365,126.04964024808459
446.79567891857107,291.5947366434829,69.55433786782463,126.28351820004552
447.7685537133099,291.085658934922,69.28300195937724,127.16383559624663
448.29269894010747,291.0953944617937,69.07596782625869,127.84299088193868
450.0919392583442,294.3539685209626,68.99408422233218,128.19903268974838
453.0363774922717,300.2806607323862,68.91964514385093,128.41002795897884
444.1508118649574,302.13579883522266,68.96302943497862,128.54784836242146
448.58155518263175,306.4699362677863,69.00127634302595,128.59285417508968
448.96044292957754,295.891556221292,68.6728268171614,129.47217705799528
441.0473697913763,295.0484294843775,68.48090477996523,130.1890114696866
434.70941326477964,292.01736916375086,68.3130191957684,130.85790930210203
439.5811764202149,289.4373651284076,67.94421441199755,132.34960577687178
440.3184336662554,278.8274198701466,67.60481351683279,133.6288510754982
441.36702878738504,277.6268417141577,67.1721194579688,135.15691497452747
440.8805408281675,275.9024905605688,66.42554285946669,137.88587695053226
440.2826070303244,272.3729194434623,65.89598056261283,139.76349204698897
439.0606323282961,272.3831460464962,65.76844945405048,140.24775994601987
438.41201089299045,268.49299684603477,65.52155937674006,141.20999794884096
437.5049033652186,267.46379645447917,65.41118146048198,141.62615248561423
437.5711091756899,268.4207809851615,65.23809640480498,142.25244969965541
438.10487533131055,263.9153688281486,64.83146355387943,143.74532967774385
437.48878740207005,263.9771981119968,64.70361066861653,144.28254583443552
437.3583950321744,263.37347184819623,64.51563322998675,145.11296131369687
437.66945052075096,263.9570462773893,64.4033381245492,145.71849190343846
437.8077845960828,266.0381938234123,64.3011665053721,146.44804346819174
437.83175846321836,271.5512059805248,64.27474160599795,146.69193759573923
438.40109984221255,279.11739193638914,64.28892926465086,146.83216967265798
439.5054854792192,284.2021020770745,64.3255062057407,146.88634977886045
434.01799694408845,286.99581480401406,64.43828349267696,146.83245503710904
437.83056676772816,286.4168400193619,64.45480644305378,146.8722136026139
431.1732186176645,285.1355250415976,64.48007212489503,146.96864725954336
436.63398529951405,285.54861993992796,64.4919598961446,147.00499287996254
441.13953616023724,284.7871209623001,64.51070150508158,147.06128670504555
444.8386266116655,284.88725382413486,64.53216018962735,147.12780275851946
446.5221674936697,282.9859809122633,64.5350094082087,147.14381832599125
448.8597678072416,283.97941701704997,64.53563723794356,147.1466413078012
450.4584261991493,287.1003838787767,64.5362891755179,147.1469866370821
452.0219191537011,286.83516795586786,64.53663261593218,147.1471752649548
453.7347196056479,287.37720556521094,64.53701919410945,147.1474028292809
455.42343456513055,284.83508357247484,64.53749559762339,147.1483209518686
457.26886887725533,286.4775066369127,64.5380029442143,147.14856336211642
459.07501829971113,285.05002353421133,64.538784124022,147.15007926920987
461.74751951786885,284.3709113442633,64.53970129677633,147.15266872135632
464.50893847360993,283.67411669641217,64.54094270810914,147.1554987873985
468.58449319204135,282.4546830140695,64.54225140784291,147.15938313702355
472.06498734463185,283.5185408857339,64.54349950708097,147.1636258783443
475.9691093405289,283.63250010224607,64.5446436759924,147.16582269507293
479.9233950722208,283.4371647377129,64.54625039711792,147.16806917663598
484.50696135668886,283.9802152562889,64.54756055431693,147.17063290961036
489.4550939277713,282.9473098880084,64.54788183030394,147.17152703545358
493.700768662742,279.3701679149117,64.54793403272588,147.17340571965354
497.76989284904107,276.32395105465207,64.5475469119588,147.1822589462459
502.5005917526281,271.2374676372342,64.54603184099075,147.19275019514401
572.3995645005946,286.1751882882313,65.2731717942766,146.87251709932656
576.2769465517765,282.9293126115715,65.28732382197856,146.9012157030124
586.671906642319,284.0280540916585,65.34118225112329,146.8358857770487
585.3068716555583,286.9683633466247,65.34723126669763,146.79910452831618
587.886118855204,282.5718427724336,65.36070342014074,146.81027197369542
588.4125711246779,284.93362901763516,65.3734438606697,146.79649495829844
588.1820996066326,284.84284335348065,65.36970092025514,146.78617299215384
589.1638203623817,283.09929153779166,65.38110755996408,146.7871254051175
589.5491875505273,284.9425333973127,65.39078359264641,146.77541943227607
589.8058551366519,281.55189318955195,65.41732029186876,146.77583703957
588.7676188101825,282.9971043108071,65.46265667046966,146.75190969108735
587.7888548695327,282.9862685955744,65.52457624583816,146.73827711908888
586.5997470361598,282.70433425668654,65.53203647854775,146.75952334985084
578.8595571000242,281.62192526432443,65.59490154979352,146.88639391826956
580.6159090077942,281.98932377261633,65.62828309191944,146.92093890693852
574.159863034731,282.6177502448683,65.67859391774563,147.18903396334247
575.7182412664255,283.2013969105014,65.70319511465036,147.24266369821558
567.5857849983315,282.3154483784607,65.74941677864584,147.3246681126463
569.777576041701,282.08508447459604,65.81916473188498,147.4883770943678
561.2398121055115,280.530483603256,66.06384009571896,147.89828689254406
561.5057365565062,282.37659311222126,66.12749786182023,147.993158891383
552.9113023182649,279.3491481593672,66.19028677897687,148.3548901705348
552.8940622236954,281.18394788131553,66.23154217500192,148.41397968194508
544.5048369002467,279.277237878366,66.28903983422855,148.72073517330256
544.6818588689027,282.5207931124677,66.38774580488685,148.7996184909573
542.5409236804086,279.97202716810824,66.40480848076429,148.9849146428293
538.3183907759823,280.381837356505,66.40902403174336,149.04434762029902
534.0152385773029,279.9443177847949,66.4175129154914,149.1636930896317
529.5063010969559,277.3913649432602,66.42085769430051,149.33486299770715
525.794593994648,279.6631882019601,66.42202210490994,149.35831509786107
522.0622332351866,280.432091576025,66.42687757692745,149.41190015156545
517.7799648407334,279.19733486316335,66.43380766875117,149.48799764940176
583.2887914335129,276.03923118256057,65.38163910233288,150.5402127010371
581.9393952732727,275.5720516835172,65.32688613854198,150.59837889097253
580.1640837939038,275.01628828088354,65.22453782957945,150.6934804442791
578.9708228194359,273.51386789277586,65.16178237754511,150.7812255593311
576.4586615608481,271.69389676252194,65.06875240906383,150.91919919763131
573.6583276277311,269.29688662349565,64.70054629763662,151.7055528878543
570.5820929561609,267.59766334281187,64.07686207632405,153.21644528052076
567.5952889903847,264.82009882966355,63.40262330911545,155.3443093779996
565.2601392900013,265.9497278604627,63.15266514152277,156.20305516161616
563.1546355984418,263.9673652332529,62.63600757713198,158.2752275634051
574.1097542728338,264.08430334398486,62.22393917366046,159.82160975907067
570.9940542487477,263.26409835497964,61.972393779633016,161.03798758538215
568.539137665466,262.28887457807184,61.80312109216189,161.82693790389948
565.7356256234327,260.36210489757525,61.717641247090405,162.29504716731276
578.9856391106038,265.0865309416593,61.5835982357609,162.60196480875888
563.1254171587133,260.3130317165368,61.463134089004775,163.36846475436528
576.1775686226615,265.80564274849354,61.23111128195808,164.10186012972179
576.341688698229,264.03529259392917,60.97902562361866,164.60010643456275
576.0179673612193,264.23538669142795,60.8622444240225,164.88906297013315
575.6127520480408,263.03141624704585,60.782901621939494,165.12307941279144
575.3143452370944,261.90813889239524,60.679330925003725,165.39324364109743
574.4969727401019,260.8470318957752,60.45332858164733,165.8978471797782
573.7222731500426,259.56530847445964,60.314720049401885,166.46376809200467
572.8017113473715,257.2538169528758,60.2086760197802,166.95392909842914
571.3871798417964,255.88793102694623,60.112178794953124,167.45000415768578
570.6525849131684,257.51245140068,60.05985304437524,167.62987819560342
568.1375856930931,256.8668867858546,60.09132491134462,167.91796782678918
565.2659197592026,255.8077941793742,60.12634092982147,168.09239026051415
563.2412434719048,257.0070482654288,60.11711072167172,168.2230833575548
576.6272061309503,256.87446867858057,60.00307953810215,168.59847568167376
575.7519232616244,257.0744071760721,59.95841262313624,168.80094916009466
574.5745686049459,256.9815089684229,59.85878863113425,169.16309204133833
573.4340335112104,256.0310566055298,59.86064324434064,169.24100301178402
571.6530307295095,255.0261902862,59.86554565069903,169.4358388284678
569.5063607856205,259.15183514679666,59.889811575311754,169.5768516203971
565.2907710775852,255.37237164462334,59.97999329545951,169.90877838823243
561.676411578099,254.69715561825393,59.989065840574575,170.06136831984702
558.7870830111433,253.9918605159508,59.98892916268782,170.2422579591151
570.9507010762208,255.9543549844129,59.947617944031975,170.42247837277688
568.6850692762112,255.5238576059114,59.941308683333354,170.9337342338868
564.8146240142347,257.53308927418857,59.931739059428516,171.0526648487484
561.1044516871297,253.90136557385125,59.95503714762923,171.2372710400115
558.6362265665534,251.78527050371716,59.953867702654904,171.4395468011598
557.4797830336587,253.89706884361016,60.03411998565316,171.63378297278373
568.4795678936835,254.77440549811126,60.017611102395755,172.066154522714
564.7989246800515,256.2987725930875,60.0155676422694,172.1073649338204
561.3671097841545,254.62121773920614,60.022680595989556,172.25558596589346
558.607284345448,253.33440655697308,60.01831890779002,172.40883083745496
556.2590129759374,252.4260923806712,60.035230890432935,172.6067033726454
555.6140661438474,252.9028659058148,60.05645018098632,172.88347296130473
555.1817751462478,253.0366419822613,60.1425269700774,173.1054702962409
554.0355026339754,252.78777672073454,60.16702251609118,173.22196280578848
554.1081987204462,253.10869972698623,60.19278992349953,173.3232685176237
564.6864097214511,255.86635343975678,60.196453599590356,173.41803656586794
562.7323410316338,252.91844260233833,60.204879847175306,173.46292230473074
559.5903868496328,251.94950755813522,60.21652992946986,173.5797204107532
572.4770290827929,258.4945875841237,60.21590095020992,173.57354950214784
570.6665044461183,255.47790218161344,60.236048858279105,173.6487584762663
568.7352855755169,254.90732007513867,60.23385256246408,173.7167972076103
565.7652346820786,255.1695998344349,60.25753245908196,173.89843286466555
562.8780540661887,255.23523212149746,60.2750858867539,173.9269034486263
559.7682366279056,253.18248217880563,60.2875889006797,173.97993264995839
572.7996872117598,255.12346935136634,60.278612293518435,174.00161574120784
571.0416261461694,254.7907179323568,60.28716463481254,174.03101435311456
569.1344812711357,255.32316349249356,60.285301096992555,174.0657662248607
567.2483144235728,255.61619236936627,60.29991694429425,174.09419909935775
563.764491345912,252.52786263442013,60.357433552496666,174.17164020071976
560.4808765268239,252.9041474797827,60.36487210256867,174.20981958302323
557.3937565780795,251.65745872816086,60.38847008187488,174.28032621186196
570.0429560599696,254.20029052150198,60.352539456107365,174.30580859838525
567.0831584032381,254.2463247537617,60.406174171578314,174.39969810210087
563.648008507068,255.02105546894245,60.419998610677865,174.43027319269729
560.3751954837448,252.2638454081956,60.43327507083711,174.6080176702701
558.1192543629166,252.73314724373495,60.48795344744241,174.8086990867769
569.807994486574,252.60271856574292,60.51770357732484,174.97209832605077
565.7068722812548,254.90451742856186,60.51982706205989,175.07146013791896
562.473974853856,253.87529709057856,60.53559445103716,175.15856564123234
560.1472047204865,251.46723043284834,60.51000702460002,175.39274113961514
560.8763590303755,252.6597733789086,60.50165386823142,175.4950054729433
572.0767717032393,253.8944408938392,60.51456677323627,175.49338117649575
569.2090192628744,253.28211855530657,60.489908346776,175.5146999859081
567.2770666817711,253.67130216517208,60.474339822764435,175.52416919863407
567.0096063309679,252.4455952602411,60.42522328005081,175.60272591468498
568.23497338532,253.0082209682489,60.39017935498631,175.66684811107325
569.4305477886404,254.59296195999892,60.38168092371175,175.67178505381224
570.8713558896227,256.6496183495002,60.380056729956266,175.67124760058488
570.9604820199487,256.1715057755915,60.368793199734824,175.67762528860914
571.8086909456597,255.44209655281648,60.36766543696641,175.67730414866418
573.4719745982601,256.5228099336451,60.373229040731665,175.67088188834975
574.6335903679872,257.4634679435345,60.37634556760749,175.66586048145544
576.0115165094645,259.4695332964913,60.387062660644666,175.64291653930525
576.8902966456727,259.0442780747552,60.427114578474814,175.59655327023776
577.6346055490427,261.1859937147639,60.45070284931057,175.55922480012632
578.6288922401504,260.9631960616288,60.45627664860605,175.5450054386948
580.3730825364686,262.178317717063,60.460381579193545,175.53296786589405
582.017457405931,263.0303950179772,60.46428277830277,175.52073342531293
581.7213003188849,266.7292840072253,60.467122989611084,175.5113502794278
583.402296191422,265.622970330509,60.46935639369171,175.50519592318938
585.1454006706068,265.20062800541393,60.47088890565906,175.50134646617136
586.0332624210074,263.51711721041335,60.47261036354451,175.49649920737184
587.533811453082,263.7830464120979,60.47402499280074,175.49267566985887
588.8478896309426,263.85722663886503,60.475334693903,175.48839521446016
593.0156397748276,266.36427857729586,60.4769210836844,175.4837665687692
597.997814308643,267.6242769232145,60.49233313971089,175.44935508963945
603.1685079843131,270.8580646815507,60.51310933207182,175.4123911833796
609.0853152457785,271.3011159776518,60.52682394885058,175.39134260252231
614.5414457113018,270.9543936936454,60.53917697044063,175.372031311637
618.6466270466863,271.4990500587962,60.568229468433884,175.32720546163785
623.3885709119435,272.6753079837943,60.58936760156682,175.29710615560214
627.3288742364933,274.16401268987477,60.63155147981083,175.23623140568787
635.2006201142933,274.30747522177643,60.64638816201609,175.21496999549674
644.6416134513594,273.8488576544002,60.672978453216,175.17826193729036
648.7621452172993,272.24345781917947,60.67872297339908,175.16908947409533
717.390138304992,269.02372633047685,63.642844830240435,171.22607659853432
718.8728912851352,271.7222108123001,63.762291462803766,171.09481751190194
721.0192716919394,272.1527779430925,64.02141577721653,170.80549951590024
719.7706521459833,274.7658969652391,64.49037532620585,170.24339215932054
719.530735817038,273.2333282079035,64.73075843835534,169.97101074355658
718.7221980246734,274.0820664571167,65.334725173559,169.2765526243417
719.842532019655,273.34603618096196,65.50403605017289,169.08590131790177
718.8789839750734,275.78425024288543,65.88112872995043,168.62343078987996
719.043308856266,274.22146631096996,66.07143163527846,168.39972711783753
721.0027861524939,273.92246797418375,66.34664370313148,168.09797254543452
719.5953280427971,275.5672162153348,66.71233020527046,167.67938789975656
719.5077931538799,274.77536031465195,66.86317046776098,167.5045451232947
719.2965532541258,274.1465223046206,67.06412042584601,167.28818611871458
719.5103592500896,274.81756515113966,67.38274428139185,166.92643762822536
718.3611638201506,274.4815092491627,67.53301569165411,166.76953000487978
719.6674405057738,275.6575914072126,67.90425057228448,166.3693925328047
718.6022025615516,275.25138906396575,68.12579222515603,166.14440710642148
719.2973208547843,275.3786317038863,68.46077941836919,165.74883039043266
718.2184455018993,274.3216847373877,68.64723071427277,165.55785347954244
719.4176716116692,274.374022304435,68.85178295029948,165.34333220798388
719.406392832547,275.93160002675984,69.1982303303115,164.93206470278727
718.6427658082479,275.91917862612064,69.39126098928442,164.73859889136148
718.4642737960702,276.00184006585914,69.7027269692573,164.37797210985448
717.8599486559331,275.2405652453001,69.9410473092125,164.09949397616168
720.0556456854584,274.92227465007966,70.24589415210886,163.72803545369672
720.1279974127436,275.85483814251575,70.46026883660512,163.4938000303327
723.0720190505838,276.2961171962464,70.78306149461012,163.0648576479118
721.351956939236,277.2575111872161,70.9924237124535,162.8409292383831
723.3168423749553,275.9065525449571,71.16379238645553,162.6464701515174
724.1780707294001,276.5406607382896,71.49003434127745,162.2732753226603
724.1055836404512,276.8313361117192,71.76884013939151,161.99199214958688
723.6805755288756,277.00052121256067,71.96740692063304,161.76315370811966
723.901436766842,276.8057618939544,72.20341208437516,161.49516212432775
724.8295648367032,276.48464434748416,72.60059513265662,161.07244734715874
722.571605687061,272.39173721827876,73.7296559223277,159.82337944156805
723.3305075711089,275.5209866051396,73.78993030498121,159.75386696926844
724.1606652921131,270.8880123275594,73.99827292876871,159.4972678025661
725.6838103292403,277.9828732805805,74.23732626309896,159.2065107784208
725.0459160466171,279.3477167451699,74.38739933418955,159.04664949850343
723.7602765880049,274.6140599699555,75.22147644153084,158.01590282249185
725.6930461354027,277.3848090179921,75.32881937912956,157.89776745835223
725.3508173789132,279.7868520161178,75.55911173145239,157.64277709274666
723.342568097048,275.29647571958174,76.04914249504253,157.09978510268894
725.1451043084719,277.603057749427,76.13183018686452,157.01245321920678
725.1738142911615,280.20416091164856,76.39711125841531,156.7441677550543
724.4498038057922,273.9526839989627,76.73861551028979,156.34671283561403
726.4729818046786,279.4306916494921,76.87350627002417,156.20238786506056
725.7960267588194,280.59972061071375,77.00806232827254,156.04217828169803
724.0926151382446,276.2321196203287,77.4857776649878,155.47032288179187
726.5561425643633,278.23023040729635,77.54184802255877,155.412760022151
726.1428259803334,279.6936273433474,77.74402126830473,155.2232314984834
726.8494177501959,280.7978106713113,78.16392779548963,154.80415431704284
726.3483576343386,281.380820330001,78.4320862066018,154.54959289589613
727.7485185913678,282.0855332403663,78.5755177734548,154.3447806415641
725.5973925023611,278.2944702684222,78.85608911955877,154.02534580206614
727.1996883928412,280.2863078072202,78.88735840160234,153.9925369468516
727.9051962539604,282.70800396561907,79.03596961627633,153.84572074852318
727.9057760917151,277.41389808904603,79.22054533035734,153.59866829573662
729.2564641853891,282.5015879839005,79.33701639490131,153.50404755448957
730.6834233081056,283.6048393081212,79.52390396611882,153.27619750252188
729.9843367982596,285.0997908560478,79.71651737449014,153.13099212052063
729.8256225021721,280.3926772719817,80.0408257051973,152.7114113434013
731.791146397939,284.00566192842143,80.07961224136113,152.67776047000555
731.298998083106,285.7501886888479,80.29423278174045,152.51378376761878
730.4293265821178,281.61468332188764,80.71396316145564,152.13030879902468
732.4796828477536,284.679251202753,80.74344243316268,152.10859681964257
732.5153666344877,287.873438311058,80.96579647596252,151.94193853015656
731.4882178124284,284.0467494717076,81.29827173906166,151.5950539484204
733.4284674136804,287.1059951235994,81.34418988732669,151.55886902967697
732.563093671583,290.52459499444797,81.55641069820447,151.38903054744043
731.2340514355336,284.71642865466066,81.7881240727385,151.17445159066247
733.3488154820652,288.0875080005487,81.81345638082902,151.14826436876547
733.4752553127691,290.46834599349086,82.06087235845912,150.93705015198526
731.6015058616437,286.66880959779945,82.21517653758085,150.81035342356213
733.5458530491976,289.33463016461064,82.23197422980992,150.79179164708688
732.9221919093113,291.55810775616,82.44069761450972,150.66218875891008
733.0587269444749,286.3562966463037,82.62564608551868,150.43539696952843
734.5076065941283,290.2419276616245,82.64967643236034,150.41483159797497
733.36065581832,293.59254745473174,82.77424786389051,150.31429191334138
732.2587139485352,292.3057922594919,82.86535913870777,150.25205963948383
732.3343038952797,286.30013205028115,82.97983070968108,150.12320233115975
733.3537033662554,291.49146755741197,83.05255873382463,150.09169518103383
731.5108603476302,287.38988785806305,83.22710728557075,149.94399112300565
733.6142059097601,289.6443679659223,83.23981656719475,149.93341156829783
732.9932406418131,291.1608794036508,83.40456266438339,149.82647607229632
732.1231031686777,285.8556855787248,83.62849580519615,149.60200196677738
734.6517994280738,290.5482244966929,83.66565961803859,149.57870715849
733.5688443411168,292.79249822290603,83.8097966920531,149.45591574091483
731.8977634925861,288.41322633456565,83.91353671057142,149.38238439857707
734.0818779034242,290.1103052854417,83.95974232187868,149.33855875695681
733.9741141909227,293.45792487472625,84.10804189155688,149.18580815336938
722.468166544074,285.2543691905676,84.1061890163089,149.14685552632537
724.9035208221768,289.31418727210666,84.11192527669286,149.1457820616115
737.6425829277865,292.52790572340666,84.18847330668426,149.0690460142667
737.9121035239954,291.194601197332,84.19725619902543,149.051252362177
724.298486791674,285.488060235643,84.28323333127062,148.96824721127527
726.2034923203772,290.33090259230164,84.31323935417112,148.93541551004296
726.0251699457351,285.29059863322124,84.38833283177844,148.92971971726624
727.515410754567,292.97080302282893,84.402335400287,148.89982966058508
728.2968167036397,286.2628265241267,84.49010438516771,148.8148995555725
729.440230618956,290.9733895461376,84.51288859028656,148.79511685719282
728.5609376292476,285.63885964269116,84.66122338142507,148.69328547451047
729.4294440121157,293.21672534432776,84.66729802661581,148.6606486299532
729.7550187840106,287.0235483475919,84.738743638065,148.5953710774044
730.7580989901762,291.8170667475599,84.75365036822029,148.5841189606959
732.0074240238499,292.8141990600867,84.7859303431398,148.54059360013048
733.445035495803,293.4041286389678,84.91361968217723,148.41202042450033
734.2155890334242,294.4439101327689,84.99343135769807,148.35366190848612
732.9070996170024,290.999311619475,85.10705230327369,148.282973337845
734.0969563588155,293.3582032382811,85.17099574103398,148.26105811552216
734.9069306090892,295.21117767079164,85.28654054283206,148.18622850175225
734.0705262790265,297.6478456061145,85.33803503498106,148.1577288661529
732.1093171862225,291.9890280777023,85.37951230643489,148.06853122796994
733.8231792978748,293.17940150045445,85.42085136514305,148.05618781721915
734.503157267593,296.37635638113636,85.59243188562951,147.9092940089193
733.7066375181452,292.0564810602581,85.75017222642886,147.74242691385945
735.9977630568604,295.5719487764728,85.78118904755799,147.73843564189136
735.7515834576078,297.5472130206422,85.88972938124077,147.68067410606733
734.4932639148539,294.0891878620745,85.99058649195622,147.6031588638155
736.6293256461748,295.857385066871,86.00458105986246,147.601221899367
736.4439374545566,299.3120330132324,86.04612796903112,147.58246469911867
734.8801882230877,293.00296758955693,86.07483721688126,147.55073421071518
736.9053930260596,294.0656271303221,86.0870563569699,147.53126868677145
737.0640737588453,297.5067985725693,86.16261458081546,147.47520019726608
736.114045999438,293.8537759653458,86.22277175177565,147.3811551941228
738.4169448779194,296.15942206771723,86.25377571447832,147.3623508014222
738.1915021933426,299.4555126962721,86.27735088508653,147.33190946588232
737.7478418211076,298.8865317974999,86.31092867244116,147.31810091010934
736.391779836063,293.4322808987081,86.35103888291721,147.28383079607195
738.5532618573171,295.7715050866877,86.37070236573865,147.27297494559488
738.426215977875,299.5665413802633,86.47153861727297,147.1948724016261
736.5393606773173,299.92462518182134,86.49031156961524,147.1722197416328
735.7741294073337,291.5141161516076,86.52265547059005,147.1619466033299
737.3923614913418,296.42983308952415,86.52455719116931,147.16186400770917
736.2841430330442,292.6696423727991,86.62795962099395,147.05944747515588
738.4231151278981,295.38490566789164,86.63269355857516,147.05673298442755
737.9422418572849,297.88484750446776,86.7037661047834,147.05837471334434
737.1860200527094,293.0998153131833,86.75319523048245,147.04242244094507
738.3841957401879,295.33440509968216,86.77312150254397,147.0348536620147
738.135346119022,296.39031785502914,86.91555563414467,146.98345557861262
736.9878963653542,292.0660159748714,87.00476833384782,146.94097543084703
739.6138021971816,294.4991934054606,87.00924376812388,146.94998439642035
738.3360711659465,298.3684053891344,87.11912534811121,146.89930361602342
737.5002871560205,291.8432462978135,87.11660643959561,146.89730417934157
739.121963947448,294.0955391002172,87.1269836306665,146.89909770203658
739.2953081057142,296.5015190317027,87.22881412679037,146.93294539140325
737.598397901934,292.5225896507182,87.28725636433717,146.9187425193085
740.2126145921968,293.6696626015655,87.29559170634585,146.9405408124076
739.1145181091159,297.1555812240683,87.37876973606063,146.92219573201376
736.7499458597252,292.09046365475496,87.39843299552318,146.91008734952234
737.7150184768724,292.4378909450237,87.41243594409781,146.9487795028411
737.7600354491723,287.6903419148299,87.66066765692298,146.90239368413924
722.2476079672889,255.02859437117945,92.6176839518665,142.56821970405736
735.6258532325929,291.40012116796265,92.58536219872408,143.60572946498309
749.8198728706528,298.08799200999147,92.33862312402036,143.78281466233415
735.1646652580578,295.2398825446379,92.20430949789223,143.975906971795
733.889450277474,291.27507464470443,92.10205310156162,144.24391884404966
731.9295178155637,293.61038068321506,92.0654039052802,144.48133489279135
731.3135490880679,292.2227604034082,91.73505844038796,145.17210518034085
719.2691794074092,286.3193291286413,91.55279217121237,145.41618067390536
733.9877313443891,292.8627933447365,91.4374332160758,145.48781871662962
733.0736156333996,293.0285121798977,91.41032248832013,145.50564203215848
730.9292850100612,294.52346967613937,91.39230257883864,145.52166866908493
716.9868192330481,290.2821241696616,91.22375016985218,145.75475068851014
713.82827605568,255.78963084157027,92.790151786429,144.2228153476225
713.8999743117465,248.61423301070187,94.0778366885187,142.66652654433244
726.6272399333856,301.0989857653286,93.03003991179342,144.49370530021562
741.3729953572955,307.8198788801511,91.51552834681037,146.65987023481622
741.3022176907842,310.3861203369024,90.39719669977625,148.61444014342675
741.3676983778563,313.39069056531224,87.86737224846843,154.61181423586243
727.6275233247306,310.026784577829,87.57788974363584,158.4955977379285
739.8266718031826,314.7176027366304,86.77681606859204,164.1743032553477
736.184561946957,320.1832854813916,86.46750941767039,166.7006690127736
751.6868290364118,311.72977081342253,86.34017250438593,168.90762701387274
735.2978100546429,306.16902210276135,87.04388490640032,173.55299061180045
749.1230764759121,313.1342137119753,88.83901742335922,176.00500981341645
734.9112176534519,307.08410573176815,90.33200615592598,178.4785701952175
735.2421510580727,314.54308838574116,90.87989738997351,181.36828120257906
735.5143167202434,309.11861834207116,92.2948003033029,182.49681475763145
747.0380546107065,314.7105508575429,93.12443214261602,184.9039712644687
743.3718745346996,321.12079525997115,93.68380445206994,185.65904684407275
743.7810182511151,313.5262571778242,94.40249216457894,187.07999461328598
744.1757379416808,320.81839051739024,96.04935544534317,188.51121369770374
745.4581139544867,311.1578282990682,96.506288543175,191.31648997455778
745.4579914119763,317.07653367357557,98.15160489627763,193.88167665291115
746.8370299060152,310.7613937513873,99.08609573351723,196.03796796426775
746.871275605766,318.34287302080423,101.69282720770343,196.18377292946218
745.8329877933417,326.00831594535515,102.56642779783823,196.56926719968405
744.6768186366209,319.33852884712593,104.20799260511535,196.95693614559323
744.1351561012675,327.98785952947196,105.88319501709253,197.7386962286551
741.4360991270563,320.3303714627957,107.26712639791839,198.5558200365681
738.1501326663015,323.81857335713084,109.55429932110665,200.81382271915032
733.519150231093,328.0270279475332,111.4663920792494,201.68743706739826
729.8512610042249,320.2801771329491,113.39039828185642,203.75386685360988
726.5870541230966,324.9025276014667,114.28706384465019,204.68742385877442
721.2983694910652,319.7693720749138,116.87370329990569,204.77032712837197
718.0080718041057,319.88855008999946,118.53073137875006,207.36543619753536
712.9032002788326,320.25196695680995,120.83798381345153,208.4388090059294
710.1833807455218,313.94173479036755,122.18441075238749,209.8069797520833
705.9932508012687,315.1250827926377,124.16705902285183,211.5942973812709
701.8406563542842,309.5036356272168,125.4725907627375,213.02399457618748
700.6940837274565,306.8730048843539,125.6338569251303,214.93994847333596
697.3006495702139,313.5787242061999,127.88934267888536,214.97043869316946
697.1038376652632,306.7228064064953,127.90792646426789,216.86288590299128
692.1236409452079,314.02200630231505,128.84055653767916,216.4358156096427
691.099062190042,307.0116608573017,128.66846780548786,217.77950740756737
689.7361898830719,306.2817191671936,128.3252376860753,217.4886150929364
687.1880795713894,312.8009812941367,129.13323647335034,217.57990117230224
687.4530809308126,307.52160948088755,128.87743610130565,218.02678356985768
685.255376658703,310.9349042188895,129.80238828375414,219.16821214881583
684.3463862454971,310.89498643344456,131.77324219411503,220.17687059472874
684.6460844570651,303.7379202418264,131.02159463169596,221.57788938390985
681.9452847672928,312.15283198038685,133.09414227822336,220.42581172588072
681.918324662664,303.79700500592674,132.25205685698796,221.36262818090452
678.7514689843636,308.96892426275247,133.38308905633187,221.76261653340288
677.1997551653001,307.40216083399366,134.05630658093324,223.45804126479896
676.5655871202894,307.7052068860218,135.02275673827074,224.3769795352697
687.8357521644216,306.7284568790451,134.67193318076795,224.2463704813062
680.0717545035052,306.0572684053358,134.16828177408527,225.06105141527428
678.5185839255699,301.2362904399739,133.59119988765846,224.87537062724806
674.8765749884712,307.4200491332663,135.0199159048611,224.62253543823408
673.8448032261842,306.55637361869003,135.73422675579013,225.3819025658858
687.1540865212884,304.70438825212705,134.3721756685116,225.4606932929846
678.445272965708,306.8852688026159,134.6337015528656,224.59200041023814
674.2639248640209,307.458535418275,134.69252946247767,224.9581758428603
672.7483613340931,306.0973388886168,135.81922970920746,225.77440962044616
671.0721737490912,305.90027362616473,137.6274825409165,226.8216743125446
672.0274709485443,299.6525798782536,137.29357726611755,226.0931695964528
671.2158105868692,306.04244586420634,138.920885561158,226.29174153384906
670.9030411034569,297.33565774833085,138.54379596314817,226.6496212781733
668.9695956403416,302.47766918116275,139.8850428254292,228.36689350223114
668.1705688953152,302.52247657569717,141.6643981923845,229.58550482171336
666.8829011254456,302.75825753379024,142.40188792981635,229.26341625974754
666.2952986564543,303.25184322331137,143.36748024494202,229.53137791350412
