246.5,152.5,82,115
245.94046480086575,151.9353040831077,82.51004578417283,115.91563318634275
246.34424939146814,151.65210851031412,83.19459436553366,116.68149309361237
246.70540554224237,151.97623100122632,83.25030959847001,117.22246556002254
246.10805708282254,151.2401909320593,83.9953429676481,117.92185695190429
245.409802992797,151.10873122022826,84.03820022015549,118.16780516182322
245.80278738593518,151.33316711900602,84.26814515877845,118.07157086383859
245.86373303596022,151.24100685709382,84.07063283495421,117.96906242271433
246.06413995463686,150.86843106507763,84.4060730936321,118.28185654648632
245.44893983479375,150.88484303087967,84.18267170139083,118.22339225573386
245.69026714227354,151.36400488617272,84.14864259140181,118.03161759595568
245.8569177744893,151.88898679507884,84.20879730917858,117.83848956067138
246.3220408675484,151.85095827241292,84.26172651997962,118.14157420104644
246.17314898142337,151.92756818900915,84.3960705266571,118.1345040925759
246.10076925347536,151.60863466583874,84.37760586658538,118.37729897676539
245.49684511652316,151.23949205287406,84.14798263151002,118.35727787821277
245.5382347156214,151.37307351004648,84.09565041904999,118.2171336688783
245.62088583597628,151.51135500392485,84.02241459299448,118.04263975354692
245.6007901644004,151.2259014543146,84.24827129027892,118.26829952448605
245.6560661464541,151.4263421187203,84.19491177842343,118.13970809764648
245.6404784531932,151.8539160998094,84.1430379346677,118.10397129403
245.3952574234279,151.60696149941253,84.09621058072709,118.0436364533808
245.35784693313815,151.58366468573809,84.30040943305833,118.20450637066959
245.13275769106048,151.25988573059055,84.24408910358454,118.13866379783323
245.38163941020267,151.74390291853672,84.37289881068972,118.13973055290333
244.99205728896246,151.47825797441408,84.4029647522363,118.31313764343054
245.08790650569995,151.3770246555686,84.3860620208611,118.18754946559072
245.56875123117192,152.59280509243644,84.2203930777297,118.37538527840903
245.85560785616508,151.10390438290986,84.31943173127732,118.37920698592956
245.43018939528997,151.44668215050376,84.1219162923021,117.90383463906099
245.52006574840163,151.50391426000172,84.3230597371446,118.0818204904462
245.42299317275166,151.37992345763263,84.25431633768619,118.20752969313631
245.3522826147271,152.0298835370246,84.28079635593933,117.9367838622027
245.6528672186858,152.13069929043655,84.49607065092496,118.02939727062571
245.48702057054066,152.14966864248885,84.466237606969,118.04320162314627
245.35566620183982,152.10602622189455,84.51134579014285,118.08108038289679
245.09810156414505,151.97854452921314,84.59870179850171,118.22921726170452
245.21586881326638,151.36079433472904,84.77199770454064,118.31881716277299
245.0919340313634,151.48328507916045,84.99101781002466,118.5940271645603
245.0165302875466,151.15155142954126,84.99408578294975,118.64342971074316
244.57131620124204,151.5363121859284,85.20668224617395,118.41910884389247
245.00962270603657,151.78751779913182,85.296040885278,118.32415708513506
244.90816100617337,151.9929859649551,85.14069369946742,118.27473377209662
245.23945339228962,152.21733329882917,85.12991432808332,118.1289214180768
245.27247436104273,152.65837798480896,84.76410358507329,118.01946369131983
245.42163555148667,152.58615129165094,84.7615971786593,118.05725134715952
245.66332300452723,152.50585597202172,84.59873334545227,118.21795013518235
245.89663023527902,152.4783614666507,84.51172539911784,118.14678074455435
244.9830378224492,153.04826836866977,84.51511216436029,117.6908985296428
245.44982485407607,152.83333812657813,84.50683071222869,117.74439305418177
245.0420661952989,152.5050241280475,84.59304723279743,117.77464311106513
245.45164881438936,153.04486326707547,84.42613025797556,117.81366199945205
244.9981610261493,152.51292029013467,84.51071980807323,117.84774360438806
245.4132992897263,153.32246655440596,84.4014193951923,117.4558197550828
245.80676615553568,152.66240886446408,84.34081391731958,117.41222938068647
245.83910213544812,152.61183533766211,84.35633797303151,117.4160453425288
245.42209497091656,152.91426231561996,84.03189549972642,117.20910406771588
245.73005977072572,152.4290544763839,84.26540051428965,117.18942150819667
245.2575565992303,152.95046351578728,84.16620417192432,117.21618648774715
245.48975356649396,152.40378228069267,84.43364393376234,117.35786573468883
245.62885313535605,152.03202751697637,84.43727951760346,117.54712436614442
245.83594623709524,152.89608393281267,84.24252867813297,117.62942489506752
245.9285929488272,152.75793848305628,84.28054739418022,117.49185678483758
244.99808841104363,152.97521014810962,84.35035392458133,117.26892053840913
245.17826401008924,152.3515175481105,84.4102569867917,117.22713285060522
245.28349857524933,153.2134459135969,84.12457952780721,117.3169424633214
245.39965496041827,152.60421198904282,84.26873332975399,117.21931686760539
245.10208310024274,153.01782891916133,83.99858575266936,117.17754640010287
245.4727808632406,152.57037001185967,84.09951823866322,117.32687573327993
245.49113496308212,152.92888202541806,83.84636444395414,117.51848869337248
245.697779428979,152.5523045935991,84.05237826179413,117.64663425868582
245.78371235760875,152.19462941381727,84.21259798416838,117.7341854053169
245.9498970707523,152.02745451050143,84.20142880946057,117.890446174411
245.20399765942506,153.3534521707508,84.0825221372344,117.81925186404408
245.69230148763944,152.2191801719547,84.11365903151055,117.74421895352478
246.07616693868283,151.8832571842153,84.06440847801079,117.876328658099
245.1044733395633,153.0036822617017,83.90072022344535,117.86768317880063
245.5243023215524,152.86282695389485,83.84270368316939,118.20124315219809
245.81362806467456,152.7384353018604,83.82584004062925,118.40275879576842
245.69099327759068,152.1630405023554,83.75150271458185,118.3422111860306
245.98255990411957,152.08790185379195,83.92095582627019,118.45804337989955
245.7449263348502,152.7373854693646,83.60271675972702,118.30234437633143
245.77982249865107,152.73681097158254,83.76778637227075,118.2500414948082
246.02906175781976,152.86100799266006,83.99434674000364,118.22677501553369
246.0342856374083,152.60722972310109,83.87407237133425,118.05349159884491
246.4742528156518,152.61710462517058,83.73400486760757,118.23249313998275
246.0704791311741,153.17653300138235,83.47020738411545,117.91229481813552
245.45315262981558,152.71681316845292,83.54382747171711,118.09166044548887
246.10500607089378,152.25906064523255,83.40226596576616,118.22334063087993
245.66026969471545,152.9281371084369,83.55554518041069,118.20426316967354
245.7683594767302,152.33443892990965,83.77825658017403,117.80778327455371
245.511323398227,152.7573146600397,83.72677238981026,118.14354750795812
245.30425259436566,152.80752968089183,83.79158074104987,118.15298270700659
245.027601161606,152.7177004360704,83.7883397199077,118.0756792549304
245.8166332212951,152.62717018841067,83.78713376340946,117.67597712550923
245.18358487117206,153.27989694416587,83.64555066743665,117.33495019109007
245.35963605466054,153.3447222507356,83.46336591372754,117.01157125019944
245.78663642589277,153.03398171438616,83.42105937607039,117.03330192330877
246.57699588802421,152.85690091124047,83.61853142222836,116.97970177699469
246.0389610678593,153.58373047334828,83.67074251534747,116.88548023765611
245.70962389900683,152.90830102556635,83.49476383314732,116.85498813910989
246.45763464202008,153.69196039207972,83.55852819001629,116.62479756846714
245.8596488102222,153.2121127453314,83.74956113195529,116.60983735296875
245.35686990189686,152.8044750928212,83.75263212361664,116.74611275717126
245.79529871625567,153.97350888647978,83.71988581825565,116.3880691499948
246.06771531584604,153.0542305022742,83.66293550143158,116.44445168878404
246.32834710159347,152.9537766190937,83.73184869108707,116.65725630009835
245.68101416131103,153.2040625917463,83.55386535500003,117.01150037432824
245.9276265740738,152.5848754150129,83.88762535222456,117.3441125918125
245.43190571199892,153.08521289409373,83.59843243472696,117.4469954587394
245.41190812371406,152.9955691294171,83.79413276523881,117.5825442764673
245.73325396902862,152.46415411129874,83.67103842616075,117.60882224113266
245.36173233820443,153.36164877038019,83.28845393169034,117.52457778075785
245.73318708990794,152.9398120701864,83.45804868405497,117.27338931610174
245.65618115829318,153.09422771575817,83.31978058855954,117.30123608286726
245.9679506785073,152.9218732993468,83.6232136989339,117.55262879280048
246.15275395293594,153.22061387708212,83.77724635219454,117.57352997203903
245.71972367356136,153.22163258690534,83.89472228283856,117.60739034005289
245.11589911439526,153.22137486024644,83.98090285716438,117.59928338825151
245.9015430295708,153.21365765369183,84.02332507262778,117.58656529828748
245.84614166649007,153.1501104074427,83.95478856872872,117.54176969590948
245.80739151952133,152.94108787900765,83.9121346755829,117.55740949078614
245.7615190182937,152.67328955906675,83.92099223711828,117.64850520751122
245.8269240143261,153.40890764589992,83.76401451332141,117.68917708819667
245.96833182033933,153.21982183358932,83.82537397181913,117.7328714372079
245.91526495037436,153.01412563488105,83.97342812035558,117.75384894099726
246.39846911496682,153.29829974686422,83.99332174973166,117.51881287084717
246.40899635213287,153.18929917358048,84.0452348568505,117.61047125887833
246.21442593458693,153.0130775134117,84.32773377352157,117.73204772979341
245.81108264997633,153.53438934300823,84.25986946374117,117.56627771544822
246.09034530918976,153.0280576666782,84.0379162261649,117.46624668544072
245.9954982131572,152.9074651556586,83.8479980618057,117.59904621163847
245.90857710488922,152.67340903573876,83.65550557179675,117.58895518461907
245.78981904047038,153.60725681938817,83.43952119137235,117.1282745833313
245.60953002989703,153.33635605673388,83.29030467926634,117.14809439248388
246.53552007214208,153.04224957160585,83.03566029099665,117.27673358721003
246.19732063226252,152.8531997283866,82.9751211114258,117.23163364982537
245.77103042855583,153.68733313244297,82.9728145697768,116.8877195829541
246.1638582989358,152.82943574378655,82.77113044862291,116.9478092659295
246.30278600647958,153.08439098540077,82.86212904960091,116.80613034746122
245.8559713054126,153.74495766390405,82.9898266666282,116.58205874372771
246.45968115596403,153.66898125620807,83.24140302303573,116.79087219603942
245.996274008526,153.16638155203358,83.3459732697932,116.78715868343653
246.31942314533578,153.41436965946966,83.18272325638559,116.53539487245787
246.3410835546925,153.87784643344943,83.29479538248495,116.61277625110353
246.4618484766906,153.64608732142673,83.39145317343367,116.80940770442368
246.26599714809896,153.7169975021178,83.4207890946817,117.03119188863482
246.02280574387544,153.69879660091095,83.49376714038382,117.3213661882256
246.29203808999574,153.33516864985825,83.51772442566323,117.23445536564918
245.9042079336005,153.67355729877508,83.48452741671449,117.03847738517544
245.7184841479432,153.61203902127315,83.5646153548218,117.31614111431833
246.0740278198502,153.31116415843707,83.63302342907956,117.11180644553554
246.33671602669983,153.53504328283998,83.41623057298604,116.79203592425259
245.93183077283658,153.50998433089381,83.57068144961286,116.9858950930842
245.5643419170616,153.46064020752158,83.704188750339,117.09778610392256
245.84243843199314,153.2175569368482,83.71937007722254,117.11849139114943
245.88893152036036,153.69555496634786,83.7528738675959,116.87308694639651
245.46627629204505,153.69779382520986,83.72858522029891,116.92014344179819
245.847259988354,153.64446934161847,83.8974094441208,117.07334329382381
246.13621144137574,153.31991057691982,83.86778486983394,117.22199799315446
245.7469636102144,153.68114227427714,83.67572790888465,117.06078749045722
246.10230847786443,153.6298040190166,83.63461118259873,116.85098554805734
245.8857149979537,153.7671367393338,83.70886832951203,116.87879764600859
245.72319571199222,153.94273340310718,83.78348707611951,116.89093805035158
246.30241762235013,153.6939252373253,83.85772667558494,116.87057493884208
245.8230095370887,153.55823107643764,84.09702257528343,116.75522829815402
246.15520372636104,153.98071147750983,84.071810744266,116.91891851415235
245.5554575659383,153.66718326945153,84.31552929430235,116.98309167240299
245.25566368213276,153.65257180234786,84.35028598386086,117.30481408924202
245.68787312234,153.19628103862624,84.4661483968386,117.26215447298185
245.90841870437023,153.54626213360987,84.51543579141384,117.369022271971
246.00072741976277,152.6855071654764,84.16763039487807,117.09775593355684
245.85054495738297,153.57544046128095,84.07866335299911,117.34022940122814
245.61776321096548,153.59445315668398,84.28922962221844,117.59152629726631
246.1387786170567,153.0534834225012,84.03154008572803,117.3805382620461
245.6599342729929,153.14940997430438,84.24192069842759,117.44744489545451
245.6373248812892,153.5739677922349,84.31539026179153,117.20903076096292
245.23496916667398,153.6785777462266,84.45061212851057,117.23827753302939
245.44128716094926,153.48786841657338,84.58235430139035,116.98071634013633
245.0065026590791,153.42288960034006,84.6080664936072,117.11081140489213
244.89957032218257,153.9378613440287,84.53030492261686,117.0160548400651
245.208005849521,154.03549289617882,84.62923981572064,117.13678727995998
245.60143043945754,153.703258400435,84.4997452291245,117.02602771147681
245.29146019576626,153.74823384319762,84.43633217322557,117.08386630425358
244.87002562156925,153.73536534029608,84.4233125972925,117.08277762872784
245.12407956544683,153.85110838548974,84.5266546664312,117.1497151862211
245.28143448371964,153.29690539458088,84.5424786919996,116.72576657476185
245.39206708079945,152.8092638353296,84.25563075306275,116.39871836487234
245.6342451338825,152.7033576270431,84.12969475068502,116.13880475133405
245.29186912472167,153.12853108508614,83.93855150724214,115.99517300181674
245.56214144525094,152.94286669795574,83.94072003146682,115.8512543715022
245.81405494788726,153.83487180981217,83.85902724679428,115.83414766741978
246.00725450533938,153.51807228871695,83.85585503318289,115.71221378924963
245.47280317867222,153.9293069178864,83.89937552537671,115.84476835607933
245.78529019999303,153.4336087315719,83.88766741434142,115.77013732583055
246.08014375669745,153.0896154420412,83.804043610583,115.74780784291836
245.51230271493017,153.6293877426972,83.93680888122086,115.78163819010796
245.76737402511105,153.3375268657464,83.87571582307487,115.65293286433196
245.22803821169907,153.8997404224234,83.98913809029112,115.61886484273666
245.55237286668705,153.68572877122034,83.91393061093117,115.47060284250384
244.97670586311867,154.29037916545366,84.00775805678863,115.48622363816654
245.44950791844016,153.63371843894467,84.16744745849002,115.63284031728159
245.8708453786157,153.47383234139306,84.02013486762195,115.45769112614292
245.53427540009437,154.03521688446926,84.0323338199115,115.4523235206652
245.49013244029675,153.38136584849286,83.98540213248546,115.48997613983633
245.90278472364562,153.87475808755772,84.00429251446091,115.45157672154015
245.6163785834192,153.12175414947325,83.99784522050052,115.25311742031803
245.05580278770103,153.4892945511244,84.0135032664046,115.10199077246084
245.39064396884964,153.9082998674162,83.94604358515292,115.1545571581382
245.7265798865435,154.36799331594943,83.8506870071237,115.12827260892257
245.97209367413814,154.09403515627454,83.81961050486575,115.00398121514519
246.23813688828287,153.84739062113744,83.8453328334046,114.78709548645398
245.32554147767064,153.90707622944686,83.96503759544018,114.6022790255228
245.78557103758925,153.71501794029624,83.80280557874097,114.47876066606084
245.60138921825637,153.83327685289123,83.98285282748837,114.50794338975808
245.46239940647322,153.9502861919116,83.98264562315664,114.62760618664146
245.87650847718353,153.80259790713814,83.81755102976688,114.46353391199395
245.49182476037282,153.9405476153557,83.98248093334757,114.64244752890119
245.7663827014995,153.4126719720806,83.92320648247352,114.60177733527257
245.38111422702985,153.28008432233452,84.0820958255168,114.72985295147998
245.528250590408,153.67520164904406,84.26182039366338,114.81354356671096
245.21156814258086,153.51582873591389,84.30613291018628,114.87365986230307
245.7590595755153,153.588368415001,84.35504650485059,114.96040643698915
245.37910126115054,153.5083935332055,84.39478292012868,114.97186180794674
244.88353257174757,153.2676659365522,84.59584553325244,115.21129691579935
244.78599671636823,153.67893454519714,84.88399584239122,115.31390615904266
245.12067381058648,153.55066063722666,85.0138807529804,115.5524459812855
245.1742771087502,152.91360271523732,85.04232622193007,115.62270809887713
245.29013912693247,153.44813202320125,84.95059682174355,115.76954513572025
245.3397883543734,153.0802413392965,85.00563705451995,115.75587790609862
245.42110437380973,153.69194179942895,85.08892145673033,115.84485670366054
245.45144022970987,153.31807459452062,85.06675237477637,115.84556389513531
245.60458024664925,153.03551090537917,85.05555911214735,116.05965091010651
244.93455340432325,152.95988501715678,85.17798443700474,116.08740736855572
244.3605568060766,152.85871861795596,85.23821646978648,116.10973495929956
244.5987852971938,152.80522555926916,85.39627966062488,115.90630890817036
244.9352222823758,152.9599573607822,85.33477690941906,116.06777018922512
244.41380363779422,153.0966967485534,85.25898474301583,116.27089849795702
244.75457007995135,152.99833821269291,85.3259157277964,116.30581081911629
244.804397860334,152.581294286755,85.18508082297308,116.40100146659304
245.02660542824893,153.07416008967078,85.14521266323271,116.41367811872274
244.62539247968976,152.79279313928524,85.0735137949549,116.50321181750559
244.58778884446446,152.35503044625156,85.11114396903272,116.68434589335794
244.82378159946848,152.53881841415932,85.07293716223742,116.71075007319453
245.01379699946085,152.82397487480608,85.0971846704058,116.81491913985417
244.99887805961316,152.4543678735923,85.16286325886357,117.00976517324563
244.61264882380712,152.54932143075362,85.10110877166295,117.01884713732551
245.05844620911574,152.5130029038868,85.16366002861068,116.87027351760773
245.20431649621818,152.91368240662263,85.17472294099144,117.00311390493164
244.79342641277975,153.27177749425454,85.09737055810558,117.12191744972245
245.2920576227669,152.50366475302474,85.1512929115764,117.1329099018628
244.8986137809557,152.70620324352217,85.08543160513986,117.1841937378235
245.37494978215028,152.85367745862266,85.07403084823036,117.14112187045633
245.05131696901987,153.17256679820153,85.0360454173432,117.30344912067328
244.57878102576183,152.3957475667717,85.17168539334443,117.46051737784451
244.68003228463024,151.9931197861704,85.27921574995338,117.74000197680873
245.00546448626764,152.2759965900362,85.24700965089306,117.70452240262361
245.0723114869162,151.99095770945326,85.35930777367663,117.83141474494529
244.89767412208084,152.35592522945177,85.18047486021985,117.64238857802947
244.93446610302252,152.10865368800563,85.26845740913308,117.69089725926654
245.1753177501243,152.4052999414586,85.21669728905326,117.65915376025322
245.30759432997343,152.23881458473565,85.16122889347801,117.7330269869647
245.32616088945514,151.9178339198765,85.18427010185823,117.80701333203719
245.5621944733709,152.20465158484689,85.11788186192513,117.61124865119575
244.69652833969116,151.96487695994927,85.15320175154568,117.24738019688562
245.02200884784176,151.92637063389722,85.2734373390195,117.25260710843537
244.72357638223272,152.0917289396926,85.0564090712706,117.2962268587297
245.0730692612392,152.26892251295033,85.14003206073991,117.13109839196179
244.62302460115677,152.36129142064138,84.9501209898983,117.15811156077159
244.90700605757496,152.49414865590032,85.0793514016278,117.08007147854316
245.20850933916478,152.63160142299495,85.16751690179888,117.04285970117269
244.97160627145286,152.7483815888052,84.9457451177395,117.16254951546438
245.24635008189534,152.90501453473985,85.08515337803058,117.2220533966015
245.0134008191416,152.03052589167226,84.99797283487732,117.65624675195815
245.24458424895877,152.67678732732136,84.99048162326467,117.570227748763
245.26020569145956,153.1919572692628,84.89257509305521,117.47465034275487
245.12473548470376,152.70991741609805,84.80067318517091,117.64731817240593
245.65228789877025,151.60881994692727,84.42204984240477,117.91574006997598
248.74443845395922,151.28936479120256,82.81008588260053,117.43634994349813
251.27765992322628,151.94951504832972,81.17078627940884,116.69341864234806
252.15694222174966,154.36541916809705,80.2302909019513,115.14404534315159
253.38656965493013,155.1797679378555,79.25400210099718,113.89569568137549
253.45017495925865,154.59584019427626,78.52644218527992,114.05144999513308
253.8199374973604,155.0227287767542,78.05451099950497,113.40013525004477
254.18551526000905,153.9832341732266,77.74832258436463,113.72032037422947
255.27372882112587,154.3431464288429,77.5331823645587,113.60342885259416
253.79178445111168,153.20110651055938,77.76529844337794,114.42164188503827
251.72625140566598,150.39643497059927,78.88664134777645,115.95133408605224
248.8623407726902,143.77952790560158,80.1076791283154,118.91846654490504
243.24719219484058,129.1782545610842,80.00052434920022,123.44537884978453
231.4968423017204,111.52102895524241,81.82360420135853,126.22135883954431
223.49970891032535,104.80966876179448,83.01188744075264,125.66868020910618
207.48724263949987,76.96802296898002,82.8044705866516,130.42992513335815
196.18582951905358,72.96300301589773,83.14036529373075,134.24866798523198
181.59741122338642,74.95764022296846,84.31654766448399,136.38464152641276
168.4566995881322,72.9106326715278,86.24675938714086,140.4062677046358
155.86387617192366,80.75392031706897,88.39112165840075,144.81526965354368
149.85018393687668,75.06261092437363,87.37679432124374,152.48450977110295
240.64353861328271,237.11574302826915,88.08807386003323,149.4724838445619
240.15557096631915,244.3552945987276,90.90431615125956,144.51256958456543
239.63790520474117,249.49339479046472,92.08541515455045,140.37058264866195
240.4356159651977,250.23644469932137,92.28614312590116,138.20472660679326
240.4979708592407,250.43185156475568,92.29533634949487,136.71113491800838
240.68541901159142,251.52884762577116,92.14759532788682,135.75287606662258
241.4044409548662,250.91646161288605,91.56791280474822,135.54634947884452
241.30389259628151,251.4100578313258,91.50767852993418,135.4805163425784
243.01405185972578,246.10038223354883,90.27665243392332,135.51360006681887
241.51660303337366,253.1508216185831,92.0002072130543,133.02730717321518
244.1128107762707,246.06053757187655,90.11104966945994,134.8176193385887
242.10867890611357,250.3646503501349,91.09963958546389,134.49695996706959
242.2353266316159,251.26204491435664,90.81934968816671,134.57853173187561
242.58016566122106,251.8053713381623,90.55279925036865,135.10907437128668
243.92618223320142,245.49406870242836,89.05155282573017,136.59052535350898
243.42369080822687,248.20774633127627,88.71458835855586,135.8850247825502
244.13797352001063,249.59833150142117,88.79016927249742,136.20223405422936
244.34933631935337,250.1701697259873,88.64610286851983,136.7294906132911
244.9140230878211,250.41719899175627,88.31630168017904,137.25774460368766
244.66948581425197,244.47296889665736,87.07142442029524,138.64841064257934
244.63315596153663,247.9552863290924,87.05914438512771,138.04342638958673
245.45384712945167,250.51209424047943,87.19687331543375,137.30571751108752
245.353984543567,244.32998574319487,86.09526148349524,138.63759350223867
245.4669823103932,247.74978125041412,86.2873755158161,137.88600326218375
245.660857996023,249.69360913337476,86.51849935007336,137.48750898765647
246.56179636530277,250.50616651619964,86.64203073643753,137.5318396174764
