387.5,39.5,134,163
384.1007136727154,55.91263865936892,133.27897846206432,164.19997216246333
391.63715157281496,62.490972283360904,135.6439116523437,165.48206948662292
388.63385500418985,62.47743361226017,135.7106711485417,166.91854800718437
389.36276019737727,62.534179304621816,135.43826184420567,167.4778965024507
397.44140005402386,78.34162798322635,135.13396274462107,166.51401728794184
400.3107888300752,90.3967520477647,135.8270589908888,165.78299584343543
397.54718902355626,90.30616444714934,135.96610362040616,166.54217302067934
406.6493739479837,104.53383456526282,136.01517844318207,165.53373029116625
401.8910048442819,104.8614088182629,135.85755923634005,165.5993120898841
408.24434639148353,109.42222710215893,135.81911192074543,165.73679646325417
405.5216619257177,110.01890921151548,135.6667525998662,165.32024938750448
426.23875396785235,119.15832996504058,137.08704162961055,164.26195269551775
425.8272055888335,121.63322151500824,135.6095755290667,163.84413675866836
425.46649546616135,121.70043557738754,135.08344600214843,163.73502579432244
425.8943316339875,121.47541473239549,134.44475686561566,163.74811978094502
435.2309688655214,137.14672947353935,133.84510987447175,162.92047442951667
435.0083839834098,142.57294542413453,132.85014249079157,162.44530464380483
435.7605915209996,143.71086849884367,132.22911426596892,162.75750456830013
441.56934374278717,164.50440655963519,133.49200475800177,164.29416578192215
439.1936342692244,172.38469490756495,132.8845880079532,163.82336779547427
437.11991207085066,173.90662825198189,133.18769279555457,163.17275943984657
438.17321529220186,174.20786004724246,132.6098465476306,162.93948472428536
445.0238507874125,180.0275785040253,132.45351364467263,162.67139714543646
447.4304278560016,183.6831905178095,131.68874369710025,163.0408543465058
444.72110487207954,184.6741124224465,132.2380478146635,162.6793816405185
440.6350162437375,186.5024681126374,132.57118145409913,162.32124756879153
441.4814884445933,186.59859754647886,132.2648393349116,162.07091724053373
441.2639314557109,186.3827579979643,132.1860484431199,161.94765307403216
441.47290613902646,186.1716352961404,132.12413416002113,161.58142886508148
440.1726863568612,183.07714218173606,132.52555619963246,161.03166034459207
439.3496948237132,183.41261415280152,131.97208090525646,160.53585258119307
439.95144425219746,183.54567270407907,131.76841038691094,160.41194336938696
439.633316992034,184.15501925810813,131.85419038274,160.17064859726253
438.6944890920462,182.33969779838074,131.7585143736717,160.0867853674253
439.21352499440457,181.5095783931124,131.07048121660654,160.22361493056363
439.9449826746926,181.32656186787136,130.27488616709996,160.13255182158755
442.54580363978783,177.67529950322313,129.8853613366715,160.01448996488546
444.32887599498474,176.6692170346065,129.61312999068804,159.94954389633563
443.96915635054273,176.80572583129447,129.56361983050974,159.73359746348478
444.21152146632573,177.1573778895648,129.39160411606036,159.69293284565475
443.77852087317734,175.20584184872843,129.84699900748672,159.56338974254354
445.3986292153108,174.26724364540382,129.73013079772235,159.55773001859276
445.1410468790128,173.91244426243492,129.82140893276653,158.94225494629666
445.8726643666057,172.88877209145056,129.78881250929277,158.79877239541256
445.5882772221514,172.65992579832988,129.72518992138936,158.75188955030706
446.2591221092792,170.98298227993527,129.68261091735928,159.09126857813936
446.6608620813968,170.8144757728318,129.5023386614557,159.08469303152668
447.74497907882085,170.23673854565993,129.26428116311334,159.28268115440756
448.8658580403697,169.72988714624668,129.48404581920877,159.12266097082744
447.5965972891085,170.29726015812548,130.01117806620746,158.5517791185748
447.4279263235388,169.89296458259327,130.1139318660382,158.5867808970044
449.2148306095621,168.41303858780995,130.2115770083624,158.77315557066828
449.15091521128744,167.84280095569102,130.4776768121177,158.87258838781597
449.15479827792683,167.2540381426883,130.7302800392858,159.01056096759493
447.6244870507121,164.73556654504014,130.8225990517139,159.48571608076844
447.5460756455292,164.56204713403156,131.02188149528118,159.43685995811782
448.0214014838723,164.56958100352708,131.24701261831564,159.45963881790095
447.59341363172723,164.53950684123615,131.36671431862334,159.51751405835267
446.23018694712846,163.35688357127916,131.58393015997353,159.59918124874883
444.25409119419714,161.25785450621737,131.45312148273064,159.9569917477994
445.33603651730175,161.0313626474287,130.92905570377008,159.6867135725812
445.3198740004836,160.5845412976851,130.67107375202804,159.31424787839927
445.96457648738124,160.39266172355923,130.30790862636974,159.0988498124863
445.6373406455807,160.80546769223915,129.90576436129368,159.0658411890493
445.6787237414756,160.9781133218276,129.63053650005884,159.01166655494296
445.5031379841419,161.10914333415735,129.4690230138298,158.95283582351067
443.461518498608,161.70584829598704,129.80113951022727,158.77819814430475
443.43987905111885,161.41670286502452,129.64826644828958,158.99774599427832
443.3843023025212,161.16318760425105,129.56322896242793,159.14596212731172
441.034040468934,161.8846789272477,129.90429036840237,159.33188978443422
440.5075378222265,161.99305043138307,130.3611628469332,159.53981872411958
439.7000065181239,162.12452646077372,130.76383789334022,159.7828363089311
435.42382498607947,162.15438639802193,131.59285329354978,160.38060108504658
433.3491813516027,162.9574131746444,132.2179489445376,160.28424163122796
433.9488702539438,163.35176798208627,131.96339851765146,160.29618678528794
433.78420532905244,163.19325112231815,131.67700463830067,160.44755793303636
431.9593367386786,163.11743968658766,132.24559700932548,160.65311368361745
429.5216659225223,163.90420068625548,132.50806079587386,160.80511801713703
429.23961417601015,163.8669408095072,132.3074666179616,160.95922438083159
427.1863054778007,164.58216382069992,132.7819431395178,161.06807307814222
426.96940556618483,165.11704662685398,132.45401163616953,160.987222492022
426.3149456929025,165.71227684904034,132.2755089164562,160.929592548252
426.5543006747157,165.236913192644,132.35457087398757,160.83093920098761
426.0010841432846,166.11094632564706,132.19816867264385,160.5673424679481
426.67684596318776,166.49564890787343,131.51057228989853,160.50339785189627
426.8036573371587,166.41907152068183,131.15670912513178,160.4075504378353
426.74710744285017,165.70253735816482,130.88928091077148,160.41393605222174
426.58646430476233,166.69402560969385,130.4205815302089,160.29643246195207
426.5715334097566,165.9811167008737,129.82615106577242,160.84860467593555
428.14254258426325,166.65350952435045,129.80351009140813,160.67925600255387
426.1451952621012,165.9805105246204,129.86610896966482,161.2882954386862
425.9208728844863,164.68023252607185,129.89649106439117,161.4028585273055
427.31238657220047,164.17973339754144,129.83699469672962,161.21314993526812
427.17234792854913,164.958793627116,130.35934898040642,160.7737048272619
425.9942405528366,162.5149695580979,130.34621878210925,161.718177172604
425.4048939108154,159.99898723142772,130.57827020375908,162.537458148271
426.40454562767223,159.7150968046012,130.3805686567947,162.21016982000498
424.9611194870459,158.99094488966958,130.53607838395502,162.18838743294162
425.24593040161426,158.77422325851194,130.55216892807488,162.06770020066233
424.8737508348804,158.57151968404222,130.93121357790002,161.97443674179652
425.6010315309427,157.898751695784,130.66704336867497,162.1027681475427
426.0423552777535,157.58210217467047,130.89920920284266,161.9069736738968
428.3248491252019,156.66019009671885,130.62304415885527,161.98556407468834
426.99771078784147,157.47327842089658,131.059875460041,161.61467185492936
427.47991981781433,158.14236479986192,131.047058190119,161.09479475463345
427.2515166253328,157.61671247744778,130.84040229385505,160.84513552083013
428.4234029454084,156.86102141667095,130.0327302796956,160.97925683820742
428.9243324030786,157.0830481044718,129.7115922896863,160.86720586395768
429.14132112928695,157.93262407050838,129.71965662179457,160.1627207466886
428.8030758207456,158.86041423139835,128.9440377828149,160.04727430647756
429.46966964247804,158.23994559073168,128.77847663947975,160.25415766611138
428.8672874251119,159.08528493658693,128.0360737968759,160.04948892980707
430.10497922707157,159.3278101102951,128.07528021790478,159.83668208214658
428.6776474172411,160.90851292921167,127.57527927343298,159.2636455754017
430.7229564699357,161.14128629359328,127.54663760084406,159.08862321015624
430.75619137083265,160.83093158705952,127.09821336751637,158.94399622891373
430.2286000965415,160.9392846865491,127.2800678859892,159.1397649006164
431.99057521586013,160.6852967604528,127.38903719729394,158.99889704715483
430.99585232097826,160.21658633462602,126.70575635589321,159.00769100385753
432.67224971384485,159.916514904618,126.98846367015084,159.03816348471173
431.3994102307634,161.1065089575297,126.64982976819545,158.50047221764868
432.3416736818417,160.6265184138993,126.48357471757843,158.48945328917384
431.20481731481027,160.35345850787135,126.00951571168159,158.70070267338286
432.5848787735505,160.4797445625548,126.86177162987923,158.78381247929917
431.7734104230044,161.8637019669696,126.32636024747536,158.20521990366964
432.87332535889516,161.82990006508675,127.20148703119614,158.27481230814206
431.12730051566274,162.7584930923402,127.23739119268234,158.19300722268272
430.53876130934924,162.8078320184261,127.06158018670735,158.18631274844438
429.9328802715779,162.87547395490324,126.9212831363498,158.1443597058257
432.10680791997396,162.59818551977054,127.32938496617513,158.4335229639638
429.6758560286479,162.21325719839646,126.76721028431913,158.8112848753811
430.7652323482081,161.86730898527708,126.69679433228683,158.95431288388002
430.36104984931154,162.16020816217548,126.42300744027884,158.7909282368627
429.94478150521354,162.27692328830148,126.37904858833278,158.94144216819868
429.51061084858907,162.41173221818744,126.36811016887759,159.05408072689335
430.4826876166704,162.37526653066308,126.84578347216203,159.43069198542213
429.85892167446855,162.27554777049963,126.55117546875593,159.410570536609
429.6108883113316,162.91911088655246,126.41781607331802,159.20534370902905
428.6698489603577,162.93513513473044,126.07464834582255,159.1187076547612
430.11243543429197,163.14721963800932,126.69845710266586,159.2785347653185
429.1930926304293,163.13944753749922,126.30909152478327,159.24089741866715
427.77176793120384,162.76204593041854,126.08973778755313,159.55327770640258
427.30847717349195,161.64780027940878,126.31171193546132,159.91683182218094
428.7055192816527,162.05054670178134,127.10745501825787,159.87205887279868
426.7819193888209,161.30325593008035,126.75832425658868,160.00094601255228
425.86595421668665,160.32484015744387,126.68509906134454,160.38367920920768
425.70620722712255,159.48530581635532,126.77459439230608,160.8361191110198
426.3276680920485,159.61044148581067,127.32095486517485,160.57614161764343
425.0471604119178,158.63412607368141,127.04501372442921,160.54371985630013
425.650347781891,158.9084899386673,127.23957678012175,160.09067069421477
424.4898993110153,159.2118823046382,126.67112116182992,159.60240079065684
422.71551520092873,158.2796271314424,126.52742717611619,159.71097260708015
423.6310008597826,158.14885744666788,126.55018760985037,159.7207753655014
422.68133500213975,157.39733691344867,126.17076962077509,159.76027945417184
422.89284347892686,157.6369425924974,126.55513185335428,159.69829008928227
421.91185988463735,156.16997784637306,126.70489599227355,159.7882409381136
421.4335150812276,153.1871406129451,126.92579773059332,160.22217950790537
422.17624979884096,152.9021296597908,126.96388977302777,160.09294117938117
421.8373921336256,153.31670046407055,126.33112307831192,159.71791186215773
421.88048132058987,151.45281271049353,126.83714820227007,159.70678766151758
422.56454311584196,149.73790749996186,126.89459390764907,159.61177656272923
422.36206441770753,149.39284783888831,126.88429766469673,159.75281163871773
425.1190071429496,149.06964494173667,127.46662746232046,160.16849233834498
424.95186044874185,149.29400720723,126.96730793188232,160.05021852099281
426.13243682821565,149.50457342021954,126.79613973294744,159.97644760004533
425.37474280987664,150.14843754679833,126.41141025310783,159.46013249433724
425.68985880834526,148.86140377280137,126.99857320417632,159.71759304388758
426.6192005118893,148.79854216380232,126.94571872603568,159.68866740655707
426.15417173487623,149.01727494930302,126.9599822055264,159.57959457962005
425.43840384845555,149.2940859961011,127.23843048161024,159.5242677931833
425.3614795837608,149.25690082929816,127.04671926497278,159.44874782317743
426.2399003361411,149.08216811627125,127.04341863373978,159.49206212737647
425.55980910351985,149.29636703238697,127.3167641648926,159.46128822154614
425.2766164608208,148.65672573974996,127.49754706548507,159.45855238373974
425.6985814000573,148.24634905326036,127.69122890995814,159.33078444066743
425.23520528777635,148.1723847595999,127.4566290961366,158.93284403518288
426.1716225196671,147.8602090004831,127.74558834115632,159.0197748037522
424.88266061905324,148.08989246809935,127.93033510991334,159.2594695602807
426.9040625027775,147.84230170592758,128.39687878127717,159.49866129466147
425.5073840102348,147.46020738938972,127.93278542418426,159.46837931950282
427.3774744519045,147.06114986304237,128.23863601591194,159.57056502372868
428.17109779660916,147.0409479375146,128.39202150290186,159.75875489601685
426.71161110364534,147.68357049468722,127.91618707327773,159.61428593905077
427.9484173144324,147.1136415216116,128.0407511310432,159.8553081069656
428.83729600834965,146.0896269631826,128.16723566272623,160.3588772848206
429.5841608710918,145.19554695556553,128.04398122944772,160.65585699934218
428.8932119807289,145.37028535504913,127.8018287505834,159.98348234890787
431.9587964932392,144.16629015404874,127.96888179053465,160.3975195229118
431.82092202802795,144.13997351936393,127.51643320594633,159.7508055346673
431.6452743840678,143.0213743210426,127.44633152311769,159.8157462694905
431.25431378990413,143.65595033511377,127.46674251809713,159.5077731401595
433.5263087601119,143.70696202527367,127.43499394120708,159.4795352511274
433.5476757768589,144.41439682653493,127.40945162883943,159.02421775784634
433.2953272560531,144.649139979244,127.09920452238741,158.71319215890057
432.6219621352478,144.42542467063254,126.88505434140569,158.75377184209492
433.1235328409091,144.50150770440584,126.94123314149374,158.46697892406252
431.98836941871434,145.38951190572533,126.95216009498361,158.3622400574419
433.20602278201295,145.35484248175254,126.78164366494093,158.19659589330732
431.86844392721935,147.329065266737,126.57734962281918,157.8271274313401
433.7816871345025,146.84815479475446,126.28561295457547,158.36956815751455
433.54610589150514,147.1120680592586,126.12977665841237,158.1653142641569
433.52491964628973,146.62565823614665,126.25241575863112,158.47356721469066
435.7147735171134,146.67861080832878,126.97963302766489,158.653932956986
435.27708046769317,146.84722226328896,126.74437335547877,158.68691693955606
435.2148179218791,146.3858048086774,126.78292029673909,158.8159925623755
436.1482290107735,145.93136231105132,126.76617288701675,158.80135317789745
436.5215423403931,145.7402091479475,127.4312599471454,158.75656027619982
436.0827328775796,146.09867115342558,127.62468287744176,158.24248028894817
435.2626360003552,146.13555321739486,127.65433218875995,158.357875539419
436.5869403859608,145.80237285260756,127.63330549076045,158.6394452524149
436.2925942672996,145.6239888538621,127.38896583530638,158.6544642672379
437.11918469601926,145.49873308853657,127.29373618979636,158.66995462393498
436.2159205462996,145.80982143428542,127.26497834879373,158.5015850479921
437.16917289693157,146.28946555348523,127.02113841860985,158.63405208055042
436.0561969496558,146.40490385555256,127.19457504483553,158.4158209473255
436.8411278107583,146.2647185912375,127.08788587760043,158.27031247433823
437.349327435439,147.0452051159582,126.80369732398253,158.3520094602591
438.93537296440485,147.17094897292742,127.12267367556626,158.39028036896696
438.0036894565137,147.48556594197765,127.04516170403619,158.2926860664294
438.0254217269876,147.74861220696675,127.11692101041811,158.35874768169197
439.106157047826,147.43320086980196,127.2936001547367,158.3657272821766
438.45239496120985,146.761011580453,127.03426007587854,158.31450995270964
439.89705327763915,147.0357685876155,127.6271111638147,158.54944187983278
438.87339823830234,146.3746988234117,127.0964750564226,158.48117706463535
438.8464775257436,146.14616973607437,126.78209063882579,158.26985634974932
439.24826662975164,146.102920581537,126.98266687455052,158.42348760120257
438.811806299011,146.1650786341939,127.07611679428305,158.39293259725392
438.0402857748138,145.9050167888859,127.28874330906231,158.2231678701491
438.8342171703676,145.52213911312936,127.08106290339933,158.5018119214321
438.94175521964047,145.57097048283646,127.16698072422619,158.59487967925892
437.7636735079627,145.69358160720213,127.2654572941729,158.45516052025357
438.6019345958108,145.9170610051088,127.25200281695533,158.61195064201993
437.8268446278707,146.29700597142318,127.00771268104299,158.42454174557733
438.06184588687495,146.31227735489753,126.9768276244775,158.3867235304479
438.71507836667877,145.92366200247935,127.00765283267837,158.65450290557618
438.2050636320547,145.83627558310678,127.21391594164355,158.7126258484149
437.7108646885267,145.73124084743512,127.38772367262112,158.80560148845743
438.1000161641508,145.39932722141776,126.94152635796968,158.84582474087745
437.7519719630063,144.52854057155335,127.11211273417754,158.92251859934498
438.37947272240433,144.69219922467943,127.2489081619072,158.90068114743812
437.25782665024786,144.52547283229097,126.72231643514161,158.81327140651354
436.30618722916455,145.07867056009906,126.61163324689741,158.60083183726135
435.9894783463699,144.23036499286988,126.83038769766742,158.93629211093327
435.4289633792037,143.36980154251157,126.96213687171158,159.16114132171612
436.4629407595889,143.8981752266601,127.02794876209471,159.05280619297056
433.5134469602301,142.636126516682,126.94233390948786,159.56885579378923
429.4752891516092,140.36277671590346,127.1264466725732,159.80966817305622
428.2193695988712,139.92789070902398,126.63023342895863,160.21049071987144
427.7220630426329,139.2749711209899,126.64518334820937,160.55749906250458
423.95638296241265,136.93518202496227,127.03143719303706,161.11316539695486
421.3325400231381,135.28816062774786,127.01753449813035,161.28330420159182
421.1533162812295,134.3824375402537,127.12819984097735,161.9212250431756
415.7655821641287,128.2172599925634,127.98766103324773,162.3570221856753
411.834387298353,125.55747632854926,128.31929381442072,162.95711615173462
411.13041367689283,124.23517071324392,128.12840415853736,163.07486571471225
410.50251912232534,125.07406692803661,128.49221494421266,162.59160079195516
403.5768074847049,109.52363657064323,129.4614437004107,165.22236301125852
400.71109621287144,103.76903810651685,129.98601953005775,165.79357261193562
398.3612769044541,103.21021766635242,129.82986419395058,166.04156980406256
387.73575592726354,88.81667203661291,130.25960564173994,165.50341234527986
389.10775734232476,88.44444297433051,129.9786274278589,165.09270086363586
385.93883387700595,85.66961396294052,130.1496156854008,165.7863474957298
385.7067513832685,85.37743956206347,129.9425005272305,165.82532840092705
380.02423019983036,79.9563331436144,130.99767122052288,165.8431842050493
376.3293301627878,74.40634456124471,131.55425033589822,166.36305654190784
373.8256476605857,74.67239884951216,131.16283022601422,165.35575115679634
373.8372474174439,75.21894796109449,131.06990843239143,164.9855272174223
372.5931618644073,69.23779133991408,130.9200552083255,165.57389999194862
371.65247089807826,65.565593023872,131.25722587255865,166.01389436802083
371.557953639661,64.98508162035546,131.63111987382726,166.17778797316487
368.54794620206803,55.92515537544301,132.015795965749,166.39771523105617
368.19508428536204,52.087908928109584,131.98052308075435,166.506564338339
366.9956353674465,51.677762938516594,132.08666722014377,166.56006878853327
367.8919832121545,52.961057764192915,132.06287371330671,164.94422412371475
365.72881568821265,46.83660552201832,132.55975910756507,165.01294615109373
364.85566940940294,43.380704394914574,132.85155647361034,165.28391645797456
364.1656111577932,41.55340285853735,133.2158590301059,165.39702897591943
363.005721665357,37.30876016006033,133.26058212966342,165.44235418305414
362.1990251825603,36.06496889196197,133.597519931301,165.5912426236393
359.91332462572575,35.125381540879175,134.8006644760614,165.71258122236554
362.8376027631863,35.501879106845266,135.45992165481476,165.51431966482377
361.956050326751,32.609378486520924,135.57118488721295,165.37072202470463
367.33333387927473,29.258235177388087,135.45758038287337,165.2873607738602
365.8060886506849,28.04497577863897,135.2585067207141,165.3917639116447
365.15997044240214,28.3178919173246,135.16175857631305,165.15548239644994
367.3146335776337,26.53007327600855,135.4156499457731,165.20470671521485
366.04662869071825,24.840964289580825,134.7177913590846,164.50464280864526
367.9511224248223,24.960987525039783,134.28946728580445,164.19094024812344
371.8839584153309,23.881870488957446,134.24169167090662,164.08224922377627
370.9520968072168,24.21487324967495,133.52853824681506,163.39423028582746
371.0969156529558,23.95195332541242,133.663239045108,163.22407396907695
371.27576283796594,23.665340080145413,133.7876864380595,163.08334922956183
376.68961625542295,23.749099253550384,134.01556069597999,163.4422880732655
375.4770476978906,23.60663460172644,133.60259403983497,163.01939332553323
376.68269060411285,23.388701533405865,133.30890723785794,162.838701923665
382.67796189062625,21.6657720387052,133.88385538748742,163.0451953353686
378.8848399773455,20.636148730133883,133.64358449313215,163.18731696586266
381.3756332285327,20.20548041536695,133.13549776569056,162.47230278725291
380.5363588811072,20.87634811514829,132.9623778642739,162.16203136836498
382.8095960910871,19.52715924832536,132.4331101131679,161.8412764878751
380.45813940406,16.44753348868589,132.39003464139694,161.96439948618846
381.16896600661164,17.352197890722806,131.84852448267273,161.31197883660224
381.5403625535404,16.693665569240864,131.98187949348295,161.61793675005867
380.69350892564245,14.877457148216166,132.5007774126165,162.1394734556182
381.01607539548297,14.654673857695045,132.37438625941542,162.13937181614043
381.31674164556614,14.45516386255251,132.26985361567336,162.12506444031183
381.94775290373093,13.962219615145756,132.15153932840875,162.06961091509055
381.774444634684,14.10203762446173,132.19350588762643,161.64979560509107
382.3246594687461,14.095946984357937,132.26830731863092,161.26339815209286
382.76651713513866,14.053360824909177,132.27576809039144,160.96259901422425
386.6103942807092,13.025211714678292,132.11279788738514,161.2701421372968
383.3018300295996,11.9980409637474,132.30182961836408,161.47867715970455
384.4564209549235,11.710964220014404,132.09491217201327,161.2638996350169
386.1242628528137,10.725090053411293,132.28479066260982,161.38246529476885
385.8176143017196,10.781789439839713,132.46525132161213,161.40848001280347
385.57178882836155,10.234458559218197,132.94024259688751,161.52114809881456
385.45631055102285,10.022687504004608,133.2735724237455,161.39133004507624
387.0458804784096,9.178781609355866,132.96418426079032,161.51122472583796
386.9786912187009,8.910429086327355,132.8090438278379,161.07385815000015
387.8669686668358,9.24057077292143,132.74689160719677,160.6457708247141
386.50469430890183,8.841351494070366,132.86966801471513,160.72789011943482
389.07480325146645,8.882067274873677,132.37846031101287,160.51978776512934
389.5212108113353,8.093802550187206,132.52079786499644,160.6119201607837
389.17544117946187,6.9591236497117706,132.73755442343634,161.34888104915981
387.7076788625809,7.5413720983591475,132.44399122760836,160.9813948716412
384.5762755257956,7.219150535543406,132.99380046465555,161.2973841882498
385.83453029887806,8.967662787476726,132.97845511641245,161.23096128121543
385.84000890229515,9.20475737969906,133.33525853804014,160.72134697394347
382.65821589089944,8.887644083786057,133.57412732526635,161.11194385688333
383.38595056790945,10.232205192914392,133.54436817250973,160.85203945402583
382.7240243382774,9.658885445102086,134.05538356750762,161.12829526978365
385.3208574920524,11.13174079411148,133.88446716077544,160.98596863739292
384.92830207246953,10.441689078298396,134.14867274366986,161.32937289318443
384.63146716142234,11.26960920153374,134.73389487396602,161.63218979221392
385.694361330631,10.840923743388885,135.23421375143002,161.89522264907828
383.6368178489265,11.986737002237604,135.60255155216515,161.74255458551292
382.67852921992363,11.7631809005252,135.42839933514946,162.0880732721707
384.70865039095946,11.261817383045027,135.3345831271873,162.16502758059525
383.5607986703213,11.975049758433954,135.4426931083807,161.88496709617482
383.61845778343104,9.941856704649723,135.17276754146772,162.41923392960388
384.343771198566,8.938031441725741,134.84561149443144,161.85058025814044
384.11259091183126,8.59842174492691,134.31438069970255,161.44647033178418
386.05279944537824,6.397648696836754,134.38048419954882,161.77687995335512
381.8635992860623,3.6483298343555646,134.46443661931596,162.34792444711633
383.3394835333158,5.076724583478594,134.33445548213933,161.85493976606998
381.97905006485735,4.49020096052331,134.54044033134872,161.66955328853084
381.5012850674321,4.1821987543372074,134.3795829589507,161.19815488031588
380.3706050960575,3.3876794031134523,134.33639702233592,161.04414861034365
381.5198637931535,5.166301056300341,133.59204952140863,160.79836746789505
377.61533696954285,2.484711467517343,133.98916354765822,161.39724916010948
380.22890100280114,2.7613882851297262,133.9956909338699,161.0870262981906
377.52985434834665,2.3526991862644167,133.8912036000787,160.85802814837942
380.1768125339197,2.898336858355279,134.18226104103587,160.89499648896637
377.7488902037965,1.7232728882465267,134.50636837370655,160.89036878915397
378.3489149510884,1.5281407624453323,134.59923839568623,160.54365474829115
378.5644639849297,1.7274653546474497,134.7035803557173,160.15342109804794
378.2120300108647,0.8491389154882825,134.61559834590446,160.27264700397706
380.3941617973077,-1.4243959427979291,133.66590319724335,159.94615295407
381.14000397168553,-2.450617016267387,132.9797409923284,159.38451777137328
381.8077657934812,-2.4380786259701495,132.7015119558995,158.80373794684112
380.83505861171034,-3.126538187760616,132.9985473512025,158.6871626789807
379.79190553698606,-3.31641676929317,132.62682017736296,158.3254735258036
379.91975497875507,-2.884466423724092,132.10522074155222,157.68214295190063
379.2057088999015,-3.5752085933226283,131.76224432626134,157.96791582144743
379.8698944792726,-3.058234475403083,131.5774890093847,157.65847783808408
380.17668289925376,-3.982792126195193,131.43698299952905,157.85340414907535
380.2269247998292,-3.837456495818131,131.06082807391988,157.70827828154975
382.59618937218823,-4.2461249433817585,130.65279285620375,156.4416675181382
382.8344728044322,-4.564461720089781,130.44848859476028,156.0330864834271
384.00252408555764,-4.443935615498177,130.3382618870016,155.40004912605244
383.820083228944,-4.914254033880113,130.2200015521085,155.2220520965062
383.7747097643361,-5.597600692576918,129.95651238518047,154.86446326839962
383.3197369600755,-5.042035781345589,129.48085623474478,154.17607214704208
384.04966149176704,-4.243869182246868,129.31776510783934,153.8209023218381
384.0613707936852,-4.406558963999515,129.10111636677402,153.76769863291344
383.17692730468593,-4.933860199706217,129.28326463913754,153.59860546853125
383.32922737521864,-5.027355274304583,129.4204211637788,153.4856141726539
382.95102984485425,-3.9531689524430362,129.27367269938395,152.70305979103102
383.9703096582826,-5.159865628830715,129.2082541467079,152.8723318307113
384.8132665187963,-5.146717920267875,129.02996481342154,153.0291326287145
384.2797946925581,-5.530317956423033,128.88261331704845,153.10939274626713
385.13227248075594,-5.45732199704554,128.8203231268527,153.0967354194969
385.6756500694802,-5.439639957072231,128.85688650237518,153.15287279157903
386.4703712201168,-5.208447037610767,129.28332693158592,153.13187573849518
386.7766438900667,-3.4058466329009605,129.21831051424402,152.37741369288477
391.5960537688395,-4.130242879702422,129.4757920262296,152.29672978229763
390.1754982563874,-4.673241756409766,129.6920053327042,152.8343412003394
390.931356385723,-5.2334774286916,129.43640761002845,153.20095487268856
390.80541952333675,-3.731419147463768,129.0775531901553,152.49554674910618
392.4303061700748,-5.533845013073915,128.7403894738581,152.72860997858697
391.5510948784571,-5.233684999943108,128.4284521117963,152.44671125655128
391.9505424807166,-5.38557718504569,128.7742343078663,152.7617768917023
392.36596912524084,-5.278513267838193,128.67096389073177,152.74742362059985
391.16103821443494,-5.800758158998747,128.2182156106437,152.49758733595013
392.14649951127916,-6.004237401996761,128.1055926299542,152.03581849555303
391.57422542018685,-6.593197888762859,128.0690775177281,151.60992272141982
391.8101628092211,-6.75865041022395,128.09178250188012,151.0377124322154
390.85118393587857,-5.84626364186704,127.61045135581907,150.45639883545823
391.05817911994063,-6.315491378922417,127.38948882675959,150.1779501462084
390.65975426475137,-6.71365606619203,127.48916804115115,150.10190784716363
389.8321346763714,-5.323661698167257,127.28945631306485,149.3164931810909
388.4014749731195,-5.614215991776021,127.00216012089014,149.19864557676866
388.6692484802775,-5.935255109553481,126.71566536291988,149.3793623742876
386.0049311014082,-6.55881732717441,126.41170124370537,149.32195118216436
387.03841220907555,-6.541580028380494,125.99242908612521,148.95102049436466
385.67618569270746,-5.884756184307122,125.59693063227382,148.39729650273586
387.10516374331957,-6.553515863786501,125.38258047854416,148.02503493022184
386.826515577176,-7.45200230063034,124.73106278590598,147.73890867709372
386.87023885703354,-5.737332472488703,124.10093733357847,146.01615550095113
387.9576974680824,-7.221332759068019,123.75898596231076,146.21442336041042
387.0894217629806,-5.655193036807162,123.50038144199536,145.18892945170109
387.24567603487765,-8.478739740591678,122.80961094460895,145.86444759910776
387.020606705406,-7.253357279937461,122.3330198052353,144.56720552688228
388.08455335495154,-6.930272439221312,121.94714806681318,143.99807689028125
389.08674153867025,-8.908427000590933,121.28739681477029,144.0556130580797
391.96211004374,-8.70404498197486,120.4089456475264,143.18411622894692
391.9808359215938,-8.855608675637086,119.84984333906911,142.44892426698243
392.4899168696379,-8.692042313252031,119.43967057538518,141.70159885350878
393.9032249732552,-7.828145523384222,118.95096883500855,140.645239676239
395.13112572571873,-7.106758261579188,118.660262182529,139.87737492311766
394.61685260091417,-7.508313331234362,118.33317290834205,139.79870998127032
395.0933852570968,-6.742677411104225,117.90454710966003,139.00399347891593
394.7556847222224,-7.985175186895475,117.95517676322166,139.42679349102394
395.8810936160532,-6.755982259305043,117.64742128101048,138.56320488945178
395.31763016915596,-6.421802800128219,117.42353538202693,137.9561384517755
396.0196086069998,-5.755893667040553,117.49707441507643,138.04178158086384
396.35076583361234,-6.736597769126561,117.70971102643796,138.6563703842485
396.27253631501026,-5.945723465181075,117.69676271083705,138.5311615264567
396.026095106139,-8.288466995842441,118.00526021632714,139.52540970762198
402.00427825820884,-5.116612769710613,118.41704748426993,138.00782449296818
401.90873485910885,-7.228023164342403,118.56080735260267,138.71839771982332
402.1660928329433,-6.790741390891355,118.11832385249834,138.20349500699524
401.434339701448,-7.39170957292815,118.2525551034727,138.23698757204997
398.69547362141776,-8.55322868057901,117.49377603306439,138.15146598815736
399.3948519473787,-8.246236345184187,116.61736850032884,137.63008770540014
399.5864556442715,-7.473647195430232,116.10131288845986,137.30010065097127
397.812141389751,-8.551983803842631,115.98069973070706,137.4672806169492
398.31498122513864,-8.35996566040879,115.57662797867117,137.01942013094146
397.86546275715153,-7.663208554955759,114.84074586728971,136.7487930545874
399.8098872307237,-6.558999007104376,114.56965543264238,136.43404368334905
398.4747500293058,-7.377329320130684,114.64462296215652,136.81623610681072
400.2387997688019,-6.971412188357235,114.85639760769129,136.6009301349661
399.61024859296845,-7.6633832453430415,115.03340454901131,137.13601574020586
401.7572146530741,-6.268611489395894,115.25662950658932,137.22140380217937
402.875961032797,-7.640809950686389,114.97386952283165,138.20359631611473
