544.5,73.5,341,334
529.4449271834062,60.189966646168614,343.2928009676601,335.1368380241911
528.8030835160254,53.58483353322748,340.3901164991382,343.07005852329723
523.5085724890874,43.87898462034724,337.46206396805314,344.0475522474952
515.8865794765849,42.012604924249985,336.61454875709643,339.7628717974656
510.4984066800147,41.368145664010115,335.5283350316943,338.46036871378885
507.89350625503084,45.469345198529055,336.12674767518,333.03267362424316
509.2912799252321,35.61553483253377,344.2481085989376,315.09759034622397
511.0299647518791,42.73799062388434,352.8898604971573,303.3098206397435
509.1225914517079,51.51142310464843,356.8329210114412,293.3674698002246
509.4071309984275,53.454613969496364,360.8378103284939,286.26530566658283
513.4654227287936,43.97538107480051,360.4362227288151,279.9259923727226
518.4213099625124,48.55715071534482,363.7536924935552,272.6205808048374
525.3671464127908,47.28300353131678,367.4815207068899,271.4554638417167
584.5357665487186,51.071677999018505,383.748406411597,273.631022659304
604.8054047358148,68.77112541138186,390.02951883134995,286.2031704676339
629.5182763846661,111.57716377493603,381.6110997523972,308.5678317165998
665.4923892935803,175.23818632550947,371.33878106957854,317.70190233810916
674.5484174844048,211.89982604935068,365.12959009778075,320.36360824198925
665.7898653073694,265.967945627618,369.7517473998497,316.3167779599663
559.3645205542225,280.4759394396694,393.8236588299716,284.9788868686852
604.3740334668119,326.15728886092154,400.78751264346477,272.7672805554777
631.3810690827049,302.81771748825525,384.5825234429284,289.36616969973613
621.7780834742628,302.74608431006607,370.4136548770981,301.9604763240588
604.2674273882594,300.44988368218776,365.0628624043294,305.7873942004515
591.6749177341594,300.5013338201469,363.1795471330616,308.48794117108463
575.6347405104564,298.90822874523576,364.78022056545285,311.0628809528077
564.6801461363075,299.65795190645747,364.8752995115045,314.66375926110163
555.7143231890776,304.0199672600613,364.12596281624275,317.84475498974604
540.3839100043108,308.8396422863649,362.01603723265146,320.246547400823
527.1333924471346,311.2844116971046,355.87235799153507,321.27245295342794
513.7646824276534,310.58779950767905,343.03880940256767,324.1087342733114
505.16653575463124,303.9208223089288,335.778695201615,326.3857848317006
493.1642097044462,294.1965730067793,326.07845609715105,328.6555953866833
486.67604700970236,291.9026308761282,319.04035048688286,328.1523617890987
482.95395656093143,294.55869571183575,312.1248607453866,331.9549829798052
473.8148753726021,300.94742499989513,310.03623997995544,331.5921896258545
465.36297582346646,310.7048799873256,315.30015222214763,324.36250456554427
452.96961400369787,322.66278570856036,316.2197246013089,318.64133042165867
448.11503000556957,337.0136786958236,318.93943737448194,307.8348081190072
446.22181508653193,389.1903059153326,325.7698199160332,293.7693573298916
450.04720741494594,420.83979399043665,324.4555354270518,288.4859146269492
440.7428321219961,419.9463619827193,323.9338023856322,283.58238853236793
437.5156660978253,422.2712141983604,320.10870022987217,281.46503297231686
432.35484973699164,422.11158727866257,321.2490118074355,277.21238787448715
418.33788806953464,414.8203486667666,324.8606443403475,274.5871700909548
400.5447944525147,413.57241302465286,322.0230606698465,275.26807112028433
387.1621065905323,409.0064546584041,324.6668371964235,275.0589748980699
392.55315027465326,403.7487690784326,321.33530086120163,277.6237573548574
389.11840272227323,401.16018329533154,320.895998129658,277.81861767228014
391.55956914884337,399.92954831388306,317.5002201375864,277.89056559271194
390.4437058512922,405.33001735863974,312.4005244037398,273.1236073959293
387.51192744933473,404.3865590889566,307.4008066333749,270.2475534877554
388.3499151559538,404.7277239913493,299.30470525883317,264.11037682399154
410.74978131138676,426.4028823559312,293.62330104244967,260.56784512900754
404.69430726245605,417.78739322407415,285.3093605294711,255.83387664589543
405.53066584595985,413.6294745922937,276.70633692783224,252.9982923625202
410.58743220163876,409.4369981305428,268.7000797024669,250.26178341773598
410.95794851473704,404.80302245942175,264.00117587761605,245.5755187565601
417.38142916506354,403.78788957202585,257.4273764650857,244.5010448653668
419.2274803921447,404.897866411991,252.79083316924857,241.6126342733957
432.05445341278994,404.82956833155106,250.34762817104883,236.9111562269698
420.4211870284415,408.46242725054145,249.64771501689413,231.9713251153684
435.13217928438183,410.244793393285,245.2435985470057,229.2130831915718
428.0583350847387,412.583994319172,243.14439020251763,225.74583675437913
430.96194055011426,414.55861783925445,238.61811563212567,223.5090130387992
438.0026588043411,416.4422117835092,234.37426361921638,221.15042881850252
443.92425471021437,418.4914688846532,227.71506467017127,220.59283868848013
452.5714528786634,420.4213620166148,222.32224151442557,217.6617959657977
455.39717812202633,422.8081276179215,218.56515848413588,214.54313658458773
462.25126831876105,419.5158961290135,214.72464433517325,212.2090700519057
461.76308605206,419.5397680266737,212.00428159272707,212.1326928334357
469.2926246203622,415.2236858669279,208.3307168081124,210.3109015025978
507.27613702369786,412.1041394107125,202.48354216013234,213.8279809415178
528.2284527560782,406.6992003675663,206.55055986529345,215.77522436899682
569.4847628322601,379.3930118279463,209.0339342808009,226.4706474077094
557.713699352377,375.5643416208025,211.55655097140198,235.68819888442832
594.1772942802405,376.5281035519842,215.62520309565548,239.66476828759832
617.89033128085,368.30564398377436,218.81148337300107,242.41096363098825
647.0893635237748,363.7899220902081,220.07439529706355,246.9652202614435
651.4950345749473,349.9501901875084,224.57249571486,257.3137915039767
667.0249338812077,338.7040847642837,236.2091158645462,261.82775947628056
683.8667655343788,327.9603965142338,247.81118864218843,260.64820291668804
711.0841636267683,332.45869980295464,262.97567376844484,262.8869164304939
738.9189510473427,341.205247910053,280.1683502090341,262.6084961196175
733.2124853980438,344.3959248783692,287.8784626370875,258.64058026472645
765.0196413796193,352.78918478739416,293.76061063487407,256.9750855321257
798.5227400327491,386.8946042987172,297.506519041505,257.96680693428436
803.1243994293898,390.87692509850143,300.90080118511344,266.4074921779776
790.85737778321,395.0292130056944,306.78830860405964,278.7006756104178
778.8799353826934,394.1249728868543,309.0087135009183,290.526544191909
774.5368886894246,388.2564080462468,311.34575970346526,302.03710433977596
779.3887654491948,381.7244723395146,306.25971200591596,311.62879085677133
810.40933056324,380.61927964124357,305.633269888177,317.9100557126945
837.7602021402012,381.2099288451027,315.1456380623797,313.1733063886859
886.7746816465688,357.1601651943942,333.38303647151963,314.84729658072786
909.2200621358838,295.46429715066154,346.43149210665877,304.1460913840135
897.6465988672672,330.61359284066776,354.2935313300493,299.1754647867159
888.167566228459,362.60176260172045,350.0090924877927,302.3223170981066
874.8152267499004,352.2558994491466,353.857575995081,296.8950916057689
864.574125501124,343.26897776590783,359.7699409224432,289.77159534211955
857.0073991030583,367.14238754663256,364.06503865418233,288.8090737237854
844.1181618169098,387.0047547952719,366.17174313065436,290.7351570976004
836.1238010237456,405.0681103335812,368.85099644763454,288.93035306443886
819.1501767143444,416.69818223582905,364.7016493022768,289.85748228545583
814.0296093963834,418.56224814425536,360.24382935598453,289.48579888054473
808.416286097859,421.47288499709566,353.6182840279845,289.19639840102997
839.6010140395846,423.03189427360365,354.11555406616407,288.52711699248414
872.643425200807,401.59800802529907,353.5562139214538,292.0724941643863
845.4392614961721,419.6225128178363,361.3792370704696,289.4789136564602
835.2500927742792,434.06252520474646,365.5274185694311,286.25226260090164
855.6537670304006,435.17650070109187,366.21051424053815,284.0929252491748
850.6252575894621,440.129183545437,368.905508815164,282.49259324426146
849.1900621793022,441.5603796246412,369.7169785367747,280.70326100234934
847.3732925882939,439.57010440657643,372.87308394789625,281.3160057191033
847.1948459078613,438.6296480412585,374.5584622016065,281.39730676207887
848.0099508121249,440.7305795873848,372.54631593234603,280.76668552544766
848.1522048401125,443.3144441125194,370.28276153161374,279.07593358508745
841.2462260580944,444.507757638247,368.8216497139359,277.4548703792667
841.610745785119,444.1107132891543,368.537343432542,276.4478440414414
837.5212508515225,445.7984457547026,361.744650751212,276.4551308136072
834.1018512543818,446.2019976502645,358.0530859089333,276.1259765225672
841.9933990469474,432.5422955712343,360.16426980378253,278.04888486153584
844.7761552750806,439.484705755025,360.3638158649725,279.0489359768036
849.9066815572227,437.5279575330378,359.73536217764126,280.4318290119645
846.6834229513289,440.65829538416335,356.4405702234742,280.53079676903354
874.1941809714635,442.34015786289984,355.2759152977068,278.36739551246535
862.1448650907017,447.1704429703254,354.62060647695506,275.80116991355055
845.0093519641213,447.622503580552,350.4300696197644,274.99258575210644
838.827999972429,445.90547150549787,346.5023664223629,273.9184068182608
832.7210418699397,447.95545202637726,341.6525714609597,273.0893646226324
838.6292697007323,447.5460420683406,339.8214320759247,273.1577203973368
859.8202176489344,451.2337015146662,338.8386793985145,271.2583197976849
847.628551214796,436.9863033873308,334.4134719225533,273.13076345225807
829.7216684834375,448.5802429086105,332.7537953076334,270.6271838786928
808.2384199778869,447.7291680253537,328.7319729217619,269.851766449314
792.5371894059972,444.3020856169076,323.2332385394185,270.69031389560075
774.3693947991203,441.8885801409041,317.5564414311507,271.80657092991373
793.1161148007891,444.57342501005394,314.4201639033991,271.2280322383669
783.3115237766996,447.7850258227501,309.93821092655367,270.8021050117784
788.6283294693828,450.67443040925167,306.46866013383857,269.2714805197139
793.4420684240849,450.58759501985105,305.91128682343333,266.73761531638314
789.6747098380297,448.558883846972,305.1705494743645,266.08207598840477
806.0411668991663,446.84710505631534,306.82014267631,265.6222588787085
791.3381471968689,442.2200790704378,303.0506106392545,267.0576162589414
788.4652407125948,436.3223059299541,295.9187018213038,268.05911613793126
791.9181173349275,435.1609891252365,295.55943447751724,264.99530279454666
793.4615012434007,434.25375772857876,295.09317533137784,263.5754819021779
780.8607394663122,433.70839453719657,292.9803468500322,261.5125146089474
789.7759219897321,432.7414590808869,291.7905839150088,260.7093497702239
782.5188950455067,421.1935873194601,286.9775923627857,263.6294779824086
807.2553012300455,422.032509904975,286.9228784434153,262.8534264701122
815.2807705439054,420.2408188256604,292.6042586938692,258.49343780964955
805.7131340198171,417.43219468242035,294.5420238837696,257.73069837945496
804.875305159456,425.87712391203877,296.8909940897096,255.73018318193684
795.8420858302363,433.22740690824736,299.4297952664598,254.46593367969297
790.6252665580589,441.5229161500715,299.23520657692785,253.35150535259984
790.805213962076,450.98237715565057,297.7584572204393,252.21122790320928
794.3867019082954,458.9021871032578,297.4124764718908,251.0452825914299
794.6888613279023,462.38880249699656,293.2543966272756,250.40997580755342
799.4741910762518,460.43565143253244,294.14437517684115,249.9907745871775
788.1649027987412,460.91502075522044,295.12892425078337,248.21909713240666
778.9022427776222,462.9250053800232,295.80961500530145,247.20632097133262
768.9639949139092,462.9921889076557,296.1357834317021,246.28677209567505
756.7810478460053,461.0997488257986,295.32506852820313,246.98192247347004
756.7940265626341,463.15773131371,292.3227953581749,247.89926218896198
755.3211207074048,465.136452766577,286.67813961563064,248.78554448769563
750.1950360099406,468.0871034653251,280.98163290124523,246.76997335677058
749.165184607727,466.37283452846555,273.32311880961504,246.58443342401688
747.5970608534144,464.5542438831508,268.0155816044952,246.09320723631396
750.2374298443226,461.39124843921513,262.96028147243896,245.3224378512055
758.2636908386078,459.66918869976786,257.9266613088198,244.19158708473867
758.6405259462716,460.63063327641896,253.36923533329923,241.20250458922766
763.627980445373,458.1886211955044,249.2081738769055,238.53184840361405
756.6962162309495,454.33637058442037,249.96425944991753,236.62175611992274
746.4691654593767,453.10166595911244,251.6492131201385,236.72211105306434
736.4123100710228,452.8655226347156,253.9207913284868,237.51535446846336
735.0713039375854,454.69048729969836,252.4408840015505,237.95115426065968
729.6655834283279,457.10581208496734,253.84964557670634,235.1885813006869
719.0421308414074,450.0810479803974,253.09780578594768,237.37304774987805
714.7672037780702,445.8110239336541,252.44793285421133,240.60791434006876
711.2478562087573,442.60837561400547,253.37430804654804,242.8460633429525
708.7006913274465,440.37844558577433,252.56357751787942,245.7447726101538
705.1903979476615,439.72575886063305,251.8049098409566,248.14602549597566
694.1678413012511,445.1485897984264,251.56216226341604,248.76366241799627
696.1894203199481,447.8570330033802,247.6765995475581,248.19740247674721
704.0453822047448,451.09151273474424,242.6752642331649,247.27130066096123
706.9604948820918,455.2293444359646,239.53402494147448,244.79441626929324
706.8392328839934,456.6522583980825,238.4975672520327,242.6280594801969
698.4380463233284,454.78248699205824,240.69016006177816,242.18167251700737
697.4955991745405,453.87346175062544,239.5771007060183,242.87655155116545
695.2083195252644,455.95583808288757,240.95146254630356,242.51127813278066
690.0706280090262,460.324217724818,243.70576031648127,244.12927425053118
689.1338725148636,461.1841065520143,246.5027495505416,244.98591928748368
688.8903695467088,463.4874399089671,248.10060284078645,244.90446152362102
689.310219369968,464.2078017756349,247.4271384921865,244.73934120386718
683.9886020154271,465.34149620545475,247.30956330289172,245.52245965128003
680.84475063991,464.48039421329054,250.13227972961556,246.08146981370146
682.8609774423516,465.08551744597173,250.38487747055768,248.14079608317184
681.5569418113972,464.66210849458196,251.16262825498075,250.27852053445147
683.173288646891,466.0007224757327,252.45107468256484,248.48314257634615
685.2201180957198,472.4990902241682,254.65645133407105,245.40321806885504
690.43007779549,475.3499409470597,255.63877364137892,242.60944699721756
686.3175767732489,477.0334828018633,258.69242377622356,241.24253232638299
687.4839301069501,480.26756264490723,260.1776373167986,239.64513355795856
681.1610703561383,481.35580842245264,260.6025783531511,237.9221842353812
694.7655581940795,475.9776378598548,258.8925860604474,239.97661248063304
693.2435238810144,477.6473954076698,259.1455262895896,240.24106576688476
693.7739516603814,477.09845017885925,258.6841662609842,241.60802285629984
696.8202554257534,477.97867412854816,256.22171405517605,241.34233201315823
690.5484214340158,483.6413407258867,255.19095252662729,237.18060736950662
686.1078424848915,490.3563949861758,251.5388128861186,231.8501311121119
677.8534338640186,494.30122597898657,244.36029034514974,227.82351195791136
676.892281724729,497.4929436194309,235.4304198648178,224.00050315064027
667.3316635921807,472.15053784346276,226.46082628067126,231.56932501751794
688.8957138972521,486.31480990481367,219.94836440343857,229.16009051090498
691.901856533595,491.53727874786784,214.9076772790986,224.3788305172099
695.4008815502145,496.01597188780323,209.65575067897265,219.8653934599039
693.7175693646855,501.882109428441,204.41383356138329,215.5465705270658
722.1230738983695,527.1397068573568,207.38006524718912,203.56286599516196
719.5080604104865,531.9247619686414,207.35047394063704,195.70670688343273
726.0193074689475,535.7760184541855,208.3510263172452,189.41330970366516
734.1400930372782,541.0150180738513,211.38452537101347,183.9094177298061
737.8428618133156,545.4980451100713,211.5771476089779,180.28065585173246
739.5957335212127,548.1982808816455,213.40914985968772,176.6334283509807
745.6409350170048,550.9872457053098,218.6980307731326,173.15329633586964
746.1200619858766,549.715609920302,222.34387658590776,170.68634070251596
748.3499423715351,552.402516004903,224.39222919883764,169.26228706297695
733.5387729752539,549.5868853265191,227.4025780164245,168.47791712549432
737.2914949045913,551.016753358424,226.15419516238825,169.82931454175662
736.1323504042874,550.8237260548327,227.15901081914697,170.89277462550928
732.6031449017744,550.4024251888593,228.97769861860655,171.4154833549461
713.2100966499063,542.9332132291979,224.6427852956827,173.55237262155885
726.6628481853583,547.5545349717366,224.54449314701992,173.8613315000677
732.0880747629474,550.8566844132997,225.8879563126426,172.3220913251325
733.8550809490275,549.3249008495382,226.4113188947057,171.75540632977675
734.8429307169553,549.2631391585206,225.6160037563571,172.7406632676055
738.1296633434963,551.0144111975403,223.84447369919786,172.8760789082703
738.7745666180724,550.5077635550571,222.2115011563552,171.8933402863002
741.879712843621,549.9497932340801,221.52432720119913,172.4791651450396
743.2484576538588,550.4975739266515,223.28939247421692,171.94384456504588
744.8371646861283,547.1053491321443,225.2809308747355,173.64173819626606
738.2110274652819,545.8350099497171,228.02402238643577,174.82251680182767
737.1037978771902,542.8644255632613,228.61684648323507,176.7553366329364
735.8794549339575,544.250381779568,228.77108709344031,176.63891412189298
736.4256765197275,543.5344212180429,228.80533109097513,176.77650989322802
734.0704131765434,542.7286111826371,229.8420430037838,177.17940200822142
736.4612200359464,543.1103400175003,229.50779599945537,177.1776979572122
733.7300019920524,543.2428000202455,230.4779344378599,176.84232754892565
