268.5,500.5,240,194
272.1000893087122,496.9921929513708,240.07191801648668,193.08770996823014
272.8428808588832,496.85149971406844,239.72954103568213,193.18794031418983
273.03215563706294,498.5818186776365,239.17396285311906,192.88138611584407
273.38042171687965,497.36673393093344,237.98021676359406,192.7568940968753
272.27983067039673,498.02883853449737,237.19150375119796,192.52561151118445
275.0105930316862,498.4500450072592,235.32513498298002,191.5218987856497
275.87154475642114,500.58655672586707,233.63013739053662,190.87681719528143
275.9737381973408,502.20421676964804,233.09187765398775,190.12823030588532
275.06959755850704,504.83524395207223,231.3670440215295,189.34534721712947
275.18002515354675,505.0945207634128,229.49454638970056,188.76219927349558
275.649758888953,507.907963519037,227.98494594807806,187.8790848384495
277.61325998913054,508.7581524409792,227.73864524193996,186.40905315271192
277.843557380228,509.60146103818073,228.52227190864335,185.07787830345129
276.8858997332653,510.0223236099142,229.44421345092837,184.11857071215746
278.4507394875279,509.9171351800335,230.88707947081508,183.15500500600086
278.1166383361338,508.9578337566753,231.8618256602648,182.99024002816282
277.53610739087617,509.0780679650245,232.02532561916993,182.37198005772873
275.5878758423694,509.2874134558376,233.20840456472484,182.36018823028874
274.9771502024978,510.05863390419677,233.156961819619,181.55567912153816
275.090393432199,509.82875072578366,233.8458743155618,181.40334761898168
276.1303510225983,507.9778759738224,233.37105571336122,182.20472580980913
275.1807454199965,506.39301615088783,233.44238641681758,183.8892963105519
276.24705799100747,507.2724351687141,233.33262800071736,183.84913424593066
276.86510670075216,504.3343582609009,233.3590790278832,185.0080453438141
275.60721244319967,507.29450886844654,234.36282359004633,184.00072325469938
275.07971311126244,504.74596637779587,234.1982736708901,185.40780650985022
274.9029757559258,510.77409519100695,234.1051142379725,184.18919346045436
275.82222449819545,509.95502253545874,233.67319970497883,183.87768967601545
276.32458493085454,509.31075430740174,234.42294549253089,183.6068544223059
275.43337281037344,508.62234392786553,234.98216345183107,183.6307438011064
274.03841794607854,509.95667425249076,235.3293704101877,184.24768524459884
271.96588117762934,510.66036253168875,236.1506519663427,184.01345517248524
272.55417772573344,509.0795670102773,235.4372932649232,185.15394092584899
269.52533252028877,515.4859144318297,234.98254490170376,182.20798821683837
271.0376742636493,512.593330234132,232.22644027216612,182.70563858778917
272.51449178927527,512.8119664349717,229.50945981545476,183.12700286337486
275.7307405173475,512.5202239956911,226.67345965659723,183.5484096444735
276.64995707113934,510.31323562138596,226.20456247201776,184.84586956454677
276.95941242132136,509.9146402130535,224.3065211936126,186.00780301789234
277.33997940335075,510.6948232089493,223.85896133505508,185.72943899829926
275.3807350327387,511.535083373386,224.2447078143926,185.22131807109054
274.6372830645282,513.848553479921,225.02183582613083,183.6116999214666
278.4140071669497,510.31088589674215,224.53486253583867,184.01933193612138
277.73509237805104,508.10118312885527,224.5220628030281,185.70754774411193
279.0115319542431,507.84343300034476,224.52759167257088,186.19805222337695
278.90893068954057,506.81094629518634,224.57054500938042,186.69499861419314
278.8820824183631,505.9836942342183,224.02625002560856,187.414756768741
278.98667417198476,506.0495983520423,223.88223869144807,187.17266099343203
279.2799138447193,509.0635848763699,225.45948782154957,185.50008993757473
277.7030669694991,511.81966071005917,226.14081309321506,183.59361086808136
278.84177245726255,510.1675888547269,226.28833388229083,183.6968704749708
277.279097458304,508.7428893760826,228.66745536410593,183.5014307653436
273.47608082155955,507.7736420064971,228.9295593468235,184.2332920559138
272.5618003620075,506.68967503074407,227.2225494060185,186.41770542882676
271.32503570186543,505.2919045093514,226.01827401782185,186.7724896738216
272.07236786798353,508.360196047983,227.00452213256133,184.68429889239593
275.00642553834854,506.24981029824465,226.27474821868068,184.48457106707394
273.07772931595343,506.3320154918333,225.52843382677048,184.3047705045019
276.02454583503265,507.0129153548192,224.97819554492918,183.73642816740804
273.25679292894336,508.24534335753054,224.37479773924883,183.44935565121258
274.7784096070467,510.2779432211097,224.80263824893262,182.31537311765777
274.88867515642767,509.2582160625632,225.21573772392026,182.06328752729542
275.7895581648598,512.0245664097197,225.75785236043737,181.3813687505545
275.8621223541646,509.9796755871104,225.86773711988354,182.47135615100674
276.61807328520524,509.24382042335526,226.40916591766864,183.21159076764826
274.31152861456474,510.32610682585187,229.03634210148658,183.1907383510674
274.40631780822724,512.0844042521746,231.5595589717299,182.445522969247
272.08271637857797,510.8385235381038,233.6629064023328,182.1637446158183
274.72821511312236,511.99160848655515,231.79908540876886,182.5944242653482
276.85840886854544,512.4212090410973,230.25635236455173,183.48066137438053
279.13590388333955,511.18544449024785,228.82925959753672,184.7273028665977
278.30122387754705,511.4458992191352,229.5507650306267,185.02526550297733
280.5144687210184,511.4301797970994,229.94830478933233,184.9555146890031
279.1184402810235,508.12459068881424,228.88966129090414,186.88747318282574
277.1664279271232,505.35366998823736,229.26180395105146,188.09677788659184
275.30886071118596,499.8540137448633,228.46739162618158,190.35825830394288
274.06987324706165,492.6066541634879,227.62167900102435,192.42914075862484
274.1327745326395,481.8254702533626,225.67018985588652,197.38788423500347
273.99054697116094,472.58659288816773,222.00948959668716,203.8788778722535
273.4944342838303,473.4012979164857,219.06324603824308,207.1242422716417
274.5867736030966,469.94296975701786,218.3167735955417,211.1850512318738
273.29020447039625,467.1730758966255,216.80385183286623,214.14518163645056
273.54090950400507,461.8875889121172,216.57801078735042,217.7807775308212
273.13741156201735,458.2744643871662,218.26262122906894,221.01217975989192
270.4214913029333,452.7591000195556,221.07518426997268,224.55379850213217
268.1240982928647,455.7857024069855,222.868193165705,224.28787237946352
264.61429187272233,456.0750664669964,224.20962340406095,224.12783601378283
265.4591949788189,460.8340351455411,224.1061664407539,221.93720063575836
263.70816544351294,462.8953910392963,224.21748058682056,220.80087705472994
261.82020213850956,463.5447190899712,224.21747011644402,219.98605429617078
261.58890162023806,462.49250721119495,223.78210035735555,219.92385922971812
260.0665292167814,464.9586000944247,224.24672150132022,218.85322522488576
261.13523543732833,465.3693547348899,223.45416782582856,217.9597213934293
261.77909398811937,463.11987989535606,222.32512787008528,218.17142150737243
262.3130772476411,463.9197341860511,221.95011112292286,216.8476310222863
263.7693749904477,466.1106205913202,222.5627012223316,215.00371145271498
263.972883702413,464.8470694825359,221.53330407818999,215.1994325877487
263.27227863986093,465.4194543507968,222.51629323623985,215.19473531616984
264.5042928225642,464.6622137896107,223.0406746284474,215.13771756769245
264.92234935330924,462.7975065030407,223.0481058117235,216.37737889452498
266.51894633517077,463.6306893777139,224.53526119797604,216.24163789245497
268.1630309140635,463.28836124507234,224.83867386163234,216.52407483243405
271.88278391446437,466.5070015133181,226.54810127147505,215.21419660154555
271.33195534989943,466.9203687966501,226.70540267436286,214.85556782788075
272.59234512487456,467.06281537369773,227.86869991045393,215.3991671960252
274.64185790984817,466.81712533107776,228.6414885914527,215.89113763465448
274.34288621652627,466.15408898277536,229.26518364519373,215.84805456667945
274.86742982616295,465.1810702979354,229.79524018850884,215.95379304529197
276.29064774254323,463.13107929353566,231.38532588589965,216.6452355204763
276.78807269422015,463.80659059190305,232.6441328467121,215.8832574350597
277.67255828141424,461.3485252246751,234.480879569739,215.94855761455352
278.2522751754613,458.872658312034,237.25733359521303,216.89124583894454
277.64017082166276,458.34085150167994,238.95931963487766,217.75968898262
278.1920072728041,461.9010226225124,239.79893791988127,216.81631293129323
277.34290195489365,464.5622025101061,240.85904924291992,215.37967150174796
278.4693626131476,465.60333909900004,241.63045043617768,215.12663399691073
279.9402119500954,467.164724449819,242.69578558720272,214.13279744024663
279.63988950793333,470.5785737592207,242.30775469838306,212.79133825473167
280.95901910715895,470.4947503829841,243.4129644997945,211.65718153754716
279.9627483350629,469.1888645573877,242.87123861844947,212.32030509360894
281.9682219911936,468.21036863236947,241.2364521662497,213.1339793634223
283.4143978626109,467.1270009995467,241.30845207746793,213.47744550026846
283.55235296497403,465.75029333089407,240.6533783392924,214.35153044092147
283.9796986484548,466.37061694499033,240.56110172576797,214.0833431846337
283.6852097162299,469.6687817640369,240.07726679457872,212.60397645623908
284.6796206864751,466.83829143902216,239.99682333595314,213.43777719751608
286.14945527712996,467.63500479489767,240.67871687398863,213.39428618427425
283.7920764827487,467.7376321308921,239.60147083115933,213.6781633205663
285.40255234274605,465.6229934395951,239.52535267592293,214.1756215503283
285.41588007407495,465.85125782284115,239.1779556790321,213.81491167595752
285.4842948383765,468.3960214396816,239.8333582466242,212.34754630751104
284.4295399097825,468.84718436893047,239.70467053873347,210.93262884859524
283.4838987181339,468.4985930300451,240.0182837783538,210.44060540301388
284.0180434892564,467.59309872993055,240.0403919516774,210.82147150854541
282.55715427882296,466.00604846828367,240.35045958572488,211.9148759258822
282.5303667619636,466.03891953743033,240.8288694668938,211.9403764958546
281.83180672438266,468.79313112218,241.2843803978448,211.47442521203644
280.87423170403315,465.43805295234955,242.64068837559378,211.2825258113409
281.40711209502945,464.058814693993,242.00509738458442,212.63636797155522
281.1413933350668,464.00130603682203,241.52254831698522,213.80079288725366
280.69261655584444,461.66400945062003,240.68897914326752,215.3688875798145
282.5339472477291,462.42136510675385,239.55117764566768,215.85463975326468
282.3874291880379,461.1959402113547,239.00052152195082,216.91670799651666
283.30044425232245,460.3381533402081,238.94691954832712,217.6081660571615
283.6571966033461,458.6712538247948,239.45937593541396,218.95149360571128
282.17068133990375,458.7292014287234,239.5751235853303,219.9013317114145
280.5113956240285,459.0432845879561,237.24549784300842,221.06997458942124
278.72792866163104,459.40363706251276,233.1790399106562,222.49995208964873
272.4836005876714,458.1166313093101,229.38484960776984,224.13881529731376
277.3841152918246,452.5501189530535,222.4511080736852,230.15739480032371
278.1280899065915,456.6829285626507,217.12061834160323,230.69287345100238
281.6835882401096,464.99246990013626,215.83778100684242,228.37000297238131
280.2410182291895,471.6100971369058,217.1342214494438,224.90519050781447
278.40187719861376,470.7456990030689,217.44843547928417,224.0154262228911
282.0654597299723,459.99552049618626,216.17507147629,225.23416130367312
281.85315064509507,468.7707515605687,216.04783265141555,224.88920645335054
285.04369048371734,458.7167152815904,214.79512564339097,227.75117953926133
287.9338134711444,464.2105512129346,213.70856090861872,228.86847670123112
291.3657498094276,466.0712826964203,216.25960617791407,228.31502706853394
288.3424271061572,470.26255215935595,217.21968036787166,226.3188440195853
288.8435434115006,467.6398679273332,216.67684960311675,226.22147433208042
289.2959572320592,468.08615419869204,216.07961119492117,225.90708418863568
288.90063759333515,470.6226900862061,215.60044969016565,224.64957275448901
288.28285699150626,460.4165527698806,215.30973537826705,225.82346314031378
284.1255809168186,453.05103140399285,218.39608756884118,229.2224841588325
285.5149884398984,461.6627878370717,217.97028436922386,229.13589031428128
283.35617852109766,465.50508169183905,217.7570523658525,227.93858154304
284.75059693975606,468.8927296857224,217.24916464428884,226.15190726700428
285.7068956612837,473.09461207390177,217.30554489097668,224.54549766566376
284.87978262636364,472.90147917189597,216.94234137059146,223.29867488096076
284.83155574737617,471.59183997117157,216.52852953980607,222.99203899484252
286.2807630633296,472.2930978178754,216.13912236181778,222.45244656593837
286.6068915890818,473.39347632173997,214.50923719847395,221.43569016951443
287.5046295964234,475.37394948731037,213.3243109317347,220.30425047403943
287.21453816690286,476.95302940944066,212.41855452647823,218.41393804856398
289.64281074101956,479.86929494230594,211.8478055437112,216.0428473076168
290.2652588057602,477.91343190400846,211.1014472526889,215.8141276749832
287.6550073163326,478.84771886737144,211.94053104972033,214.53222885573626
290.7299642334755,466.2173872088984,211.3825466511645,216.3047425297381
290.64191383205065,473.2711731336326,211.75640223943276,216.07178730319447
288.7112796461603,477.3961444499872,212.05902488596325,214.9106837245929
289.58526327652174,459.69081689577206,213.25277024311447,218.9417459375154
286.87006466016703,463.1663488249246,213.17518140709834,220.35590024174684
288.4159959151385,461.9146488914016,213.27853841390953,222.3864508589532
288.2815799758655,460.482316458774,214.80713806322274,225.13151645636793
282.77596512433706,460.15693945409726,220.8194606770462,225.086382840504
285.6303800456666,468.5282536966517,224.6835058572754,219.7402749700192
281.20411526738303,476.6058233594276,228.41344582567714,214.78142566064173
280.3993362314079,480.4901888633854,226.77629383560043,213.20204525773704
279.47784201692235,486.4776467137643,224.56886960969487,210.40925941690364
283.52721835763555,490.2821892421929,223.2364624292145,206.72810972190865
284.9200082125368,485.04657867671307,218.78139083231946,208.11539034688678
289.80244430970833,484.0390728175016,216.70021395429097,206.22701356509606
295.09289198855015,481.95042068755384,214.82903634715672,205.39300486341324
294.62316110301447,477.0927212190134,213.31394141466058,206.07296526289645
297.1375356286493,468.9457468696429,212.72830139888282,210.22291963027754
299.1887567834197,463.43488970286796,213.54639465376468,215.82791548085632
299.6283527370846,464.4558357348704,213.2379772420365,219.59224394831503
296.97762312458883,466.3186833594781,209.97147000584647,221.64342371817315
293.723351956637,472.3462425876324,209.43785707594202,219.38333680941093
296.25954443913986,475.02961352724986,210.77471140308097,217.94482044744893
295.7105761025771,476.4146403933005,211.4992732266487,216.72435229617355
297.22173360985266,477.61443878731166,211.9161078302464,216.2387157265807
293.5474656274855,483.5413137434509,212.29022420116968,214.57927123422405
293.3250907670638,485.21080476562435,213.07969795131564,213.24238536602465
292.51602629698976,474.15102530608885,213.17085924677227,213.19299706524697
291.164862111654,478.93774861327347,213.78305013575442,212.4995782218739
290.0516797284844,480.4122167222942,213.9846115020539,212.1774034402948
293.09479384643225,479.21153225042735,213.88611233872888,212.1452458680678
293.3956655553893,482.38201908654594,214.07590984154916,212.0009165020135
292.0393097061631,484.4029574472707,214.09572636597508,211.7019949883887
294.49735033348753,482.659789594952,212.9946446917096,211.58292679287968
295.47991227535977,483.4389357243243,213.83510714600828,210.43839248420244
299.43382760044904,478.3600853760656,214.0718735493577,212.5990529089609
300.02896111479345,470.1676947328094,215.71153730298693,214.25721447501422
295.4334706018238,477.56078103130085,216.04098039557664,210.53432102994793
296.43236357219547,489.45328110855166,216.76533262126088,203.5406626570625
298.3955700895705,495.4229457892578,214.7011497682048,199.72792974645589
300.02491622008125,496.198401508994,212.09879536442978,197.5177925450931
295.92094931196925,492.4855196130297,209.8799046109516,197.97414496388328
297.9015195149832,485.68393067214106,210.33569869512752,199.67080200215474
296.906063259325,482.8979804608625,213.3333614324648,199.39849799890004
294.62382015675485,471.35275993000346,210.0377735943312,206.28701187555956
294.61336709455315,464.79217037965236,209.27067853903947,213.84685541260208
292.8664477074868,460.23839861874734,208.78484345071485,219.07502109246266
294.4047246925143,460.6385291758755,207.41848466441374,220.8276936711385
293.99053475761195,464.8189164309482,208.4574868895604,220.7032778035712
294.3311618556588,470.95777849357944,210.39499470976307,217.6183589685308
295.12302718037034,473.04427955374314,211.43051554997928,216.13966965910126
291.8180067978585,457.9279227823951,213.9303964410405,218.49659928150925
294.4623695910438,468.66708293412444,214.46103826342244,217.45071115273325
291.4718775426343,470.89180164170483,216.82834962693465,216.96364151062846
290.3843115300485,472.9807810778991,218.15685709890258,216.13704224402903
289.0028593398131,473.4922607402462,219.57211476611658,215.80111782429174
288.7946459513599,475.21216110152045,220.2440892155331,215.630321685102
287.3417446373113,461.4195510347942,220.40887021048206,216.83902738374002
288.5342439428944,465.73899508385017,220.6820854531519,218.4042875781696
292.5706943126188,464.1682680070589,217.99958273921578,220.80267762624143
295.9214727758034,458.40286441492,214.9547488353076,226.07600657336715
303.00124669943796,454.80624699779946,211.44013373492572,229.48133595297264
305.0242995671034,454.4677033344505,210.63737922067935,230.11084109663727
304.20922341957703,457.8542475877261,211.31650334753067,229.28301311483588
306.17451130881545,461.0098579699943,210.30909908928697,227.11104835081824
302.5096017526365,465.86577937093506,211.5366232797698,223.79361091392695
302.2577812400582,471.0635767622939,211.13358366136794,219.715624010848
302.163672103145,474.64356187645325,210.8470204517825,215.34120223109184
300.6394037513071,474.1104173081907,209.798541774599,212.96380607441944
301.16182772905773,475.0691109063166,209.18625074630188,210.5928226736483
304.7140834769596,471.3671618001767,207.8464573062232,211.2408305165128
305.2551389552318,473.0613082323051,207.07268505140388,210.5937590801734
305.01833649188177,470.5622047139759,206.14158230789207,211.26500173847484
305.57402595382723,475.31100394398095,206.16735915525663,209.41473737728074
305.1608167086326,478.2498822772752,206.10760815244757,206.43253406114076
302.93022076877537,477.33158346057144,204.9577813744777,205.35298374723703
303.5138432999049,481.3877495942828,205.4361155310831,203.25457035646212
303.5954729677818,483.8552866379562,205.74161424195626,201.31070720661535
303.7977261103872,487.47928015684516,205.48231226239437,198.934674609908
308.4474908922729,478.7681414743224,205.5750365743553,200.03197600754623
305.4185961002058,487.1278516797569,206.13374597736777,197.28224019750752
304.85273852540456,489.3708540309895,205.447590390848,195.74326460881176
303.335650297391,489.6345809511323,204.57403960535908,194.74453147522738
303.76270851639896,488.9900672738091,204.22674325000767,193.83129332885153
302.0527487609577,487.7069383009087,204.74282126537634,193.77299568688375
303.2688059498331,482.82632681966743,204.25843862094757,195.6838501496104
305.8533576727242,479.73251487331765,204.50102684081486,197.55459429301192
304.64375767071976,478.4759674255307,205.26118484405316,199.89754729794066
304.42484091658696,474.1656181025784,205.42275857238866,203.25970483666762
305.06572794900154,471.3010482434923,205.95210334873073,205.33674589913915
305.23010887482167,467.93879086757465,205.58044691389495,207.91560454211816
305.6549724230696,468.13936998771044,206.03926194977686,208.82229749718198
308.86497427929163,464.65616168122887,205.88160402819577,211.27538555789909
309.6374895730448,457.15044142306203,207.0536380597538,214.66512388001888
