800.5,11.5,445,393
789.3688411870701,-7.487897169420705,440.20813366589886,392.9622445341539
783.9610740579104,-12.238098246769141,438.0448213742305,384.945524420174
781.6023388960982,-14.06843510578949,433.1501434129426,370.8238361539618
768.5313648106453,-9.416215900323664,430.1518881078964,358.9269330575901
761.3548806739154,-10.881598362181023,424.1214316224449,350.63653232426134
756.0968290791955,-5.382049782758543,418.55314989367196,341.6996848259083
751.0029428445882,-4.239039003632968,411.2116064144002,337.0033346410245
746.7226509997508,-0.7170488051695827,405.47188187653586,336.9215148314085
753.7051487875779,-3.9216940461749346,401.5302236650788,338.4398656008948
758.1516817496472,-1.1813648677824062,401.3248847154272,337.8306490852352
757.6268928377821,1.5914590089256535,402.52993279119454,337.3009620251785
750.2307546019924,-2.084750997363983,397.5346192359185,341.54034278261554
738.5410965087744,0.1392019646949052,397.8922011846836,341.6045885766374
726.3717568896857,-2.503133669625015,397.20340315845664,341.6509790721144
716.6447941604305,2.8504551239742,395.037310611596,338.75652416786886
720.2333726372658,-2.929092194268378,395.34407423211354,334.28855543460304
714.6056858648146,-8.453700975643073,395.30981021140326,327.24420991751845
715.0839195556432,-10.854699868518395,394.3280797195704,320.73049095979985
696.3644124534267,-7.994187755581436,397.8502199921187,315.6025796794826
676.7922820501143,-4.323180526839735,394.59338826944645,315.4483718282919
651.4565818008416,-2.9172366116534647,392.1925803634507,315.5969110437415
628.2919867075029,2.1474345791536393,389.70251090657354,316.7392380499447
632.0750104134349,2.4140266005479134,378.8633943514142,318.2326407781675
637.5959279612916,-1.2110782259206871,370.62755686579294,317.2921184288464
642.4352336680461,-3.8912707079427094,365.7663769021743,315.539245031074
639.8948349082442,0.4669385135647133,359.09945656441715,313.2603180049903
644.2974016142801,-2.765611802748964,354.4833123147903,313.2031841977678
643.511018101618,0.23835142383896368,350.25777764333714,318.1018653724606
650.4418329351961,3.4824974584421398,347.5980074503632,322.66656326297107
670.2160602001577,5.405827379418099,335.29413605032283,335.7818441864
701.195822406096,0.5741184818880924,332.46485303248915,338.09620573756354
721.0547643061301,-3.6589528226364223,331.19041253076085,339.8103546904541
742.9898490250147,-10.293787691601779,328.512473317601,339.442546553629
767.1166125401514,-10.08259394884061,335.56939779489574,330.45320636272334
774.612519790722,-5.0836412095794685,345.1115054891894,325.3984394835968
774.3220118142533,-1.1576075992415724,350.38180624360984,327.3860758227965
779.1968754114934,5.147371980733169,350.21242515661265,335.76402216516635
794.4159344966608,12.53537862791569,353.2602421974593,342.47948874445854
817.3764690014972,9.294593273013078,367.7697151799741,354.81906545478256
832.9906370935216,10.779053283413703,380.50439932063216,372.21523675783385
841.6709437119837,11.45789357380994,399.0311113705733,392.63911898221716
859.27550736645,17.489844386263997,408.77217174474623,412.0273276478364
871.3791725571081,28.665544124071005,413.9825011229516,425.3220425215876
881.5462563278301,36.4006477812124,413.4512396178846,435.8641166251515
883.1549654765157,41.129315168185116,412.68104498384326,440.5543724884131
889.0862556345484,46.10909258778668,411.9015745234299,445.1967434991245
884.1881847655361,52.77977425156189,412.97417404801456,447.4947434604535
889.1620587684403,56.04192066892108,411.8074576507877,448.0140583375271
891.5719208425638,61.434444390236024,410.55440821186056,450.69209511578345
897.3718655977034,65.73001121793564,407.50418129160835,449.9003427164877
900.6384626910321,70.39391202149511,402.483069920121,449.3734873450255
899.2538043572571,76.41310594096399,399.14713241439244,447.0433457371669
900.0809810564435,82.00887532342597,399.1784611935632,443.8368185498491
892.1165141863421,87.41214652848993,401.61273264891497,440.3483355841487
892.8870146228976,87.44650283566892,401.8753754792647,435.19811719433903
887.373078092812,91.64579530154504,403.70025037812013,431.06000265290663
877.507881432226,94.16460610904065,408.8009649730956,427.6337535087711
868.3367373302568,98.55194561877971,413.1422241624466,424.02512349289407
858.8194194187511,93.44393849134758,416.1175433503262,425.0465042638716
855.5360931820155,93.99395387156505,422.4252376331178,422.1912708524128
844.3766391646266,93.86884051091437,425.60063866411144,421.4251098726796
841.0421187186095,96.62831597722385,427.2221207716609,420.45361043618493
833.8045418329555,99.19636133104382,428.65891680828867,420.12861591995124
831.2035320431245,98.25849274746707,431.16706560509857,421.34174589411157
831.6405547351349,97.16750221549663,432.26942715295496,422.96692045332605
832.9449747495414,94.10626264015798,432.0842195074882,423.01391580502263
828.6508957076959,100.52656033909392,431.50491905693866,423.25611268925525
823.3638751486495,110.29065106241723,431.15507387589804,423.1689064318176
820.0604332710247,122.06516009246457,428.4285044527419,423.5622387592962
816.4447568727365,127.89526377367469,429.14281461244695,421.5048527469736
809.1212072176857,141.3825132298547,429.2825162708763,421.5461314225042
803.4743077770222,156.89506599085678,426.9510071153992,420.7887775942256
792.7906454956144,170.58499987402604,427.2256574228436,417.78823187988905
779.539319520691,185.59447872756797,429.38557789686024,414.2819866514429
769.8962924158204,194.93149043250193,432.32791643887674,411.147381462095
759.195820152921,209.69682577538669,434.64890681733687,402.824783438679
755.4275248904993,220.4758394786336,438.27745085818674,399.2063960773512
752.5099965995107,223.2150845320936,443.9558989480278,394.1168651696213
755.0855679778031,234.5367405876415,447.9947052270878,386.4507602423634
752.1120776801959,231.21015320966222,450.25009479790333,385.0264165351872
756.2436012921773,234.54035072874441,448.4104160279199,382.16591582990856
759.5839994421051,235.26000209202482,447.8995449409245,380.7073436332223
766.0756003915794,232.43064116436483,446.9924271789388,380.61140011378643
771.1561812936966,230.25134117883204,443.53031484751307,384.9368962723661
775.9837330139228,228.9674569422918,438.8743664516164,388.30412688505305
775.7461160877481,235.15768016490966,435.4402480014146,387.7030755432719
771.8614584744663,232.2402103721414,433.5806855882077,388.78833747072736
756.584372412884,227.96653402497523,438.24974876361836,388.36196675349964
744.0730081274473,224.00568098275411,442.72088546132267,392.6111610219171
741.2130437298065,219.0930141362001,445.727015256818,395.14807832937447
736.43603562012,209.62561049581018,447.9263914691719,398.2019308677227
733.3951449419149,198.3350122773969,448.51302416682995,399.843348022933
714.6062725409316,189.22690837362182,451.89223686430404,405.1673858780906
695.1175818007888,165.68776097217156,455.15803234605465,411.6562870652685
681.6376060638261,146.8836099675293,459.77089977456984,420.8169171842942
676.8129615455726,127.47330201351113,457.9472188022267,428.33816328031884
670.0832570768921,120.62724171916472,456.4122229468022,437.985501707299
673.4353542639963,119.43332773119607,456.186882751976,439.4789039930622
670.4760642624408,120.33538190692155,455.50793000591113,440.48088265867057
675.7618595566511,119.97707373906547,451.7434344683022,438.22092242768656
668.5777197205089,111.49413842198157,450.0983550707624,438.25833770907116
660.2554905989086,94.42381521191714,447.9723703513165,440.5789443800545
651.0817186499467,69.95935404554803,447.24580612546106,445.9917801344236
648.8017103846475,48.04389798457419,448.4502771352769,447.20489821950605
657.2632597708865,38.31059124756621,450.6276613034727,450.6442213492837
680.9263739875977,27.421356379441136,452.73520209612457,450.8504102017448
685.520191567383,28.391697004234004,457.8025060158386,444.1547955949203
697.6767050832418,20.81873663052292,454.58841697240223,436.10213083208856
699.6775475231931,17.692647297280814,447.99925083220006,430.43836730649514
707.9300595909638,16.21901942684758,439.4428341414218,426.3556962704756
707.9089522806662,15.136087578076541,432.8517370135124,419.14993406774914
704.0351800927807,18.271276922859897,428.4140778370372,413.12633964799215
699.474282383198,21.199644757095143,421.53016456174464,407.1084044098195
705.660680645406,28.88056427267881,412.52874455176345,399.7808757195335
714.3588655744888,37.3520739953222,405.20129864379305,393.2267856413122
716.4996524850025,44.64953497887217,401.756185472733,388.40642937092855
725.6873268709601,51.9393230329822,398.4739582294433,386.0831951969126
735.2393130859302,59.34674260576682,397.0701772973057,386.08349486817684
743.6573759580501,68.40878062130864,397.50905498629356,383.8023486771811
746.6366330149798,76.96905600690934,396.28446955285403,381.9061450205427
748.05016679953,86.62620976897304,396.3050923276104,383.1636224695598
752.177831671082,102.33299901829628,396.9211977499116,388.0727368420071
749.1229803113247,121.61276962016007,402.3355527430814,396.75916350326975
737.6388999343769,135.4288500913654,407.63486927395434,405.25328048444305
723.1903355399655,139.70367078199888,416.46653213565304,410.3900242579002
707.5109486027876,131.73691616562837,425.4961167094718,415.8095001730753
702.2553439143861,115.33352163500723,435.77269931625534,418.0496617318762
705.6684697661647,108.31109822029862,438.59337353890663,417.82445088307077
705.8388777409921,105.59113671825139,439.31183250113236,415.67338763533417
704.5933641943387,110.11105969192863,438.5757258435235,412.3505097475195
709.9339459516799,117.88613276784417,434.95755537846276,413.78116613169914
710.3453592854466,141.6449721517776,432.5634507348932,413.42016079522875
698.8535736570711,167.5807538243626,431.0747605628111,417.9523602674416
683.4421072138464,174.07468795971363,432.2704084455985,422.8578406905872
673.5884130833836,172.85809574426278,434.9239255517392,425.67629258779556
674.6568237756314,161.28381818595483,439.3590746300424,427.3123564782152
681.5648307140204,141.9943268792233,445.578161690154,428.0721633714634
693.9658348246389,116.15631263603424,444.8569029806359,424.26063921501924
697.0886520466288,101.67059908805635,446.1180014773299,417.7301284447641
699.3859263100555,92.81941313212133,441.35693046247854,415.31210469623375
698.1771688368017,86.51788921517394,437.8733538333637,413.7434043688126
691.6178390322166,88.46677073996977,436.8863243937666,417.2097441596445
695.4273774646915,80.75153022739144,435.74816355207116,418.7476527818471
687.33796263813,62.819757628218525,437.807345225458,419.23819306686283
690.0072390207318,48.89086652893613,439.7138314464603,415.0799001311503
686.1471013168488,38.15522853359178,442.31578066709267,412.5904770404181
681.4490182887749,30.074816349739535,444.2478635285076,413.60726988346437
687.3601325316995,37.56409663175742,443.44746846245823,410.25443315823475
682.5177449165201,44.82346628520031,445.3438730835338,407.76150218569956
681.2250805237486,60.76522577520225,446.2600319662753,404.7288495234447
677.0754024504972,63.854842917899305,447.3045978066865,411.4594129065076
672.9440594290131,70.20511898857978,446.3790619181974,420.93383329932635
666.6616829907374,81.05446630991054,445.94431833478774,427.3452308197508
661.430406067726,103.84547052640386,442.0790962256104,433.4100462698208
656.3657872831784,118.07075566955811,441.6004121943637,440.98771237267243
656.065866617917,147.399490213348,438.3955784226529,439.92403906145984
653.953709903393,166.9773453707804,436.68686220005895,437.4343481862923
654.7166261681994,178.25222074314172,434.6128199436357,433.14632572831283
652.4693900572096,190.343327942067,431.6346640490076,428.0485973381527
649.9837034439688,199.33096896842687,428.76419223993605,425.30059304117026
638.7304454720646,216.71664992124647,423.161195854643,421.91763025967657
630.9568877302577,232.31716464932862,417.8434183786621,419.8629402200162
632.6157687156862,235.4616719378077,415.60339159342834,414.06491950044176
637.0342018306643,231.71200368287356,414.24335346176923,410.4229443648022
644.3757747845355,220.34014080503755,414.0310747110092,413.1565592653717
658.2778729131111,202.47748419883914,416.87131242907776,414.7890151169287
659.6174384378413,168.50692831519126,423.25845220786437,423.5413985517049
670.2570373102021,141.45408507880575,427.676056602425,426.9882715479134
672.9176125671748,115.40568714162214,433.1731901232086,422.3385922025541
678.4948649832643,92.18916856928186,435.49470610401806,421.02335740509596
684.8106260979462,72.08325055155021,435.579703230428,414.85543269837177
687.9008204594941,65.54773299887029,438.03403149494204,405.2743891751916
687.0756969747985,57.23460193607909,438.377644276635,400.13943799816167
684.3206538722421,66.52891077966035,437.0490444923678,390.095600088526
682.6289348789524,56.4285572122713,434.9089906195112,392.5249086789926
674.1086172429427,51.36707755694286,434.2791375339867,398.4715364695689
669.0714427241226,42.850710152686645,431.68631413968126,408.3631856533865
661.8383831405336,45.13400253582347,431.0485991546375,410.2596355169346
656.5308276830895,46.084681134779544,431.99367661463054,411.7830896822427
658.1050242757599,43.04802711981162,434.11610500064,407.5392523645833
656.0132963237184,43.580263887187414,439.41598498843274,395.3580424177834
650.559473680571,37.67587063380711,443.9442996396564,386.91733627928033
648.2482582231962,27.95361700338347,442.19431691915224,388.0705360907868
636.9513967385269,20.810743414422035,438.29673739825654,389.93950470425654
625.2940934455546,14.553072195042205,436.33725226362014,391.1254041651109
607.6826906998488,7.528110675020741,439.64875137380614,389.86272897669926
598.6817401888111,13.686193199394495,442.4300484530104,392.7751987622413
592.1799487767013,15.275960426778227,446.7491582395103,403.63193731009835
598.9150567640665,23.152531542990744,449.624498523935,414.09700148331297
608.9467097128543,30.19323809420345,449.2169505304123,420.1211009999061
608.5137326827644,32.963573032960824,450.1770507081601,423.0070983358313
612.2802446606936,21.633137304307922,449.5530977209296,419.37659558659414
607.1450888122656,11.039062136011495,447.4300492798462,414.4271841250913
597.7650409129674,-1.7938787061900143,448.8351836831789,407.9260507338107
589.1209892193119,-10.836816203715784,451.00529848406416,400.3258352595019
585.6147707235036,-13.87448009751256,453.55160092749327,391.52750677420727
584.5888507614903,-13.64270311375418,453.2221742575868,383.06111371825057
589.8787561653917,-8.154540803289422,449.8187297789772,374.6771374344945
594.2556272365641,-4.863169738457003,446.8446736107535,371.0173505794116
596.7547393189808,-0.2423585452709176,445.9587441198398,368.17073008131456
603.9591554498471,8.915230343238932,445.4317725911394,368.56501923849896
609.2859121659673,25.948607680239604,443.01497161464863,370.778515113814
609.9690003692206,39.50793159459201,439.7329781858183,374.1409273131854
601.308227356041,39.95765685913307,439.1603839686471,380.986168156021
597.9125987612765,30.256287632108695,438.59712036044664,387.9871417403798
600.6348316164855,25.42639886700198,442.1317882559859,391.2474336825195
602.2622409559049,11.3534978157671,449.3119890702501,394.3136592926797
610.761562949591,3.543012241542044,456.27744878160826,395.21577362960636
622.6807814742184,-0.1689330139166998,460.795823255791,392.7585234316005
632.4771043875048,-7.142223787385603,463.9730024109077,390.8703624324568
649.9642513500862,1.6732463422601143,463.58983397402613,387.1379922338953
658.7239296990097,2.8017853897451346,467.3845660975902,389.0355037919404
657.8454345631891,7.861472496820085,461.96419869558645,398.5948214418042
660.382127252611,16.856420316424646,453.9006580967109,411.8786913665599
661.6306341507587,18.85027057908121,447.3771021136784,420.349062549926
656.7458649738161,39.662992386379756,441.8891627072487,428.2963690268816
658.5348845925137,50.64631503278042,439.24089501240275,435.02950515192697
657.8978380276593,47.065052049975435,443.9784197388674,442.94810417518846
642.4234019619796,27.701518190727228,442.73811340342985,449.8809137760091
630.567234252565,19.690580592328644,439.47817213463725,447.71727643008165
632.6997866371375,8.823104790495563,437.992111516798,440.7280821444656
628.2044859123002,1.265307477941576,441.9432523074455,431.57376595719563
624.8223033999706,3.3338939119187216,440.78336053049975,424.48643997682984
628.6222262404293,26.591452231040677,434.79158569995457,422.1370070849238
641.9197741543094,43.82689117524362,439.4670243875752,424.2898436435394
643.4939988044512,80.19191441056466,443.1280218989677,429.7118662646942
642.746351587794,142.37449753965794,446.2090108837499,437.63731890299204
648.466523322919,156.9541244434789,441.61393804719756,435.25536879102884
661.0073304428404,161.53953087114564,440.6941528021058,432.76155073626296
668.2574247264033,159.50318294448118,439.0448954025824,430.16718955223837
675.6524579137498,148.3604655891612,437.60656509661504,431.8151482954711
673.8531704157268,133.36926053581726,433.8812837389012,433.83315524969316
677.9428876391735,117.9972954537696,429.8839205009617,440.14101973996037
677.6719912546,114.3643227026568,426.50373455802685,442.6872291429428
674.1803486661044,116.60467351544492,424.43482609335547,445.48441915326134
673.8975351938144,126.22509591046176,426.74701742621045,443.43606207990246
675.8154533743758,139.99342073156225,430.7454882588438,443.29040937068487
681.9488165649262,134.6134455948876,433.5826284548914,439.355489648917
691.3157652284731,129.51707026628895,437.17068585497066,433.1657444259873
698.5058025732538,122.90564298683495,435.9830454763221,433.6501651470047
701.4232873282319,113.78888375447809,436.6152404828148,432.85667174038053
713.2089623209339,100.04156303305595,433.2749009344227,426.659033367551
715.4652961660328,69.80695331638486,426.0304186213459,428.58724099059043
714.7512529666136,40.21699589549871,424.62391839985344,431.6860591831928
716.0456006890258,25.274168507896576,422.3608107045103,431.7445731502916
716.2449720187612,14.663315993346998,420.1478442787125,430.5455399591759
711.8032679292954,8.342841885706179,419.9292865534083,429.1056347122383
712.0048159558087,5.648402244631313,422.62147472393815,425.37383890741296
718.2013774737047,10.276258652093873,426.6173058507437,421.15818422847417
719.4774362372164,14.607621210955926,429.0977930180869,414.59241512538324
712.1419155919061,24.875415721371667,430.5035650292276,412.0061116117539
712.4476012187711,32.862230029429895,433.6053256800998,409.2045048614822
710.0589493497938,43.40167590383044,435.47065260378423,406.1172722771098
706.0957525476053,38.965997762297064,437.95900070645223,398.06244676696366
704.003237051043,36.56417813265881,439.4337133726266,393.46410848717767
705.1688820281661,31.040574937069465,439.4011471160428,386.3067345713495
702.1222338719576,25.951547631175004,438.0591373562246,381.3678210282312
699.2110432780146,18.674278438267265,436.7609016312691,379.55723185057013
698.0224952238324,7.743239593845487,434.452452771982,380.0913581081393
691.3689334432856,-6.768996503038409,434.5908274774846,376.5215348001981
684.9046036926874,-15.762386618467644,432.65454919639365,369.07856840324894
676.71768681884,-14.783724921898141,431.0424210300259,357.3529668881617
675.2548631344514,-15.390527733384857,427.664912022918,346.9107631086693
681.7753055697395,-13.188776672071128,420.23707522897143,339.21330852098447
670.537909504957,-10.66376638146562,419.6756220124672,336.1366942546233
669.831995480989,-7.254940337919237,417.78773883298607,332.1330060576062
661.6125938741683,1.0385448815831637,423.5566468745085,328.60125908356724
665.0125016697637,6.0817437120335,431.6884232709276,325.57060225594904
672.7979295198543,2.968000075513828,434.997976811469,324.48436691851475
676.4788274895523,5.567666191306699,434.7663955632351,322.96726563633086
677.463723603152,12.506471286175895,435.34468139618605,320.5160775657331
668.446202665018,5.105447198737295,436.21284361852327,320.3478832403051
672.30490194153,7.805907192511597,429.2991357970245,322.20470899555437
658.3306102824412,11.141416329747756,424.1822970570967,325.1625836196416
648.6463068933156,15.508032331705863,425.4639611626185,328.7833307264432
641.674800633943,18.625112134267226,427.07795413485485,339.4330631806466
647.8614470849308,21.240723920030632,426.2340448922421,350.4473745059704
655.3763607934109,16.147371704808563,431.6779628213513,356.2504457996653
667.9520997596117,12.843489800482985,436.13773290530713,363.36067354512215
672.90289922641,14.895118630793206,443.0468982844546,370.34803401804663
691.417206283969,12.532569966033009,448.82901414980535,379.2611110457482
694.3437092890081,15.278754280706437,453.33846636879196,382.81318840791744
701.3933856152285,13.131064000882759,452.3779019396179,389.8569899213154
703.9503235537586,7.934871749146168,450.42848672158476,392.76434138951026
704.5020840688817,3.54426874204637,450.82271621204467,391.492524065392
698.0480678039949,0.32776679721564506,448.80332335729685,390.24208345508396
686.5074213409331,-0.5377043139971533,448.55431309128176,382.66039693147684
684.5788579447538,4.405394110348851,446.4774069666175,375.0049227485716
674.0400987291375,5.089068830361953,443.99274964711765,368.0771198936284
671.4093099392827,7.893602783355277,442.58740704173823,363.7962107238707
674.6896834511415,11.328977540784138,440.7511497068939,359.82212058325
679.8619257750905,14.775286350540512,438.70127698984317,358.33574962587716
681.8422041585274,15.049683348432609,436.18863267757456,355.6168632858089
688.9306657454065,21.685217841536314,431.9804385229814,351.36250362729925
689.7535655059812,19.98546481626488,428.3852669486855,346.9180999373941
686.130522067757,9.339185072208295,428.44300457815507,344.04954759384225
694.1699304521486,8.430294148924077,427.1831994976044,337.49349578409965
693.2003034100924,3.939061878107225,427.69764662924047,331.07240827037447
698.84682194281,9.06329320738871,426.4931315212025,325.96865090737424
697.4122375584951,11.851088950746004,423.0770052802193,323.622180390432
703.0125559568877,17.04428034452252,419.73242183579015,323.25454397891656
712.1559315866054,20.204116585629066,416.09195277239957,322.0718544144891
718.5152170725779,29.590070300716974,411.7399265239653,318.87952347662286
719.3414625510578,36.373192327274126,407.5207584734997,318.7449038360452
723.529642776941,40.56209587572499,402.3315234661453,320.5184915831986
732.6347689557922,38.45942447971419,395.09498021488844,326.0568662679967
741.6069113127929,35.321264041055485,390.42614334634595,333.1821912947511
749.3001538580284,33.35224887310045,387.09037179499853,342.9611101308748
749.4966912967907,35.64204032186814,387.72633141282756,343.85874395392045
752.1781294420739,38.22042900015077,387.8591192419816,342.8231094615825
756.0262304760328,33.939096742445884,385.69381717558986,343.6576340996729
752.456074738039,32.25567036055844,386.08213833327903,344.62880381329217
753.6202677142155,19.238753129706197,384.4741544428653,351.69182452377595
754.5870044342116,14.203814970001815,386.2519291622817,360.35267267069173
753.138995541711,11.524848531301842,389.86978077239417,367.0435778362234
753.3133823020462,14.163714928101967,392.1418354034268,368.9350569070946
752.7566637296143,14.284171498431846,392.91285840758917,367.68191110518757
751.2134441885435,21.28545087241679,396.4210553964063,358.27208621723355
751.695783351705,29.457790279783126,398.2260401655573,349.91552128265835
754.6973393988687,38.14964385906089,395.95678761026187,342.265107657428
751.9523616847011,42.03052287428977,396.0565934452437,335.52146741242404
752.1880670820617,43.92851265497501,394.40593515201044,334.1574963559211
752.8818018055026,40.269470660151626,392.02547974130715,340.308138619837
758.9709519750247,36.611038541008696,389.9812888993333,351.62217926689056
761.7016948859606,47.96258599932463,389.995266467812,358.9840219418114
770.5859138550688,73.19602994301914,390.1115388414851,363.14138637375834
768.2488363839072,105.79477019232678,385.1478735399728,373.252369925436
764.1026104452062,124.82717253882777,384.3204237602704,380.24962272755124
765.4982142600977,141.488671316181,383.6133931476993,385.5304269001397
761.2072392604363,149.94840593290314,385.2910400731391,388.13577417975694
759.7903428150502,153.14228123074463,386.33162448403004,388.97289569634813
764.3165389345913,153.69388799651745,386.8943340592176,389.5877248960876
765.292794305363,145.6776280207111,387.51702649798756,388.7284563650343
770.9198925867079,140.5951819240766,388.48921219085184,390.8246649340357
770.4572343411568,130.53770498131158,390.68428678723217,391.81840490660187
765.1022756315131,118.16047016364743,392.041361875587,394.6754288632192
751.5355495793874,107.42784633631976,398.0306107938032,394.2914982036656
739.8832739664765,104.0288256072883,402.48768506039653,392.8642217067114
733.7040595097226,102.13851293364087,405.00142746572556,389.88310446214837
731.3807565041234,99.95902310646795,405.82007203206933,387.54838094190313
734.764959282004,98.61801565624481,405.11355946260545,388.6723224408983
737.2543274897133,101.57516934435182,403.90551515724866,390.0762762112297
737.9301337089032,106.09777301417137,403.98268267854735,390.35430152234744
739.8166484237788,110.42095471802855,403.686873545656,390.06080142640064
735.3471467745513,110.68284236587627,406.39181178826385,391.36239572718654
740.1577778641913,115.0508019995973,404.17168886832235,392.3167325785189
738.441795028761,112.93910159425238,405.87163642604645,391.7564968192319
751.0685855055129,117.83338308401858,402.2535745002526,389.26703757657697
758.3543096553136,123.34969742810813,399.3208238248578,388.4788375230414
760.565498271865,130.0721877090154,398.63354900684,388.1743608445887
766.3529810243043,133.35135218280988,396.72631764807943,392.14420725100365
764.15979886529,126.42459499685066,396.8481164982736,397.093635509946
763.6158948282553,131.4928927411703,400.3816645568554,397.6031429265802
760.668856265481,123.87203926720099,403.08505497967553,402.04493360712377
760.8265746786019,120.84303863872267,405.4390615223456,403.73855116657063
758.4199936348309,118.47402305557824,407.18029916187425,405.127556129704
757.427849133029,113.47437145020774,408.36567325611543,406.7909237477936
754.6162850183658,100.4686359450439,410.9080405296311,407.4418810709875
748.0518009656313,88.11702666137171,413.69524227767823,407.86758041225767
743.7122826800905,81.90702971060509,414.0867365056201,404.4977135883881
735.4840967186109,69.29523472220635,415.01236006126993,404.6945606300049
722.2608470072796,58.89110914148864,416.8399572775114,402.99792516424304
710.0676502947156,53.56030768924035,422.80775252759076,400.4559586565082
704.9744153553037,51.51099448583406,426.70111394312715,398.54109915481246
698.1375151889666,46.6709755901862,428.7696257702471,402.9151324218772
692.2827902568017,45.64744672987203,431.24504586467947,405.68646442019264
689.8371316580578,46.69356270965238,436.09225729023814,408.89010085739096
681.8695223559985,65.53912519476359,441.0197482713711,414.0280736349713
674.6723091212899,60.58400919979721,443.30228394794153,416.48123002904833
676.1758274801919,82.09930987694983,445.41967884024507,417.26972428631535
669.9724492361677,70.93695098267577,445.8617079265599,418.2146431857033
667.628739121745,82.10463251822682,446.2631913229776,417.63248446030434
661.434429417319,56.90352123136881,443.7493019961726,423.0976113919305
657.9509504608562,68.51041365633841,442.8185367111612,423.4252369881583
653.3792002102405,51.00236760963571,439.79665291979006,423.20217808058715
648.1866744327524,36.43432735959004,439.2806615365339,425.12373907994606
649.5923012954484,29.317297152899926,440.48202635285963,425.76856323386585
648.3830490172606,28.54799244838091,443.9828778254338,421.94814716454084
647.0692846153925,30.21998496320174,447.65315567644944,416.9926879785195
648.756511325886,25.72631377806846,450.9662356340634,415.678444197663
655.8921530988101,27.18313633239606,455.41615684590556,411.23144564109367
703.1567988267263,34.261640404401504,452.5445039398778,409.1091283540164
708.1435750954694,48.70168701591581,451.4451808335441,406.11421846533835
724.7448012030528,73.63406667028954,447.24490108847,404.51408852060456
742.4969217700136,82.29696557545026,438.46104073762945,399.5024453352221
754.1233956974941,106.2170247111462,430.315528109109,399.1786005623654
765.3684597099035,112.71802830274189,423.0578095615239,396.3251233855827
773.5325816681698,124.80744789706566,418.68019487930553,395.61819085892245
757.6232260980664,127.13454277934679,421.408980253521,394.459770356674
757.2209533641466,124.82935777326617,417.3624953716291,393.48132467974835
756.295831144071,113.15272568944434,411.99677358710983,397.6417940475873
751.3271623834488,103.89454039423845,408.1093706985032,403.5037037310167
753.0748698309128,87.35033016203678,411.95444709843594,404.9897167399757
756.6595714733012,70.20432421335352,412.21851453967247,406.8059977413461
755.4494544016636,57.378224063760285,412.3756363763528,405.991471737432
755.0961772368913,53.11303768412728,410.6190244690199,400.8521610402771
758.984684519299,43.17020620882877,406.45694148760913,395.04377987771494
756.3021929921331,49.205861634156236,404.0267723545934,386.96566670657967
765.1545711408592,47.43454323787023,398.71368723786657,381.6498421191468
761.2099427153194,50.57753915227579,398.11023969746657,372.14562528804686
760.0989214947515,57.57742186132924,399.97576688005176,360.66542187593666
759.4863968379948,55.87224402283596,400.30689303015095,354.8847069962826
759.1664625170057,58.228250455379225,398.8238804980417,357.0527238095408
754.1922396488699,69.212581707335,398.1304175886835,361.0809847522845
753.3164024326113,82.99714435824,396.8526869041658,364.7520194388778
759.5475029979874,88.9304635916746,396.66445542368206,365.9602310544061
769.125158073988,103.89136521613509,394.0899272083263,366.1550621743816
775.1123729926987,121.03751205653145,389.529641886896,370.56202157586426
776.114426791741,129.3808273041988,392.5162097381828,375.7404499794554
778.3034727534925,128.65456571575197,392.01641252102456,377.6343038872641
776.416777318222,128.43843517809148,393.01485837088984,377.8349700275255
776.3038361632034,132.5328708990903,392.3271843435704,377.3315128997979
776.9577301777343,136.91525315657597,390.1113850568602,377.02046084820546
782.7027557193533,137.83955344298352,387.90526093742835,376.5314564086225
785.4832588807127,139.5004507171166,384.5588487404572,374.4480748366213
788.1661709806662,140.05487189137597,380.6891527420351,374.881779833264
786.34628134325,138.09398649633204,379.69588586665986,374.78254070132425
792.1618247509646,136.80469663304677,378.7575194644388,374.1208002222063
801.209899201009,129.35144862082777,376.33598451698674,371.7132036105359
807.291922277269,122.55054835009193,376.6923107552136,366.5065725266414
822.5812665469509,116.81893443245593,380.3693671499317,361.7483781664788
829.2821548189161,113.10407393846336,382.10253170707574,359.7057700147545
835.9159902997648,108.53177307083206,380.13075727552973,358.1490453797778
839.4425632428903,105.67653440872101,378.60455221188,355.71099460493986
846.4548475000391,106.49795993124903,377.45147131507497,353.0033645166862
858.2055296091291,108.59520081510277,374.5679087631546,349.87164584388074
869.5557040651144,114.9628772787213,373.24796336986105,347.3106150449396
875.6381151484778,121.77169469717967,370.7988489820648,344.34503308735634
883.4180261793249,132.10241023323732,367.29998769002384,341.83705012009943
893.7538226978851,136.19330828445084,363.44207530170723,341.4641820305203
906.7623530431596,145.43873160220863,354.4657860955333,340.1166459418797
920.490872829448,154.68432592678536,344.057229417854,338.27787161462567
937.4093444308385,164.97418330675558,331.68535503221176,334.75176861005633
954.4161399649421,173.85331657563063,320.08856350929256,329.6532549180704
963.2409622851817,182.8735777576951,313.23522166422345,324.7356840615098
965.3019486378132,193.53150635427016,309.49077399052715,321.9501956732913
980.2075562564935,199.1969935448567,300.08218097606675,316.0749894004862
987.2424441640659,211.89016411501933,294.63262915994545,316.04132274441383
999.2814957331608,220.49783617232566,286.5322062280545,313.8139537503456
1005.948615624572,226.48293879736366,281.40472017600615,314.0263122820079
1013.1267130459714,234.03205507060233,278.31445074061685,315.6779137961995
1007.6586727418232,237.24175553320543,281.0061627957516,316.18458642217126
995.7830959096259,233.06755861086606,287.64043413592765,318.22638017300847
986.4871372882915,221.04638522038104,294.7324219504959,317.72722686242577
982.4313172039292,218.0188982443293,300.2747447783694,315.29055023316937
976.1546747774748,215.7706440696551,303.48364066948614,315.51726745626655
971.8043455499769,210.78648262439427,307.47371543765337,314.58063829753286
969.9777269788531,208.54811359709237,310.81527396170844,312.2872924478703
971.3367878788699,209.4214398993713,311.46995084293394,310.6186579498326
967.7143433484455,211.0817227673911,312.5439815206041,309.2072337543203
964.5722365432543,215.24360483130812,314.1654172302905,309.3391695471406
960.0131731127505,218.3169780688474,314.5529923716328,308.68188210984283
962.6348626927722,217.74963123805117,313.2382745580249,309.81931531033956
960.3784806514586,215.8264160329706,313.87493666997943,309.5565576406667
961.4474743690122,211.1695277623267,312.89129915800623,306.7478871680995
972.1478018275125,208.4602244842097,308.08717515531225,310.8635962710254
970.2604769789284,187.71776093094286,304.3285964551111,314.78469967760793
958.1941394788917,160.13470492218127,306.52462022532603,317.16210014727955
928.6452486944734,130.37384898485473,316.5042110287817,321.3338249919033
906.4382969823107,108.79906720875076,329.06478574827327,324.6084648380566
883.0418905036965,92.7323126430278,336.48408643743494,326.54307183937556
868.0373116349213,83.91731623883905,338.2599487343117,327.25396865471106
853.0168661114195,69.82419500397768,337.75364053204765,332.36967355729513
841.6058045987486,64.7788115592401,334.53362068934763,338.86285309973965
830.6662130788843,65.39335427787046,335.3617516355703,341.49954610867644
804.6349702490529,66.66133010319433,344.7956972561707,346.93130113832655
782.0168331590417,68.98883559236333,354.3354992682242,353.07032893257156
757.6583496725243,79.84396817828681,365.157290307421,362.69044324680857
736.5539576898989,88.12779980028995,375.8338343587317,366.18123642370074
724.0295970515631,93.64934089475594,384.76174608034955,370.914262976529
712.346890129817,106.16410383885909,393.86598667555074,374.41648299896724
705.180363883627,107.67035593289478,400.73652619795973,379.1172728401317
698.2254153415872,105.78069047151425,405.2526339906576,380.1928450463095
699.0142883552359,90.62716486882033,403.9195440791306,379.37394829942684
692.6522822615107,79.60602461797467,405.58163133219387,377.8536906541455
689.2564012547758,65.34564852178409,402.4949210174775,380.36062982772785
684.4773048424385,49.63541413636415,401.4138182641493,382.8802063408773
680.9949498928135,41.15907987864347,399.9797921633383,383.4602475980179
678.6558404751702,36.59995926268223,399.31299404229554,381.79732752165177
675.1846108081288,36.55595667529528,399.1357014461415,381.01516049383855
678.1590770104762,33.436918942497925,399.7951727241555,380.59978785457486
679.9128700514929,33.299694722727196,396.9425460227488,382.2847455228227
673.006780071406,32.4371163226065,397.0129151842774,384.08344982790635
667.5758642072425,34.038628507696444,398.0793691812812,380.7413091853962
671.1406960788167,33.18074074267278,396.07665379476106,380.0217078328904
665.7259398155583,36.29832604441705,393.15821099901245,380.57915264306763
655.1755707769605,29.07655464952606,393.8877294411983,379.538936506458
654.5185466339065,23.45284585870587,390.52411344736856,374.66214754512964
648.6337878923503,16.94935974802678,386.43600115447987,373.4317044527671
646.5764573880411,8.914552680348208,380.3586398394898,369.7156473539934
635.8459872960078,1.0660865536239612,374.2409762790496,367.1835413689165
637.5355549699303,-5.633323137238108,367.7135486281193,360.8886847557676
641.5614970093524,-5.356629057009542,363.9769755043228,351.0077600123637
636.2497113268203,-5.694910621580306,363.6072845784323,344.4368012642164
635.6923079262849,-3.4901015017243253,362.8977759507692,339.8086949869182
640.5610845065364,-2.3453856318402018,361.46064736607207,334.9129740988193
630.1696344059985,-4.637658487149679,367.56820309998466,331.028952914907
630.668299682972,-4.089138081056092,364.57654035170935,328.02009324075846
626.3084817871653,-0.9867580552673303,363.23787803236087,327.6944621221338
