569.5,218.5,143,143
570.6465739083578,218.27321781542878,147.93509982580147,141.911786698759
570.9365529216724,217.08755077086158,150.17949859352956,141.71874133423432
572.1693057042354,214.93679298085277,153.3929419076455,141.24199906741964
574.4547664353986,211.67747914319233,156.4992932419499,141.75934881915657
575.8402967690444,211.82712051463656,158.84576768894675,142.75749349211588
576.8644660252506,211.4195480063808,161.73930940266942,144.00756060774086
579.4847612950911,206.77585079979713,164.87088549659467,147.61734366989504
572.6338209734574,195.96957862491823,167.3734253195494,152.18410211572217
569.2596721440411,177.447322317846,170.39316276910762,156.1574515523764
561.0792147745856,158.88793972946107,172.3564687509998,161.12804625795485
548.892019193453,142.71792408833022,174.1498395580401,164.86758506279952
557.1038043939238,144.63351170514474,179.32253685729395,168.59725091269712
539.4629416977242,130.80693780738153,179.42771424554272,168.52575118625091
545.3034500612607,133.92956999311164,182.1093913050908,170.1079461501178
549.3438953649271,186.7004205938847,184.91684736981617,171.614905226892
550.7316489024837,161.9329910737735,185.8807449730477,174.23110887160658
524.8817392004412,122.87622636630272,183.693719742123,176.41488212199738
517.6341093990089,109.8810174835621,181.92248650135966,176.26882337075497
500.55566152550625,100.33098572567154,180.2737601475348,174.94711488336227
491.99921036895114,93.76646700635861,176.4351625216803,171.02627134054282
486.62183150222626,91.14552001751494,174.38090688843076,168.49413701699115
480.1661817664442,90.0075988477396,173.20923287977027,166.3858164537098
469.09445781894243,92.10942382306581,172.87756595238616,164.75864522276868
468.86857687755884,92.71872011612095,174.85918427855844,163.25224606612846
445.4835279383591,96.63017230035702,171.9735433263915,164.91264286037605
428.3053233976141,103.93210928463344,166.09099214176837,171.0479389662861
422.6361754566933,109.13042936163879,163.7051793276259,174.72315340364503
418.96359624433586,111.29242548663089,162.1907815542207,175.91754751764398
415.3020738138574,110.8069598945318,160.05377869331483,178.0252175982121
412.1511655337384,110.47207888361775,156.78460659846257,180.6205918312676
402.2156432912928,116.15546307162852,151.58497237241625,185.94666593876659
404.6882252082528,124.16664090046876,146.55363302224853,191.4913154385568
406.92972452100355,116.30858068460671,141.95140703953828,197.58707549583022
396.41209237029074,109.04063403141207,138.93839443971873,200.55450929141628
401.0558296056514,115.28841846804136,137.99996286145344,202.15945292273534
386.60025862651213,102.83089410184614,136.98101105447324,202.8488947367908
307.6693323785146,75.76574255285637,148.5839676764449,197.37874922637192
292.23487944405815,73.58740226334764,164.81934578962043,191.85604481088254
286.2269798070803,69.97976396930247,175.39417809980822,191.1761569092268
282.9031044991001,65.97214940512276,182.96104557043623,190.79922371458815
277.0747269592713,62.11983982261236,186.45425218055036,191.9385438454903
271.35934158639293,58.21224915649171,189.91238336560767,194.06826365658293
271.7296154373286,56.23655885921167,191.28691077512542,196.50892018345502
268.74424845541046,54.416534449383576,192.68884762745054,197.8722012723983
268.6211606405875,52.40610714186917,192.69561991985626,198.54888102551917
267.6827232074686,55.07198364496823,193.51256183893517,198.84600804327735
266.67856579620354,55.52830855838269,193.01049520127555,198.89155068413794
271.11264907260284,58.936043203086115,193.16332378855253,197.54299509483485
271.9622080539985,64.63587505495076,193.30177184386582,195.30562005687705
276.56191162685303,69.80318863391946,193.29056850980226,194.3951090335832
279.9240017904375,74.36761466360467,195.3968697118691,193.07779090213026
300.4259625065701,87.8827453048118,194.89976132892033,195.40880433895427
303.90706207163345,87.8351742410062,193.395568103945,195.05753288996254
318.9545162982646,92.3979928347467,191.8835682810539,195.09369799435166
322.79142979271944,95.54848839500892,189.72004621997013,196.0263008145621
331.6228131831871,98.7287579463214,188.68935951715983,196.8245389488756
338.83667746984435,102.53500167936234,188.7647361074195,195.4512911754817
346.27731876895064,104.68898069909227,187.96744360625283,195.20767468112683
348.2220059706965,106.168495815536,189.895563118319,192.8037289747782
350.9811374417782,106.16269286799499,191.22287932349442,191.328728748797
353.05512326557096,103.3078651460889,190.7268227493036,192.26014065089166
353.2537166157923,98.08445107945357,189.15845282036827,193.7276043890207
361.4799661677867,81.9543456245318,190.00948727045662,191.28289739114942
349.92680325145324,78.54071627452772,188.62815746347505,192.0263309797684
328.1015630761361,62.45877273633235,190.17619030434378,190.9914723286201
318.7482568961645,57.283410281483796,190.38938492441878,192.5781181443841
311.4097468384065,55.77155647030207,193.28208516231035,193.85647552508647
315.33192544176654,54.90921818316903,197.21476271511162,194.84463919995375
318.9164752471164,54.193822870216366,200.34972022568877,195.9246932376194
319.8357931157688,50.09645100712238,204.2590479168813,199.11913178802612
340.66484566109864,43.579073501809646,204.87486860747163,199.61513710382738
349.6350673675391,43.27839248986251,202.80476077350923,202.35188988623605
356.4199352169278,43.14414486839094,200.84735837246131,204.81489582749768
373.6463052648289,43.342027149724586,197.9799606838855,203.83964704051093
377.8885985940534,49.43304617301851,194.62402945909145,202.8515215000266
386.58952680116954,49.55414052002449,194.37622577923412,200.14660859718285
385.04170713740825,58.44962665209613,190.8491806279969,199.42638370852785
396.767692485116,60.29270273846022,190.14355354525227,197.04716005123393
392.08997071000357,68.19187367732587,186.91469037855828,195.73072315702314
404.717278287255,68.6863413703977,186.5965719586746,192.93395338405392
396.6311844506461,76.0838870236141,182.67866411187276,191.7146610659634
388.9110891507865,97.17540308924613,178.30670566374044,193.90143331702356
389.50080606226413,98.4280296039137,172.26247663280793,196.1735903180534
393.9227035210407,95.07795283607571,170.63987455201618,194.00907214657607
391.5192516517691,98.02791217588614,167.49584960251013,194.48815365387537
389.722358446512,103.18068887203188,165.74967210006042,194.89156842412052
389.70216863236766,102.91161212644784,163.77607586966076,195.3851484406132
388.9107149470984,104.0777471866468,162.64996834762107,196.28615850210002
387.61046294993616,105.34670834312024,161.61668351786426,196.90609575298066
388.44415276327675,103.23066556788072,161.6295348663341,196.52790651174217
389.32464237021486,103.85058110402743,162.602913009483,194.6412627024607
386.60951089803484,103.81534145819288,162.64756394288722,194.15958101581253
388.9734323152508,103.83844785102367,161.96928976156198,194.11404544520278
388.04975109865904,103.68976279603743,161.39305056739562,193.72149596422526
386.5321811949086,101.23784447405929,163.07122316412688,192.51231838699013
381.96272120952807,104.41500231262164,163.05437474041776,193.07512888860688
377.6103031076001,104.96604178547871,163.32572305212278,194.3187056225955
368.87091250807697,90.86001563476927,162.33775124518763,195.3469734391511
369.99668855109707,90.37188231527482,162.30994307470533,195.95263067548345
352.57165400292195,84.7388764599209,163.94809810855548,195.54231849550524
332.151447773409,80.5025382687403,167.82454801264976,194.18970801263208
322.5235680403624,82.88115537695074,174.5362954090408,191.57372011502832
317.24505799151746,81.87945194779321,179.51173200682226,190.3122124607091
317.92024089926974,84.76652874884978,183.93333598654476,189.22503004618753
320.5039115407726,84.99655648201679,187.6816050169546,189.4427965140767
343.9298756572289,86.78810967067089,186.47824016905173,191.10931629643645
349.53535179097867,85.25367344069116,184.12838714471633,193.0266584905878
353.5424373239355,86.95233244614312,182.29316829590474,194.84955198557378
358.70352646752156,89.5555022055801,180.2494314378707,196.82794776485656
347.273551253308,83.2820785008253,179.48431892379296,197.5825912711679
355.18442611416367,82.06013551375207,178.46950260509672,198.27826955698276
357.3716871601575,82.8344937263208,177.96882012988462,198.7549003646639
361.0655092147399,84.17505606784698,176.89780781469568,199.44629922783042
365.28348884234236,87.81599769659553,175.7305534506955,200.16954483080696
365.63782735523614,91.37601406909313,174.65433231031835,200.82189815987792
363.6424916943729,93.23980873414337,173.71486838195324,201.5549387698104
363.8793054108192,93.77684239189036,173.35276408555717,201.84516431434756
352.58572880214666,89.32802814206241,173.4948184259491,201.93310043119095
357.63553855541807,88.7564337029709,172.96294126712363,202.09256376158345
332.75881485786266,80.88370495724496,176.55551143445123,201.13687035887028
312.79296254390954,76.51704595436993,184.69106013279207,196.78925097906125
304.90657355186073,78.7893757175258,188.97219897962157,195.4502882739623
304.9717988162111,76.28283942443704,193.01177189223554,194.7402482769794
301.97848097742735,75.70817074214136,197.04435738650687,193.9288574730832
302.34750642066234,76.10125143119022,199.28384246309528,193.52086199569274
301.3742169245444,73.84954711859578,201.6620151118712,192.64329346710355
297.8307876460928,72.35810840583878,203.1426639138305,192.59484292974219
295.8547204415099,69.57034433005246,203.63873433717163,192.49245169349743
293.68980047184164,66.61278164268471,203.84418891960507,192.69588998022024
291.5795042356641,64.35367015542093,203.4810635689317,192.39557285846485
288.45981347803337,61.2322601795848,202.92646496258055,191.69048345497353
280.68391550196077,61.002994293705,203.67915813152263,189.9920535472745
280.0193980225539,61.183716863591314,204.3728941825796,190.03139248276204
273.2682212237643,61.01981174633083,203.27517396576673,188.79382130954528
267.47257361664913,61.04666191571711,200.14495733917676,188.58787698404691
262.3275872750361,60.73805175167726,196.10290830914596,189.27694534698531
254.98618645393685,60.287776374668596,192.30528316301437,188.866942788701
252.29252363059686,61.216700772153686,188.17473695300484,187.486017221041
247.64375998743725,62.63438535342081,187.92499727918002,185.87734955653838
245.1801316835594,62.69081478321213,189.1544642178989,183.55943283753496
236.9992330668252,66.60350007448406,192.10120426905524,181.4511352187057
229.98771057904543,68.99370518195062,193.61287095634574,180.80730165629944
226.25415317446368,70.74321534459341,194.8395692387148,180.11351504797858
233.39419801418114,73.23253620713842,195.73591789088394,179.65903752271765
217.69796466929282,73.76217149308897,196.56060694699357,179.32706747552817
204.16868871529817,76.43919547546741,198.47879897644285,178.82593670513774
196.7474261060019,76.05557992782731,198.6289680854162,178.80376102398972
192.40693162174128,75.498219854002,198.8026519086738,178.84857434085268
188.41480202143083,74.75987469809259,198.98631582578642,179.44960435241669
183.79101784967668,71.16304125491442,198.9858573214553,180.14760425802962
185.482055938536,69.67277295737523,198.94836560876354,180.29813854521615
204.94408223055098,68.53292878785506,199.60307889387423,180.70932796286215
206.32687734610653,70.28351451524085,199.45885850147772,180.1503664671207
208.83875970546973,73.44921588989023,199.72199144205308,179.50043649614227
214.21140806070713,77.45687043544467,200.01349511609973,178.77568812738446
221.08117978449422,82.06317011497693,200.12236036756119,178.36046253998742
228.82188974199798,84.05852064871476,200.41892221067138,177.97648716526078
218.01941844522244,85.79869406903941,201.05118375869023,176.99267848684292
226.82546536235537,87.60819175727542,201.4807006421978,176.16233791460064
240.2356686110549,87.51591892112512,201.80563983266498,175.66463916684967
236.2099577336758,87.80261192947992,202.27502843007454,175.14714995015146
236.1242436871558,88.05441411675184,203.40692070263037,174.11577535437425
236.63608873153842,88.3580412474089,204.15045277992652,173.38735791109954
237.61931872900766,87.60915325201088,204.5303732571713,173.0480291045323
237.59970925441945,87.85985611751013,204.79157544540234,172.77449260106238
238.09846508039382,85.68953948578081,205.08601270798152,172.62031146861648
238.13886538094496,83.87660357280488,205.18576783793736,172.54897250584153
235.56852177110295,80.82441168032358,205.09285158014333,172.61088631247162
233.262666675547,79.77214110163152,204.81996303926067,172.65289337599893
242.51310584903297,78.92211287554132,206.29717307119495,172.45225760367677
237.79258813937201,78.77073015804714,206.83067675223558,172.37002427009708
236.80415448380938,78.98321541726324,207.72436005953094,172.3735577120359
235.21479054693918,79.30909388624023,208.13547428390302,172.38718160961506
234.22141386699937,79.79453364967834,208.62948832398132,172.2467628695583
232.6942607386287,80.25924457505401,209.053968750263,172.00156777013447
229.62630811022638,80.78701042490339,209.21820576365954,171.67169830188104
227.2821783335727,81.65234339358278,209.0423681985892,171.55443437353256
238.65264485223216,82.28891320583323,209.95943610731518,170.9235273459059
233.681953330868,83.60384568350727,210.69363435847853,170.60653193935542
245.66561191595446,86.83165504802699,210.6481597633789,170.4037470535472
247.06636725914154,86.29592535298117,210.51565685517244,170.0694562881899
255.97080905962488,89.17608390686655,210.53036257915693,170.02911322140426
264.85602992696084,90.9358491291813,210.56357646887466,170.1652240941423
267.67112187616135,94.97762873009442,210.34292845533076,170.28231129276773
259.02466170842763,94.26916245532725,208.46613481679918,170.55447476976943
271.44245937362376,97.11769661394503,207.12361771821853,171.35896380269256
279.0161271803941,97.96336738676511,204.83910749835456,171.45543615895363
303.7615378563096,98.758832313461,202.9204792922755,172.4761784685715
295.44156737055704,101.83932929578894,200.24129985667616,172.7795800269869
305.6736805409784,103.95171798713902,198.50106300252776,174.19285129312098
321.8914262817217,109.10769182213069,194.0934817535852,176.69290389779584
348.1378006039896,134.83631309465764,191.58786994986966,176.51559909688257
372.72181007698083,140.21126770938207,188.56735390305707,176.98771192401333
375.2153324242892,144.24922026518945,185.0118181071754,178.93250917445908
382.2199179193494,149.91686723738883,182.01659651128102,180.58988147456716
391.18917583451747,158.52219800192546,177.74226620493172,183.5079278312361
392.2383771593166,162.99651277024228,174.54662763728845,187.12280918937785
391.2640147465213,163.71963400051217,173.58427377139645,189.8836041777211
393.16773055762894,168.75473134796252,172.73332789747218,192.4470926874713
392.01129149678974,173.25417453629538,172.77872278474513,194.0888160520165
395.1748379740089,175.48014864895163,172.25192852110274,195.02320367646598
394.61919225070784,177.1670270956475,172.4726031931458,195.79300290108569
395.00283496506387,178.88938076557994,172.4628574539746,196.3244317688014
394.08495597928913,177.66230978905187,172.36217412322463,197.7911696734147
395.0708717838101,179.4216657487501,172.9699931546703,197.11723271548982
394.62973149786933,178.7027485481301,172.71128513821867,198.2681156642361
398.0069524758124,179.9848276855928,172.88661651302107,198.29127461762803
397.8019098966432,180.53328290701177,172.99054661559805,198.48867295641386
399.6603808217998,181.96333680209972,172.7973255065569,198.4830049016506
402.69173700182887,181.8763341731879,172.2195593974143,198.92818184850773
405.0837107214142,183.47106032376232,172.054747814872,197.9307711828722
405.0690692779657,183.58910811017927,172.87804670537776,196.98761032578614
406.2234139602135,179.7224038344372,173.34409517581247,197.4912391569639
407.66875736956246,180.68333205843322,174.28290187975867,196.1096417722157
405.8376433370759,175.35281711287854,175.83574707691866,197.32528573040267
399.8236181055695,169.84929180745016,176.13825737879876,197.38408843171356
404.0681376443899,170.60624521178127,179.66212628303052,196.6861433416106
397.41225072157187,159.71214477728554,178.86796217090284,199.70091052529932
397.4671600916043,155.53721743341055,178.03897584069668,200.9742271271118
398.0765198292166,151.42148234703794,177.8783681523145,202.50421595754136
396.0300605278562,148.89770147181503,177.85576341671725,202.85775266831433
396.7935081210437,145.8556174948469,175.95924650645202,203.9363783439608
399.4458712032244,144.169227657579,174.51164490912257,203.94344752159412
390.67716162966894,145.3038386180359,171.60684718306447,202.09482577653785
385.0548687996419,149.59433043722595,169.99184994211754,198.53594926248635
379.51248187193266,150.7455469384377,168.70115458977244,194.44298021403472
386.72915058898724,149.31838932808233,167.0476252000968,193.92070470598568
375.471029679043,151.4519917924951,165.58174078402337,189.94129365190074
381.78738432328055,155.1444513838274,162.72339501330958,187.31878415627844
383.1819184306171,159.82189537830675,159.11897358389564,187.04421461824748
374.65473625232755,160.45428926853654,156.15914917399522,183.72393562875772
384.54774332210127,160.4097302165756,151.85998386562457,181.73753846244642
378.44326691327234,161.43048836862582,148.02604041253048,180.19701451607688
384.50846540234113,151.4897115845606,146.65684243189045,177.0189062189729
390.4866725262169,156.05362399062355,145.08526056634102,174.10182912565807
394.71727500039407,156.4806184355765,146.18955015534027,172.18956107906726
400.101162334357,157.52314181853473,147.81929364537334,170.71256674568792
405.85388756347413,151.8742388970934,149.02167075519327,172.802341887887
412.7798164689383,108.34497354275007,150.03100564751205,174.0762885511635
411.19054492319736,129.50343081336143,150.68073060850077,175.89529548821224
410.945355775354,147.14614255869958,151.21198068455317,176.97430910080743
426.2802250192585,133.58459582152256,143.29974379891695,186.56197548165562
440.306103411,124.61592435868545,138.31007121343214,193.27721528843335
532.4682417372494,139.48707125247495,140.94392444374589,190.86617645996083
534.6821692272149,134.16055426381695,144.5115027943506,186.31539020870017
532.1228395485876,132.1774768074517,149.73885858252675,181.15127034878657
532.8619622153235,129.63021659903188,154.15108852218734,176.66451101098755
542.0806970136741,136.9253454340547,157.17587058869415,175.57077624438432
534.6884138049588,130.17394400625687,158.9736673299161,172.91442230066352
534.6246649059904,135.91873144307692,161.2698846579587,171.5300539165864
536.5034287931832,139.0601677703629,164.0709577861305,171.7442639722806
542.0783629038762,141.28604703178456,167.40120640892172,172.50015658774296
558.4947627170828,152.4911970992826,174.7916771987682,173.63144809703394
557.2824480831086,146.11993244322946,180.77357675518402,176.66518758370077
560.4957808799256,168.987925031189,183.1117417508445,184.42653593439303
561.7690900213439,173.8655432155141,184.95465746458984,191.83743726105538
568.3981769562121,174.59012945067576,184.90339754291273,196.6794291889254
571.4035585255017,187.9796015755136,186.0014062053283,195.15368165555827
579.4714008889293,176.93964360497003,183.22630764485496,196.01120265340813
568.4532816295044,186.1496423800557,184.7813278256919,192.32825706704298
580.7069681366622,172.55447928638333,182.77029651669858,190.84881396727832
571.2962362711598,181.54276482579928,182.6347003874738,187.9133081045109
575.4813657439021,189.85220882251477,184.17537589023158,187.0687416671712
572.5507636812447,175.12019837863573,185.2253765357795,189.56459238891364
559.4702203436666,180.0551560877181,187.4989757994366,189.76553115776062
566.2045363157615,160.60681227159574,187.45310672603554,192.85128663058154
555.4086277421767,160.49283414380864,190.51697740103708,194.9212203632294
562.236555655493,163.55836986446053,189.75651876068378,198.98079223247248
549.0038211833074,162.55985857664984,194.2911081121594,202.0225650217169
554.9184645958526,162.2940723019253,196.13886520186395,205.47439776212974
553.9026952999759,162.09629669550523,196.87423606233227,209.4105547584324
545.2130766098409,162.13027072193205,200.17687813620583,214.64524189844988
547.3459620013393,162.59301271119045,203.0389011421189,216.87570012154742
548.6140982399409,166.07826274333928,204.57520757192867,216.3473773529346
541.2394646629455,137.8025527259913,209.66679135342207,215.12628304436882
536.894656122394,133.25589842329035,211.95282633842504,214.94673493742943
541.3516309964473,151.22895996206574,211.69589048344585,218.69236906202704
541.8320377151277,147.0611494994157,211.69899930827688,222.78550494094043
540.2635934164115,148.12929323095653,213.25954925691335,227.5762213383324
533.6883709339294,141.98201300701572,212.09499940986578,229.4175738165485
536.1499693992108,141.68715482036117,213.56080432561643,231.23313767253887
535.6984575673197,140.5661573062362,214.68446687549275,235.68774938284145
534.9012430229586,139.4133497598339,215.7300328512884,237.83360626546386
533.7884799191625,139.7066573690455,217.32150225231624,239.88041270651024
533.6000184734312,140.68733369019205,217.88852381688423,239.68475682820946
532.2421747864829,145.54464116702667,218.84136662825009,238.86443279861246
531.3842733168244,152.33014873718727,217.6799610962688,237.9924466271023
530.3054948378642,159.84818834342798,218.7615121185205,240.12780753913265
529.6066809446215,175.84965765675582,221.61232546332494,231.96068052746713
533.0159993117898,154.41211589031622,220.28498740452557,233.4371129372995
532.293401514451,159.33765290933349,219.84743451459138,234.50935966952864
534.8485042541905,130.89563309005072,218.208812163088,234.3235941628305
537.6991030662425,131.40404806006225,217.06557600291222,234.2238709704347
538.6327709974851,129.61216434781187,216.45611939762932,233.51984094391614
534.7246945879796,125.88339193642634,216.9048377149922,233.89940095681175
528.7285592586741,123.72900766268205,215.36580782886458,232.69692473043557
536.8434617343763,151.29904225996975,215.36697135280187,229.31459174191485
536.21243739399,147.11191531911646,214.69829016754665,227.99546240676352
532.1154814815008,145.8082465121198,215.34427365924262,231.94246519524108
530.4967086895365,147.98371763576944,216.99303752873166,233.18080879846673
530.1757850510733,157.79581407630417,220.2949793052463,230.2150135919578
528.6429802275053,127.62617071966955,221.77783231385524,230.33868217168214
528.6109361994095,125.81455020998224,223.0490318478987,230.71407944868614
529.0604101661761,164.38271328100592,223.60950531062093,228.6779043686505
530.8306305357607,141.3211482487123,223.01352138717124,229.37057636439008
529.0121520918982,138.88884372274816,223.1653822971132,232.18543461141724
529.1793865218327,140.79599641138327,222.85263160214996,233.34840842039577
527.0690732523378,139.376860588829,223.82082841740026,235.05058787953024
525.3231045633266,140.36605915127438,224.84340091390712,235.95144223474196
523.9285153041257,141.04597186368528,225.4811643226746,237.77161902244464
523.9284616564253,141.94824886865678,226.26185249633312,239.1980115533341
523.6842312120357,143.96143847594377,226.62065639971024,240.46483759999063
522.61308524175,156.1666364888957,227.86168665300295,238.51655400084456
523.6213354993074,128.20963441555995,228.27418556186882,239.02800458916647
522.2385352790628,131.8074889089788,228.9911231014332,239.717836564548
521.9312430321936,136.0388870431991,229.70988245499356,241.07682050088036
521.0968624039006,136.91123356304723,230.2172792754299,241.57045711015567
521.21101565001,141.47560151484322,230.9594599605829,241.5458071288049
519.362128263538,149.36690745639612,231.64930731577198,241.19114038272298
520.781278491208,126.40968926898017,232.04174287765915,241.21826291478146
520.7626548048047,130.3033573312601,232.22495280170193,242.1622271442255
521.0429661678766,134.8898712627148,232.41294700938067,242.75041639862567
522.313194998771,134.699064647606,232.4328261758238,243.53687030681988
522.5565045974972,132.4866201025279,232.47091584544427,243.99311835426676
523.2041605034138,127.82371452175376,232.66302375807555,244.17529471967245
520.8758918242306,125.82753799244797,232.856570832476,245.0995921485538
523.6247800520612,124.72503930842744,232.43238847013754,245.7537998027353
522.7702859434929,122.94794843668113,232.4734715950347,246.34290390760182
525.8164749604708,120.9829180821468,232.22377973737898,246.64548697079647
524.9077935741956,120.04186647744794,232.21011988972828,246.89190330580453
526.7086793779955,121.32732651305668,232.01577773883915,247.3514922296432
527.62070913889,120.77426806243048,231.98646628490604,248.01747904614257
513.886613000774,119.58724577342878,233.74287801304243,247.05966808863877
525.233339377357,119.47341263347548,232.19060720567728,244.39666740687545
520.8938466301835,117.92086538879268,229.91124728681615,243.10687444888387
533.0482392171783,123.57684168984753,227.65807658426212,242.5962619499236
535.2486022501058,126.27703960246978,226.44907624930298,245.35479594950817
534.9205804241547,125.58279198713565,223.3189189009919,246.70210226584763
538.040022661957,123.20086447281427,222.44132488025164,246.62311662295107
534.0793038463927,119.30370756412478,221.43577009499836,245.7741923727031
528.3055733925069,116.42142678594415,221.9883417434317,245.42270034782658
538.3179576217882,143.1179050422571,219.2396467406795,243.4960943906206
533.6360938298544,114.29105436599674,219.7905681950914,240.54570028415694
536.895833399195,140.65006479758142,218.5412163528582,240.17713620809695
530.7246421361087,131.77267389146735,219.75852639978257,240.76439558990518
539.3379242889852,132.37606695302478,218.4675480696767,240.2126111667148
529.7279017484585,127.38376555760789,219.89918868600824,239.61956960940404
531.197642249632,205.33959274089432,222.50711483392985,229.70774739615146
534.2543080454673,154.7950188351844,220.25364533141652,230.96542090337206
533.8427003259405,196.89309334263424,220.3503165690958,225.00775913212473
539.1516624326766,139.4192572846316,218.68216328305292,227.06532504695812
543.462113998056,139.34848188347866,217.53599016709524,227.25369312589092
532.4454670972714,132.19011243290277,218.1944327418579,227.37649186438398
540.424050491875,127.91413205075887,217.8097690425553,227.63447012287344
529.7207926290804,154.86179133098423,217.74368192390617,228.03134974357505
539.1082765952633,158.68681932564547,215.85595154036852,227.67224548307337
542.0966852466429,165.13398728531524,214.08407407983339,226.42644243116547
545.8842386224705,138.33315744368912,213.2790531397931,226.821562960365
536.1827005796124,134.4179959041415,212.90275224186684,227.2087812955027
542.1813584267185,177.65352575803104,213.87428668345788,222.98039736897366
536.5075602184434,154.93855339515375,212.23059396121417,226.2793949816911
545.1791161930153,159.03810780434048,209.87532647923365,228.1473952712888
539.6814933072717,161.62099270625265,209.4945871051517,227.88069048516465
545.1942784135941,141.4804314965761,208.88624654491164,230.02597916428337
538.9649352844292,138.37979826014526,209.26732183369822,232.05573207971096
540.1474831234625,141.2923650226399,208.55601996742968,234.25670729648195
540.1261671245469,142.37798089623806,207.98988242924239,237.62818394619728
536.3919432045814,141.5030680484724,206.8971081927575,240.2429488545277
536.9698145680798,146.07705972687643,207.75324014151136,239.18461565183338
535.9853306125233,149.82568056479232,209.42325162862664,238.72796998430238
534.4331914636203,150.49580375302813,211.41416415704606,236.18577055435634
532.7815268358426,149.55625677708673,212.60909211407872,235.10839520883007
531.4642888994119,156.47396324538673,213.938141508554,233.56735101612657
524.7302613462557,128.12104793441648,213.3223695961288,235.38119860584047
531.0594823404031,137.5831656185024,215.74965053111276,233.61334675207297
529.1487161181096,137.9713118837541,218.92853529207912,233.4587343024602
528.7960127443697,142.81140064933777,220.6428147869804,232.13177484990612
528.9977319369823,148.6282009745321,220.4086082188814,231.3378768057187
530.2593599853312,155.75537014953142,220.35877488791542,229.2970728108836
529.0276271827594,163.39896122921363,221.5910296652316,227.5214072225641
530.242868077028,176.32657195987184,223.95896449122688,222.15238800123794
529.2517679939709,155.18567857506287,223.326151773201,225.28392910435198
528.7033877126106,167.49230510808593,223.40407798342832,223.78901939157728
529.6057436412048,183.70847493723107,224.340595183552,219.69705181885834
527.9372601248904,165.8190598197899,223.98224017943778,219.5920853618461
525.8948017758674,141.5938231297303,223.68338641163268,221.69318969289304
527.3185608189494,145.60244317944094,223.1439931061237,223.83755066006114
527.9886536408073,148.23035885602,222.4962461840645,226.70896330256954
526.6179586100882,155.6135293360199,222.62505761505543,228.53816715763318
528.1670030936396,166.63138247253704,223.91470163058835,225.35613481953544
528.2218214543421,179.3158801663318,224.9420249387852,221.29642364215104
525.789077303554,160.8390470948675,224.4048647914173,224.48189367912255
528.2362266695976,175.33775416186748,225.24000007269692,221.76155054426812
527.4186790528428,148.8760725034391,224.2753724439628,226.09117911991396
526.8778862859838,150.48478790118256,223.62257594433265,230.01281454375686
527.8915042904523,154.47818492010597,222.38153014716858,231.45432136345397
528.9435842019927,159.05180042489124,222.4118398332125,230.4140163182389
529.460534834904,133.6847725229144,222.67351573585458,230.28838050231957
530.8854331961015,139.69575212497585,222.61638354135275,230.5378160278109
530.5241142689495,139.88048268000426,222.2196684589122,231.31304125903975
528.5794121675219,141.62681821252687,222.8862526182033,231.43909310964398
533.1529111035231,143.11862847504653,222.33955648875454,230.9019230564827
530.6916698774626,145.47126758041955,222.94615530440112,230.9381771714813
530.0122527329002,147.17298783385127,224.00759370853524,230.90646150859672
530.0928388296653,154.293330182791,224.1290925195388,229.02829512126414
531.7898630487567,153.27000464397454,222.93765934243376,229.4187436441943
530.9521307268373,150.3392223537029,222.859599921255,230.8208093424439
531.5148919844189,153.98780399642337,223.73174257294667,230.46819514071268
532.2188989685177,157.16162358113039,223.43953041596728,230.13181266609234
532.560750586865,165.5846692767882,223.14279975565256,227.51004359380747
537.5305935628213,138.19940371437195,221.20230842577962,229.13946143739
541.2674157261398,142.85545549709138,220.43025559084185,229.72322808069134
539.6274797755761,146.35929048238015,220.42474379064467,230.02360254370757
539.6598055320015,153.18861433345126,219.9066085770416,230.21995343012736
540.5021243429308,163.145625754016,219.5001104271911,228.0272402508631
538.2080333081149,178.3932092384963,220.33434404673417,223.20898749699037
537.595570581149,166.5024755207969,219.78627319424672,220.86909033888335
538.8711671293713,148.0816553815547,218.9714231239632,221.8412390402193
534.1769093814423,193.8418872946185,220.0502853376555,215.4582721623339
536.936311555955,178.7365503798809,220.39014597810183,212.4426314471314
537.9739452917324,157.97224378013973,219.09250698793502,214.95436079651603
536.972741175498,169.50539805596026,219.1248352023604,214.70948245117378
534.7192870648003,187.64700243797756,219.79860138159572,212.05284534241267
534.0964715663616,177.37939729475,220.1802190642259,211.20553495320863
533.6136639304955,162.8253489544431,220.43328864303737,211.88472996145913
532.03371773353,182.78296090843332,220.95465745832473,210.50751951173058
532.9953078254584,215.65903265266743,221.22038251357293,208.00989643952215
532.3823894067141,218.169389787334,221.57836338497063,206.8115951378709
533.2616690736792,219.95398267921195,221.8018605495679,205.8332856949811
531.5064353726216,181.85054827484245,221.9913242762222,204.69093422784118
531.6869846988823,167.19872103126997,221.9379558216074,206.83331666603596
531.1411880904398,183.93780491785824,222.6045855344164,205.30069599674124
529.8124733732845,173.6412481659063,223.2850612238385,205.82725829214903
528.3207546213766,144.19413306264002,222.94287974533924,211.93228485488277
527.7963151471561,144.50018985728752,223.16229193362187,215.5954412507867
528.589024068344,148.1670468300718,223.51157720289464,216.92193314628267
528.5120531804173,156.40561208252856,224.2231107150646,218.3145536179316
528.8515162538885,172.0979079798857,224.49330461283063,217.1897198188228
528.9493991400958,151.8619145541615,224.5578404303817,218.45960400913842
528.3241764497245,169.7145259225883,224.97687403219743,218.231306168525
530.4648969326464,146.1943679720138,224.91863148020258,218.79277075131466
530.9619345185046,157.65269594609515,225.17732482502674,219.63685317595466
527.7239305684471,180.2869623436454,225.757543101881,217.65080252807098
527.4938432154644,175.79580888295897,226.79457895095877,216.28134095579148
527.6020268926546,161.2166751215562,226.92875712212913,216.7287034035238
527.9509245958936,179.84622918379358,227.40994623847067,215.2113669770471
527.7315075244637,168.910198925929,227.5183684107151,215.3291989008573
527.961383294627,190.39482364050863,228.7955945668073,211.74444425319217
528.0657042928597,174.95616237943233,228.56222360160243,211.45686122724908
530.5446874260341,152.13561248546347,227.4591574569425,213.55810505815552
530.9304820727912,158.49233254506876,226.5417241956329,215.0650800543014
532.1866994793114,169.00492213727074,225.79165841926692,215.267109961084
531.6664011624207,145.44535308704013,225.32841067266966,216.98540730226782
534.5882562470051,148.57783501524818,224.06822997585195,219.31438036601773
533.1263698285366,154.36625931261182,223.3633998312216,220.60590468846576
534.6813853452487,159.9365478525446,222.44475668956665,221.3497604012638
533.573359885078,166.92882929638185,222.46524095570274,220.70669970322552
534.2998069171019,143.3693184640456,222.2839147131577,222.90042839914807
535.7858757017054,141.20744927431386,221.84749463128577,224.7172612228864
533.9858927466086,142.99668861749007,222.230734238379,226.23585227682943
534.1537808258319,141.78356841948604,222.2220723937732,227.64846991206474
533.808134795836,140.88032780895043,222.50582422182177,229.25270688116947
533.5788117551227,138.9758846092073,222.7503246726503,231.17926965795223
534.155694786135,136.3369202023227,223.44346992177532,232.67839703052883
534.052851307406,135.24123248334178,223.90312976722637,233.81350449172973
534.7598521179353,134.44720886508787,224.30395606517388,234.85919297217222
534.1461127009852,134.499107915487,224.68413687298934,235.64881157412125
533.9874776539951,135.45772750889623,224.8799327307195,235.92126393088193
532.2041977497128,136.38131318727545,225.554965363381,236.189985461239
531.4880741575195,139.24397059542616,226.99411949768248,235.49496315592387
530.9634740269594,145.20221290305048,226.78087645474082,235.5122153418227
531.1154499981408,156.87341837362993,226.14417657612915,234.00653917239228
530.0235500141424,171.21890594405278,225.4417875602087,230.74804961199098
533.9846294458996,150.52826145350437,224.72147386576165,230.37853369196472
533.2687298493107,159.86693780634684,223.37684507470186,227.97270541560107
533.9767131076122,177.58856648092535,222.85930079930978,221.5652909619519
535.5935388441054,158.93221642185352,221.26655494499093,221.2011836765311
536.632162294066,178.6137569434247,221.14320778624253,215.57355719271487
537.0674254563171,171.13361763298724,221.10786806242544,213.59253256041595
535.0706531917539,193.18568900832057,221.96230584106362,206.20356162371417
533.2720692935826,188.20052216279652,221.73576510316542,202.55206914288726
530.8621960233928,221.50553234659787,221.54501407350716,195.06944440516736
529.2655694214891,225.02126133344444,220.53195271356344,189.78763273751213
529.9535755068694,225.52150627406735,219.23921207605372,185.62419091000777
534.7439841846563,228.0871465307339,216.48965778581817,182.20346296987873
535.1000736458151,230.1418951283727,213.24915402104733,177.2507436333352
536.8728471325487,231.51253574866246,209.4208856473191,172.68196646017665
540.5937004021976,234.04905905746307,204.34719773518827,169.3426836565479
534.0446884510045,237.56804746789658,200.56042168029904,166.53880622380348
538.9125696534203,239.12184255256494,197.2542289966894,165.31622701218467
548.2961537365599,239.44305528329653,192.3346951459009,164.81332814142638
565.066252815728,239.92824807610174,183.57605216334576,163.1688696941445
569.9086258270355,240.56198799361954,177.7826847818594,161.24492176571368
581.1511285812857,242.30424678217932,169.77464994596647,160.55294140096595
586.8206399780765,239.66786673820363,164.30694453901205,160.23234249538706
593.060787790603,241.79422868203147,161.2748443714176,160.73347526666691
595.6445574253789,241.10504450439385,160.48132186364552,160.9947446944443
599.2399049182181,243.37061542592423,158.4652775470649,160.98148567532763
596.0877818266785,244.77134598926818,159.45338450895298,160.76738278495262
