160.5,196.5,111,134
159.83041353052192,190.03062425413555,112.29017851699726,134.36904648226846
159.24467290885406,189.96105196345607,112.46445569501009,133.63851441405694
159.97027097361632,190.63137786253253,112.99514857496125,134.26885577710547
159.0612578299543,191.87713790129726,113.4677664226491,134.22759586192953
157.24465647102858,192.7203653435398,113.42423946139283,133.23833996445157
157.8031782808505,193.93087377997225,113.1674306983546,133.42365062530865
157.34542288937382,193.84930170441558,113.25240350647346,133.50522232572456
156.0194409695182,194.98312172047207,113.72278894843383,133.61412414656266
155.274475739091,196.02155189278062,113.7495007203234,133.69734876479038
154.46248530225108,196.87969339919738,113.6433978900085,133.59423649494545
153.9447930993744,198.0326435577122,113.79064477640222,133.4909185372298
153.35124523180133,198.5744550932187,113.7469041200994,133.1648928530538
152.96654554848672,198.81625932926698,113.55089838018415,133.25819666485464
152.49158445296263,199.35006321085493,113.29625337724735,133.3826126557986
151.65944278871805,198.7819100373867,113.33421944308697,133.29859639378728
152.0890540808993,196.84655047037214,113.31315260518446,133.30996174706996
153.81640558381503,195.20073125647437,113.0327323885833,133.73996568199135
154.1482640571433,196.25324152997447,113.17585866311433,133.9551758574185
153.7385953496829,196.57853403714714,113.20528063556841,133.55049747919207
154.57124898504878,196.9024439846034,113.01305984116269,133.5372618323455
153.04146877501256,196.5838612178216,113.26034938148962,133.2492376920085
150.91877125911503,196.56792282854622,113.14071364775126,133.17037021775832
150.47157822750347,196.26739045918094,113.28558238938777,133.6161145803311
149.16302484432313,196.19321918091723,113.44300526063734,134.08006817149027
147.81525352302094,195.2429488191816,113.41909695261913,134.70982320560756
149.3145045752994,195.25915928617616,113.57703868236709,135.28617609917129
148.1996268352514,195.5855026857978,115.04282116479767,134.59867727792746
146.8430665808184,194.17091022789606,115.84948663368564,134.87885763898237
146.7320316795468,193.01093218450652,115.43523012321002,134.95969085817723
148.02722082913942,193.25404169661095,114.6093239509855,134.68429873754994
146.27820592408779,194.9524186225571,115.42898376215695,134.01582089998564
144.22018961606298,198.37553900111226,116.32097586993628,130.40444771565978
140.61642357630333,200.80413160693718,117.94768834267457,127.19707353344418
139.4441446457244,204.34036036652816,118.4465862325952,125.18156419922924
139.06096044686794,206.34549303172065,118.05694650595667,122.92849851388668
138.6486715560628,211.2417063421208,117.71418746601084,120.70678588997355
134.87876270537782,211.2110514374288,119.8736583923259,119.01758929829555
134.7778893624023,217.1768141743299,122.89054365669182,116.27035852511592
135.95330389218265,218.98297172220168,123.69602825489174,116.08522968005903
137.71447575674705,219.49944487427462,123.61326901940004,116.02785643880983
138.59034067544695,218.7608575806625,122.50546014004235,116.45010153117632
139.82097664040555,220.27870480467504,122.30628890668888,115.87511164819944
140.3263407324073,221.86728310089632,121.64588836345732,116.33095495276007
139.49206418468142,221.47905283168376,119.9069001838846,117.37737842782495
136.4344607535403,218.03327206519518,119.44210759929794,118.87907599290662
135.85348006700468,218.9359143375013,117.47351143529036,118.54641205471682
134.5685534597699,217.80101348951172,115.87585509394326,117.88279619202589
133.41509815908577,220.19313942355592,115.62626025364585,116.33032532979686
134.62945114298782,218.76200823410187,115.13720005305369,114.98026738094623
136.0048499991206,218.6446503347489,114.86171505059646,113.86130697973914
139.5576945910951,219.35314774372742,115.3922615806062,112.22801416275769
142.909013040258,217.28520309035562,116.0248688610524,111.6761168903692
149.00180061212836,215.52805761969233,113.82095837490445,112.79319628002955
147.96501273418622,214.48639684553308,114.73464097569077,112.58645516240873
147.87543319825312,213.80268254430766,114.92529748644219,112.92435586225638
146.59453055463356,212.63723985271844,115.23611023713651,114.89145442883786
150.44391602770247,208.2785273584319,113.48191460075216,118.7137235107337
142.7484815020007,208.1242418009522,114.34094046673088,120.22043882315705
148.98571970278064,206.8576187055671,113.75371973381112,121.7270449563635
140.05933120997932,206.96880966494638,115.0168055573044,122.63308720523796
131.9620600658643,208.04327489186454,115.96211746070776,122.28456773734828
128.46728404097888,213.17316486635872,118.04201823102913,118.14481580731135
124.00606332544443,215.9748719988568,119.87630439247525,115.10590187419389
221.38599463014475,189.2904635625821,105.39282422936364,124.85582607706559
213.18628577931668,183.5074965193475,95.8103789091692,130.42629965328084
217.39523726131137,181.7745356517131,86.27308998746196,133.80078191790085
209.54697517693086,175.87212732977852,80.04952824924052,137.7401601004663
213.54429470137347,176.37541817961738,74.431823251869,142.20653172033818
203.34069473255767,169.5226515565265,72.60500677104358,144.1258997290931
204.77502807305666,170.66428520634798,70.69453690887417,146.37411798700637
204.41662175841884,169.28646491990102,69.03905940371986,148.36280997915838
203.42595055792017,167.20548220560354,67.6885155132133,149.88616981311833
202.72951161581636,165.6223084374837,66.62266770657922,150.79297249996227
201.9393938674295,165.65358725508557,65.77036302505408,151.7463149997988
203.17849124816985,163.7622351592285,65.41711461939303,151.96823103691088
202.0251261706362,163.80702590055554,65.27777291128584,151.68351852059783
200.99937431203062,162.14973918116482,65.21798450470251,151.57334878387266
198.839158586481,161.610831761416,65.87898998190948,150.83151607278745
197.47525031959083,163.42620515978058,66.66327667140581,150.34964117470938
196.92707102235374,163.4078166333381,66.97561066966571,150.8183534485512
198.64588833013053,160.86876252057073,67.83445909396805,151.20740146290427
198.88344590640756,159.7751141563318,68.3529992057916,151.3720210082309
199.6622381486473,158.0161472085425,68.98702052766284,151.19086585351653
199.44271272752988,155.92946758168927,69.86520298744375,150.4737822590174
199.5203265189774,154.7961826191201,70.41868416767124,150.83799937424976
201.01117535044153,154.79156233753514,70.6425974952673,150.94928427391747
201.8656666230816,152.70197539479875,70.64340446452874,150.65459789556576
203.02675896540956,152.3082024497353,70.6023481863975,150.99887253615998
203.72690763269506,151.6046089178667,70.45771031284796,151.8714101681917
205.05030559018303,153.26610471531166,70.39162576261808,152.6407418765244
207.9149632522445,158.4317004801694,71.26747496638824,152.40285021253158
210.22061305734695,161.34527096875584,71.50811360386402,152.60481871335554
211.12935554296268,159.7922304443171,71.55424509915476,154.20035260113067
213.39793320206502,162.58366462841903,72.15587132849645,154.63528742506554
215.4415501353134,160.39470085347466,71.35036882911088,156.26882877881778
214.80645361690486,158.7051624765798,71.31242599880916,156.22259229827833
215.14257281157603,155.30139856859614,71.70430933264184,157.66607640162962
216.8076280491701,152.7637818237186,72.15119022479385,159.4713578325926
205.62288170214993,145.32775595681125,73.87062226514763,159.6709318442394
209.7246842571617,146.92624781842747,74.6848069958223,159.92598664754195
214.30934578899934,146.01511420315217,75.47326667750836,160.66491990897632
216.6917689574469,143.66719554377872,75.6596680327214,162.1701010425731
215.46811866585983,139.4440432278556,75.84283397043347,163.75351161619182
213.65510452762345,135.81271294327888,76.29112167302321,165.3129332212644
212.45210871528147,132.68520527437164,76.54964020085966,165.91059372738337
210.83609314314438,131.10963775467135,76.88944488753799,166.94251041732713
210.28399005153426,128.0275801821803,74.30224124447955,173.32477234840297
184.93802772708617,141.17574422124432,74.11051034528002,174.96598623194484
174.940983440978,148.44018047274733,73.60643569422979,177.09998795074057
177.53458219212328,146.15012998715446,74.51764641413767,177.76514403476506
191.99888951411663,145.37807799658273,74.68502862684048,178.47756569149902
194.24867140502775,146.04713207223756,74.23602674992544,179.580053405439
195.84470827136946,146.39107001909778,73.95755870724447,180.63344304707317
210.23252102251084,151.3521194815996,73.76534919006913,182.38769471563643
214.38511823407796,150.24477858265087,73.3302409600196,184.30802356486828
215.04617925823106,152.81533975041174,72.54248188349604,186.856835006202
216.78901843542332,153.58492423520894,71.96541148885889,188.3154754467028
220.55440322281984,151.9831207670047,71.62964065521572,189.8389716901334
221.77850759092428,149.99201150958396,71.63578024473622,190.62804111516164
222.3130824852421,151.53253751330064,71.47484532321565,191.50292005598573
225.27229476356206,154.30297251552477,71.1023397080735,193.72197684749693
229.22712108527116,153.9598907563003,71.21368220473093,195.778927032816
231.63244337472725,154.44344120536397,71.32980211403904,199.04632511234982
234.09046792230055,151.72149530691655,71.42072104028523,201.47808068831264
237.39033716878157,150.4333843218753,71.74029740862076,203.10173931296282
242.09495046254938,155.70993919545037,72.40850917557738,204.40729598579557
245.36343123817372,154.20610990861272,73.45539323971565,206.04215611663034
250.8522732922221,159.54459880314673,73.995827036282,207.46753905296515
255.36587770804158,158.48700923660812,74.52724819426706,209.2691415175415
261.64243361814727,160.37060588396218,75.15887644058392,210.30630527468273
268.00529372636043,161.07493425899182,75.61750242319332,211.46137137351565
270.3664084216858,159.43749254016933,76.0625742105211,212.05954849707373
275.2555907110806,162.0027230664619,76.58694400673156,213.0939791643067
281.86189311692397,163.92438409047378,77.26479825571369,214.5011363376269
285.4634171848334,167.55240032208133,77.57683581706885,216.71844009419942
286.6870479229883,170.0274382725305,78.23567299264501,218.6856915973233
289.21597804910243,169.49000169238312,79.55526272973562,220.37580467585002
293.6721729681973,173.88312821718964,80.77699001801085,221.88340157130534
295.5328521789337,176.09104928450887,81.77633233735219,223.46296129595032
297.4115928345159,177.61914051055373,82.73344920505127,223.7530999498176
300.469320467554,178.25322890583823,83.26948462729916,224.2645044676135
301.93802749519944,182.83250782305998,83.25905082904254,225.81736478502546
301.3861600784543,181.5679228692511,83.17221590411764,226.71727105319317
299.7116336712628,179.45473389511085,82.76350676323928,227.80133432900357
297.73356694742233,178.20510800759968,82.3877391374644,229.0159535404349
297.1208729944136,172.25507868608753,82.17983095907792,230.58138503196992
297.90219034725965,165.59390810389402,81.87667219981222,231.5439020157539
299.93890717134195,162.60117886819253,81.57905141595124,232.1207010289965
301.21180506076473,159.23733296415776,81.28573209088674,233.08320986511168
302.104437206215,159.46142264889556,80.93415083774417,234.56994484614575
302.26713604267326,154.800924951363,80.3907735399602,236.64829783856197
302.25208114387726,152.06293244826549,80.09628469734868,237.90044308493032
302.4865257434507,150.17864726030007,79.61757397615217,239.16658683656303
303.13801996289004,155.61066596145082,79.559289187748,240.3630629306605
306.4202407305603,152.87690245306993,79.40201985547151,242.0541767451365
309.8413399158511,152.469073743816,78.94318520864475,243.52092222259282
313.7419679957555,160.28842028479633,78.81288327628351,246.04969053589588
318.56364953651564,158.1482386957465,78.2270353391114,247.83008709259659
321.50037984293044,160.6197857313208,77.82619855135505,249.21369275518214
324.8780176701072,163.60967877767501,77.48472122921575,251.0942496419049
328.7168209451104,162.1448349308893,77.44544466196709,252.41579066799585
332.8954151727732,165.9993214748746,78.22287591947097,252.87445349768885
337.40018586884474,166.15352614863863,79.0137638715051,253.014121352004
341.4341413511383,165.63279575938353,79.63806024334383,253.50107278879744
345.1910591699383,165.33662683827725,79.70316642779582,254.65522875387379
349.52836224612116,166.32170151435062,79.2934108918852,256.6167169272855
353.1415667825842,168.02059260546108,79.05128574306184,258.3122102920922
354.5685348756014,165.76317654056308,78.51329351340254,260.2915149541605
355.9273261722515,164.1870503679923,78.17707025886271,261.9379131695108
357.4103775837816,162.654240246225,77.95440639492426,263.17032711707833
360.05929111839987,164.4643865558536,77.89688141156427,264.22615191801765
359.83984196643684,163.74716047068094,77.64600943417545,265.5210110086768
361.50278949580775,161.5861119885608,77.44501900800196,266.66350296574547
363.7256745007726,160.71401984391224,77.4992432760264,267.21454591383315
365.70456023465186,159.88481599574294,77.80512794764161,267.3322433993716
368.84708482767064,159.7438068265932,77.86844120743535,267.5653676787581
372.11078191852664,159.26612333617712,78.02923224071975,267.3400915779252
375.56553686876947,160.98208462919058,78.21834513915373,267.0401677692878
378.78677181845813,160.49275563128694,78.37712588827496,266.62694143816026
381.8775980645584,162.07090179379207,79.04820843864643,265.1808394093231
385.14407410532783,158.78552140091224,79.52189536086127,264.75046484580906
387.0520913316961,159.04637732288387,80.17416888007905,263.67325368660397
389.4962230080597,160.21497975332022,80.67973201203198,262.1714390954876
391.0471756377481,160.72640610676171,81.29349805354325,260.4027681908774
392.6348742970466,161.09963353470172,82.05552897095384,258.43002060561963
393.6279531682389,162.50497043680986,82.90988350426515,256.2053003350528
394.7821547623433,160.792477441587,83.30981261624257,255.7855244770488
395.0336615535447,163.68452984098195,83.4158024584842,254.01563180975916
395.19326083846977,165.23779661471733,83.4452889148028,253.0013254828237
395.0421057057694,166.70117147050905,83.39657124446025,252.15442477598575
393.25279764168994,165.3997717827405,83.52304322665361,250.4803281516144
392.8825558122733,163.4398790938113,83.28666910407665,249.0107888644032
392.6831314554333,162.20944958541804,83.29483768346024,247.98950281016005
393.28639956750055,160.650206008974,83.50001517869373,247.18823688840214
393.80115690035075,162.24624979413136,84.39238171187642,244.58149911628996
393.9476439426136,158.2499501565669,85.14127989030538,243.66437129486124
392.85569730464533,159.3874964703711,85.3240762023595,242.35501934794738
392.8182768911797,159.6772078535253,85.74325908222728,240.6602553951156
393.23506567475874,160.26622084287192,85.98300965246699,239.71350799982977
392.3507281593161,160.490577911906,85.95759059765899,239.26529220612662
392.0330586108744,164.6158617839934,86.54327111292785,238.08271285764275
389.65476976602685,169.63936087651032,86.84522367292323,237.8030963406997
387.8343366886675,174.37838265317808,86.93399465285246,237.79072623401947
385.8844727765244,173.78863269080134,87.08418763178655,238.63987224308158
381.48822755809135,164.9449561160059,85.7248798203616,242.19913834891025
376.3918408995977,162.0404993572671,85.18017869582063,244.2213945330138
364.6824440565866,161.47030120017888,85.11896521021198,245.67166615665755
366.3264867031617,166.33881466860794,84.5468456648949,248.84199071363489
364.64530634092534,163.16080106034818,84.27330279248963,250.24842724717104
364.997814716281,159.09491751535387,84.27545599178667,251.44922509887843
364.2805582986567,160.4320268054998,84.62715651777022,252.78675340197887
361.63743239312697,155.9833303751476,84.86733060055816,253.80909238008442
360.85229840795114,159.91278640864732,84.94468186768565,254.553391715978
359.20611252561974,153.68393431488732,85.06485104522076,255.0625390034736
358.7919376243863,159.13578450494344,85.33469078260882,256.6310142215059
359.3551758617835,156.82704272580364,85.44006767371263,257.57223110955846
358.03265205259885,160.11840312730695,85.81237206698431,259.41043830795564
356.4866736691324,159.89832645490438,86.36495472083426,262.03612088478593
355.82759516792254,158.49774308454096,87.01442026693613,264.0761615244958
355.8915855998789,158.95359579582154,87.48212363335091,265.4560970988676
355.9801742558328,156.76799122850417,88.00757249017097,266.94249936208814
356.2194101550954,156.68350692872048,88.67228475746464,268.59886277137844
354.36916332210455,158.20211639620658,89.59208942236293,270.9231903528247
352.4810601563817,157.26169248445674,90.74248679956972,273.541815767076
347.34146945654925,158.2071070547974,92.54954600685187,276.7806124236664
342.9186606935896,160.993646802199,95.2022395100967,281.50782208291594
338.7049533892683,165.34898837696056,97.15671033593279,286.79970431730396
336.4951792872925,169.4984134880577,99.5794645545176,291.1122823559129
338.08357717859604,173.280623369654,101.83994990365485,294.03289658167296
336.99731164730304,180.23553337796298,102.42241882482242,299.8914939234534
321.5599139491229,177.1434004367312,104.28571863097275,305.1478736178867
320.5137548884728,186.56481051151286,105.43896539502268,311.88715147552557
300.61433448891876,180.00863806059934,112.75734888822257,309.90062228525056
299.7118406414767,187.95373047916803,117.82446827408569,314.0767235351493
300.02516253298893,192.41330244269676,118.23462189535053,323.32122821343853
295.30693543017276,185.42966033156168,123.95957712522912,323.18688222483223
293.2903383942583,190.93437977777404,128.2658526189101,328.4815681645608
269.6810905053466,181.46920242923284,134.75199900098153,331.9111990228371
264.17573335357974,181.5472950299448,139.02666460608998,333.8070908763906
273.3121510417151,171.16629835164392,150.40064929817862,321.8311958968107
215.414499860656,230.10598037967412,163.2846128541445,315.86651995110185
222.9084511091342,236.40806537120622,170.29748474073304,312.2806462097979
226.41990544108378,227.09998368364714,171.78483475145543,312.31858540278716
252.11651128732228,224.25784421017102,173.88946775502336,312.16806172217593
259.44140245673367,224.13920362649125,173.124446272829,310.0789957768798
269.74109827136397,224.39291381126128,172.2221066455216,308.205665115668
308.1167999218677,231.69907369998538,171.68700430886958,308.47261398446005
338.2314626799559,213.5217073128315,171.2230825402518,309.1241454648225
178.12784537985283,99.68169378097127,181.9346506365516,293.07699967698045
163.24198317008543,123.40153004112676,193.2093505199536,274.0697669607466
144.54325727910822,127.56673944667534,202.82154114773323,258.23717615639384
139.67886157696648,142.92635677518948,210.17017365080207,246.80953505100132
145.32452517066008,153.36065356117527,215.09498339578792,240.11341061812885
139.12034080988315,163.30600813245698,217.89150328616506,231.21484796756982
145.6257142283293,166.8696069134386,217.5526085610892,229.62874518557484
138.09971579116348,175.96646837818724,218.78159117608243,227.03617753714445
132.43247395384907,183.38466525209918,220.00178747430743,227.80056618372973
120.97624574399299,194.5767696859341,225.23138065854596,229.77054623512728
115.69313000286984,204.77623251006037,230.02934403242435,230.64670603609355
112.79448488667006,212.29016998919357,232.13956818663786,235.76274434687008
111.16415956370193,218.2666302364711,231.4874788404324,242.69751535011775
112.30798044320375,235.31609838517537,235.3294547724688,243.59437144162524
117.05841484776673,239.48493385450854,232.95556436071223,245.21480845126212
127.55398638340371,243.9537990487077,229.73327352332498,241.9463118618445
124.53474110806718,226.8914161497341,228.77842167440087,243.2141860277116
122.16909774342149,231.5942420549346,226.81502151404382,243.02087934060165
115.25352920777269,238.66985883661664,228.94330156782434,243.3308817772986
107.55572569384361,243.1903200534905,229.5686334797157,243.84763565885854
99.13915015462572,252.54036985702538,229.9588161896212,243.2767722731022
105.14292998173032,259.07616948009877,234.5178249100458,246.27705336753166
97.64926982261551,263.52507679851885,236.12326542175686,246.61609423758836
103.14919377186604,272.8003048412837,244.7185217407851,246.28328761189755
84.19683610464948,277.07262111446363,248.00730842531587,243.43785188102842
94.95869708213803,276.99443561921345,249.903964201662,243.0773133318293
86.55550953844573,274.70547353208497,247.00443337473996,240.56163008039647
97.57211983441923,279.1905246166509,247.1485828542041,237.07035395725455
86.14948532236033,277.54303541752216,243.41083643642736,234.0790583992133
86.87495271486605,275.16320501379334,238.3201542702056,230.1105421360533
94.1316329824389,274.2906283437944,238.2813210940687,228.1947033305127
85.92713046253957,272.6882189481812,235.13508168806658,224.5500662883042
93.32992273452518,269.3803630105841,235.45136527764026,222.63416290623516
83.82910123772355,265.1865688740494,233.09191856482263,219.6273734708695
91.36717613326532,263.45440808488684,234.11164928216195,216.7449099806827
78.67817616695383,261.7526618110658,233.07494775299293,212.94054015115793
69.62772842701182,260.4537631833836,232.26362323165625,210.33934133947525
62.37183616885828,255.8678170982799,230.752683596352,208.8851425062647
66.88131155085978,252.853409257633,231.62658084718055,208.32216560409296
64.30493132424999,249.33396519860815,235.1697305044254,208.59401346945705
64.08671578032444,247.3585440990501,237.30623423841755,208.90758140328387
53.92600616510947,245.12199339942595,237.34810863852522,209.5226207736473
63.12399609786851,243.2671414272176,237.9317582896087,209.70285570484987
79.00696469683717,243.20110262407252,238.0750713510708,208.72213330904196
92.50697607610516,240.39032094385843,237.5255624322565,207.48228748215325
96.04833538034806,242.04282908962182,240.0070413640539,204.7600246105026
95.26217093067727,246.6518744091603,245.75134110766427,199.13978047945167
79.74767125827351,231.85072378941226,244.17165972737413,196.61106212666266
84.22800076377706,236.68546493114684,244.16323498455552,193.50479939046525
93.11470714616732,237.52652487103876,242.654075836108,191.42201178368785
106.52861065384886,239.31512932308212,239.30979505060333,188.75024851491986
113.60521464629805,242.50748084339563,236.51271957302916,186.362322293522
116.05230124154814,244.51201986650977,235.4595822254245,184.70852583870908
120.17956358994782,245.15522279722762,234.06655969918788,183.64109288374368
124.07791812006921,230.7449461928078,232.24720182760475,183.9910860187308
124.73763300466541,233.75834028839003,230.2458878888338,183.33772664913005
117.85559420347391,233.81301647786506,226.56055791370216,181.76428916809866
119.14868146893895,218.65864646794057,224.32926514623034,183.34491601350922
116.78407668669894,221.3943348513375,223.73387878251822,183.28519801060082
109.60683302258678,223.05725972180858,221.4285112218265,183.0164139949852
103.37118789553976,223.68340937369115,219.94966529122817,183.41458315988615
103.24638747824272,222.56438727137694,220.79151045289058,184.53102268349954
100.40248643466701,220.38950481883194,221.8305202731963,185.79893968247688
96.40181899362152,220.56682235172337,222.38489947444012,188.25986257338957
94.77343465971353,220.8728754744852,222.3255401267379,190.82902048992952
92.71648360017386,220.99751956172145,223.70655068621642,194.12230624429003
79.97807384170932,226.66607245762822,223.02573928273534,195.46888003316496
80.55802349079175,228.6256220973732,222.17718556181046,197.87107315403514
81.39871849125319,227.88027827622483,222.38034017186476,200.65529149892276
83.87260139794114,226.5182842267113,221.73038491299326,202.74361424083696
76.43890934841292,229.72543405512985,219.54587005575087,202.82817398951744
79.87642356174909,229.87720209817422,218.51982777791275,204.8082170145279
76.48879991106186,232.04016778115184,214.9791161025416,205.7675401270273
71.0598010177255,235.96325644938975,212.14701321935348,207.02991667696503
75.19504791572389,237.02797197824992,206.93661664091653,208.88655267590056
74.54522878716863,238.7623284284935,203.83630344004976,210.30993629488364
73.79912541982993,240.5429263154731,201.44884551522702,211.07052692458046
73.28439759287255,241.16239392567937,199.62098825143244,211.33194647101362
74.18490810662655,241.23899254321216,197.71362818650607,211.47159710772843
71.87641582234559,242.38558556737388,197.4789119722921,209.68148129465735
70.15177018743924,232.5026593288842,196.75814785270052,208.17878480618262
72.32832228110169,221.53756598073926,194.66737038275232,207.06986894815122
74.78498847505509,224.58497590203308,192.4051329083282,203.61799367991966
74.61635235487992,223.69610665121456,191.59875819318842,200.39409233856964
81.10508667722267,206.5105703140882,195.82870226822948,199.86772696350596
84.47375045401367,205.4766290596072,198.5024445846426,197.91074956722503
83.81657340707442,206.05193271116943,198.42273604023833,194.84319251510766
85.36468691690926,203.7277174603442,199.99471952700785,193.8897291149332
79.92427855462182,205.94194326721347,200.0679638867756,192.24062754353776
80.86897713545565,203.8382688045893,201.28951218828848,192.27182090161693
79.10142174440551,208.66295399762248,200.59271083431088,190.66911284617797
77.79225032788794,211.87040986098097,199.50882035283186,188.76969117454524
82.48874104908909,208.25176426729118,199.79887762197743,188.18031028474587
82.8441550165258,211.8790083998094,198.86266713555312,186.8656961919201
81.21501745198037,215.30580975394548,198.61353030785688,185.30049556418385
80.50894529947955,217.14635790008288,198.010548384526,183.50019284338123
86.20176841078684,216.00266856003594,198.51645985539287,182.84848627834262
83.15205745752552,217.06426940505767,198.11461814344628,181.3881703137974
82.64157219097697,219.32922242829642,197.79678765019906,179.81981950985838
87.28859516399366,216.43509597287414,198.44452370184635,179.32584204350562
86.00895283768375,215.57731914715418,197.73615322026512,179.06637445185012
93.7830307609772,213.38149091790848,197.789553197958,179.27859518036107
100.73510512529896,212.50016528938,198.10867393189994,179.7176739209767
93.47522679100587,211.86658091693667,197.39870571645292,179.86744166202578
103.28319057886512,209.0712497412792,196.79075085801958,180.94743478192595
95.57340825569725,211.02109374896733,195.93226603536118,181.56639825199278
107.56978509503371,208.3616659310127,195.11044703381228,184.7717299277885
101.04748629037756,208.68818485132368,193.66879281206988,184.9022281637123
113.40986122994579,203.6719397686736,193.0982806801258,187.94367046982055
108.40916134906627,205.21475115953507,191.22426845458017,188.25149198779548
123.0577422394785,198.78741261682225,190.46343022111898,192.19143327915373
110.51159615848103,196.86397182928667,191.198315766903,195.97396662594912
107.38013516450184,198.8526951031733,190.20498832706596,196.1852369666036
120.8788945421454,194.9291273023777,190.53377496118313,198.79003677183857
110.36063528737287,194.23004001819345,192.016048475611,200.20156965286606
104.7437798195595,197.67551194839396,191.2768752330761,200.0193059453581
117.47005532306294,196.03970989756039,192.27704105346183,203.12938968512495
105.78545119987491,198.8706373899498,193.01085234244042,204.8875342998029
118.33480101083873,197.9469635015005,194.2353662977833,207.56099691005642
109.70499106906261,199.96107472995152,194.75641501434333,209.98358536242563
99.76985386699658,205.5072147845733,194.49702404371953,212.2677824946982
97.01672952972605,209.79784188613883,192.9870922029713,211.29452427850563
110.20560457059172,207.53977697389178,193.71554710781223,214.400688587863
102.25020573362072,212.45479914473688,193.70669565760872,214.71405302150237
100.45597492140185,216.6912937634039,193.08771404474177,214.21215696196376
101.6590522000269,221.28399481924833,193.09154121509175,213.50974034679587
99.40452703135408,221.6851863248881,192.67193735855923,214.1161019091095
97.312004891534,223.25703898815357,192.74716699433952,214.33800146005044
97.47483684894186,221.69789270718144,193.34553654252505,214.83310409584726
96.73883962528429,223.81463811419536,193.7874652149226,215.06538304958065
97.18036384714728,222.50475192793476,194.0357440426581,216.38425293625437
85.4530804928353,223.0706417751815,193.23279579766879,216.14217532344117
85.44638672806693,233.16248083787696,193.2259183589295,215.9083053187778
87.31271855939511,227.07259179657478,193.11030892028742,217.15083803242464
77.24858564194557,226.42496040748,193.15863777398533,217.86797062501014
65.9136740988418,228.9364729079989,193.6274244069458,219.28901882419814
55.38809895418555,228.02481778328763,194.26337160177587,221.0409267399439
25.94119983444162,224.5542341784697,193.40063526484772,223.69413008239226
13.210910917963787,199.51272725687184,192.9542669155524,227.8670258225606
9.684913465938507,171.0893934987662,195.12816094756317,231.87816782607655
16.862120561688954,174.57554764307594,199.3606264862869,229.27709013972154
24.38168234727101,159.3804601822691,202.57222770760325,233.6491414346262
25.67653456988066,170.06053763592794,204.84175664174796,233.21994432149796
26.447836729003896,174.47046895104253,206.6362089603118,231.9766173930205
28.87163935279972,178.1896330743561,209.31036417643475,230.7490559386907
30.78886098431471,178.5069093412057,210.82428335923606,231.74545492877235
35.818653380611124,168.94849608111485,210.4423318521657,240.12498725187154
31.694509019931616,175.4128113956308,214.025715025429,242.36511215415067
33.811076994572446,183.01579492764873,217.66124953970936,242.86221382333014
33.94822397239808,194.42065215490646,222.116227472791,240.8882289678137
34.850555042018186,199.06055959169333,224.16533153647742,241.4097570584123
41.353531497360876,202.27977361684975,224.36733875457622,242.20656994437874
49.00456688829149,208.29087345595147,223.69762080169448,241.28777240393168
58.84993129054871,211.5040529980369,221.72247961314685,239.36429770773077
69.89887472458676,217.344248470212,218.4245977041772,235.3298732932268
82.57211508031469,217.55240919029927,212.31163177848794,231.22455744539843
92.99941688623898,215.79474957278566,206.8471563023205,227.91004078870202
100.4167782512973,211.90956184372703,203.25065760174488,226.57348551409223
106.21439141140847,211.42764386945282,201.80143214364412,224.5497478389834
112.86521975386141,207.88650877018648,199.49659686224166,223.2236890275063
119.96438994278793,207.87381784093083,198.32753714692524,221.60752809369737
122.93569655372411,207.31891606511482,196.0755016704905,218.58080744488993
125.16241790837962,206.52789275494263,194.0039230320718,216.04558550291745
127.14810662663595,205.7923312306621,190.47535201826958,214.02875488860616
130.96347784770322,205.36064985203097,187.61954577532327,211.99045958770193
138.03451046946805,202.93262701642914,185.88400518999674,211.5968190177557
143.4355399356718,202.8163750276056,185.13800895595347,212.17682299182653
148.06800698274526,201.83988559631428,185.71728262547848,213.14152167729273
156.52671816518435,206.49909765224908,186.18365504514617,214.18094191814535
159.9048903968949,213.30146403568958,186.69480526022238,215.02663239192594
161.72200449297839,225.15386477574026,187.9560181233533,214.8418866826986
165.7869060600692,235.23254306659885,188.56987019394455,214.333198390166
168.34240033713232,244.9012398964728,187.754987024645,214.37926572895327
172.7336202048651,254.43163474170177,187.68170237188207,214.65814621976972
174.82741213914193,263.3544878974443,185.2870771205388,213.7334775822349
175.781611716155,269.364084837774,183.47623343995951,213.59549975076982
174.2606591582854,276.2164116315196,182.16424622934375,213.39750662470445
171.029269527035,283.14320725008986,181.13220346654543,213.87755834715853
165.6010951442425,291.9281060595828,181.02538599525306,212.20627261476938
160.67172682462706,292.6411941875654,179.199769759728,212.1710415549559
154.33483200316275,292.8959019745351,178.25484888477337,212.19474416939775
150.5846894537514,290.88560075970804,178.18925463865588,213.1386173014139
146.8367368967673,294.03367506335195,177.997026512878,212.4094199689979
144.8412257734773,289.92099335604496,179.87045046424618,212.32582723737158
144.35659201438688,295.87731694792365,180.18423628629816,209.84374779500837
145.12013427928255,295.6111539404198,181.52167445204822,211.4074344362367
146.5220553562441,303.1225976894416,182.72011634811292,209.88590497041963
150.32674645298584,302.20502428299454,184.10805242245172,210.18909511064533
151.43952161146208,306.2875277900086,185.49425461557001,209.73684568405005
151.11481904267268,309.0763816820172,185.56433914357928,210.41184252039423
151.56894216027064,316.6938554995328,188.24170210599993,210.65176556712578
153.19396672786146,320.9520865495012,190.00472927620768,211.18509671059715
151.09121532199532,331.795545573501,194.82718772587177,207.66116351061996
151.6629019133991,338.43984021374,198.1768007453042,203.70741309732938
149.4976186205094,345.3856670458673,201.03660770088038,199.04918457345576
149.20645539850562,348.312866896712,202.87918936244012,194.8247678200695
153.4033520439976,345.5872817082408,201.31664864637685,193.76985375487322
158.41271942683082,345.63451767636946,200.70099577463128,192.34257117828082
164.18954413772784,346.3188329076848,197.27714619567172,190.51610018358576
169.29276911695158,348.7349086800998,192.682864549297,189.29940021308124
170.1704007227628,352.4669630759949,187.08658909821838,187.91478303658653
152.161480253118,364.3855760865777,186.0499103841877,182.41513483524508
155.28876855183387,363.6935085902774,182.41838018491876,178.52471223736106
138.88440268093925,375.8837611153403,179.19089519086816,172.38475627475978
161.91547343630876,375.33431305000875,176.20837785615453,167.12763481585378
140.2281939740258,380.60886812003724,179.83544685152123,160.7541099457247
143.9917971239028,387.1001268830339,182.52973808747277,155.93867520629144
148.46648786472767,389.23457743170053,184.7408752520633,151.29931857569218
170.39429970709864,389.16317409923215,185.40457300897174,148.16825286514066
177.7167294703625,387.6193624635194,178.671768498008,148.83882005288692
181.70926436746427,382.58890703183937,168.62407067302746,151.98704981349428
185.20780022342257,374.9503259849859,159.76494199051453,157.96845461350003
184.69173690996496,368.9833004177135,153.63869859942437,162.54757105566202
183.27232620530475,369.65690802436893,154.43898489064182,166.27202351355476
177.7486764160905,363.100583577786,159.6965353235625,170.07653165202106
168.51646500278468,351.7696419663785,165.48011002853104,176.4636841924629
159.4762661438471,344.9608528581866,173.53860280103268,182.31294089471697
147.2272245251906,335.86228919849475,182.17073450025975,188.5994685055436
137.0041991576544,326.28696431038605,188.05667991154064,194.17622664205157
127.53645089832942,317.43113450975636,191.8923868107448,198.23081131502732
121.0226427519685,307.37796415972156,194.49239270612776,200.96187735689375
114.25460804421832,301.6445022163386,195.78157968296847,203.06223363196537
107.86160308322627,295.99673364334285,196.35373958359025,204.88541779638945
101.43005739725672,291.0954208246949,196.53559468843952,205.8493212046815
94.6082442598076,294.4768963217306,197.9153774269608,203.50161574359964
90.02797366670964,291.3192903869489,196.762895045957,203.71902163629522
85.90695667925162,290.40294348849056,196.63052125262354,202.74894124230923
82.97029245566294,291.3247954625134,195.32338733941882,202.2866556416222
81.49695873047617,291.23619120391606,193.10849902273304,202.36339969558304
77.74304347177258,289.7880626031552,192.5694535864659,202.7996859460244
74.9473933733379,290.3204595756795,192.58964973365264,202.55509304029005
72.73925467885591,289.0313087280782,192.57812408306583,202.3297901326789
71.1464441780837,286.71242653414964,192.57349540313749,202.31461520092543
71.7445666285578,284.8145150761311,192.5145894981228,201.9771473492928
72.06558714739337,282.6923969347403,193.81116926619202,201.91026026095017
81.66309950841855,280.7896907979889,195.3472026648692,200.94120172833112
90.28049702226707,277.95032209845033,196.9707259660296,199.61388520284774
100.87170844984348,275.7155918191209,197.35561916617462,198.49295460244898
108.85131499909127,272.541775901067,197.21012867815267,198.20886255778896
116.00926150417185,271.4963317123391,197.5187874410628,198.0973135344269
120.6649869578867,268.74677628124425,198.12654029187286,199.54939347086588
125.67478242121362,264.59191497547477,199.29001573332204,200.91558743021375
128.6187163538981,260.1826215126513,200.49089203146627,202.10051642357922
132.97409359622995,255.73818087374764,201.31760454967122,204.94762724316502
137.93346847478117,256.61010650950345,202.57012897774945,206.40327700925098
142.95455425432795,258.3013241897073,203.88073203871204,208.483836701181
148.27753387835463,260.9083396680268,205.07678424237986,210.06489355887302
156.41784859055247,264.19113877699664,204.93572314684158,211.69452105657058
162.714654873621,265.3130832021749,205.18630213191307,213.5095606958991
167.59283686892866,268.2380575584109,206.0375049747938,214.41304664147765
173.37482998527787,272.9485493421166,205.70091379977362,213.9440274524232
