532.5,68.5,123,256
525.3221303157368,63.21387984892533,126.6209495201987,258.10406393725066
526.8671672477494,57.117020788210624,128.61494586186208,262.39882003780605
531.5484025047708,58.25107553064356,129.5979362395428,261.6916611898039
539.7933159248623,58.8781005393534,129.63045398859322,261.49345512170214
543.1151223289355,58.93153705767844,130.36777875674085,260.18318898335986
545.568342997635,59.600010474802446,130.8268478830563,258.7957301370176
552.2171165961588,57.33360336450258,130.78597163785204,259.5995180400209
545.4696382334653,60.25852258928745,133.69151948872732,261.6233768713349
536.6698525827426,63.269053663350775,133.1859844364131,262.6846068031338
533.7902789369074,63.14097859820521,133.5338057965344,262.89828179556537
530.2829196465864,63.608548974420785,133.860543725321,265.0086069893317
530.0511533668483,65.82013092730489,133.71343027535173,262.9050861041934
529.5326713694345,67.99019019324587,133.15035478806269,261.9243268366852
531.8136806993554,69.16995962409726,131.75600661657867,260.8764074951698
531.5837719311015,69.29996551226967,131.5288259049859,260.48904376424565
532.5528906172947,66.31376660286605,131.69572445026333,261.55418211878896
533.336746215745,69.46909132822145,131.58360183254035,260.7671246633174
534.068317341554,70.57135473660807,131.3412096743825,261.5635226722125
535.0686139071408,72.78123581599095,131.42976029626055,261.0276449433784
534.6926967035363,69.7382714249344,132.2066642233471,263.5182632758913
535.8242574728347,66.57985535350161,132.81748935146783,266.16624475843275
532.1450318477778,72.8299441994345,134.2010503694956,269.24612039603477
529.7375043308139,81.13167218644853,135.68490790319458,269.8919434442235
524.6134440481576,89.4853183700991,135.47664762439072,271.1721217037534
526.0648559414901,94.14569815550834,139.19188824125962,270.0617054938358
529.5454995286843,91.63166814677254,133.43871461801106,283.15382572248905
527.6071739649673,99.58455250351003,131.3836273688277,288.49345266941447
528.1067897279695,99.11282948335881,132.5587039044231,291.6978795542146
534.5141004714264,106.60527038944366,133.60010048391547,293.8261302188515
540.8781831240775,113.73879855035909,139.93764715371094,294.23187396110757
570.7195505499535,123.42806418555276,141.1089696139706,300.6813666012427
598.8057004078116,130.04407846475914,144.91361386798104,301.0923891902909
618.4319393836895,95.22891577088814,148.87213445138156,298.1900836576227
609.2063169797029,87.85852600449294,153.11470101381022,292.3437984473711
604.407317128833,103.06671083693544,155.31796347189757,289.7594981794588
623.7497161443364,92.1910831407215,157.21112259421116,286.9152907728144
615.0585315549624,80.70432065769987,157.68286059314963,280.68685231417504
605.5273915934517,69.25351821959282,157.26588674725014,269.1915760868735
601.4704194651118,96.16607574163498,151.4745604274528,269.0431921524083
575.8851137375545,93.82164356414742,146.42274069970614,272.0095094530927
571.0895794752411,90.19289430477002,139.09942819711142,274.0953051100616
566.5242618754899,86.96250426292178,128.92942138306387,276.60815461934095
569.9777043305306,79.28441441496338,121.33817626685529,276.74982053657124
573.0571447640538,74.80869501251584,117.30289612116822,278.2573821213125
574.4270515150855,69.19206185849808,115.19933442631753,276.2034980463524
572.9433459752004,66.41316524572028,114.28393825129662,277.68193936989996
569.5391166358575,61.67424791258816,112.37427921605418,276.77531263327114
565.8547876008088,62.71706858342458,111.90991421486245,274.2311125235643
560.2804183736964,60.51045750906761,111.50140359987333,273.3417824490727
558.919958993793,57.72145152934445,111.3324264436952,274.93844446345065
557.1025884940634,57.99892519209993,111.04913741957941,275.2495324801562
556.691769687872,54.39610407570632,110.80605654708364,273.7098591611856
553.4433169144395,55.23322737867542,111.08316448271209,273.286196203929
550.2876003331633,54.15489696688715,110.80130016372775,272.32354569480293
551.7130834560031,53.192701695800736,110.29093345494388,271.9274017692786
548.6324694901118,52.58552325180602,110.38716276001739,273.6454570658717
546.0473185504853,52.56865812081358,111.94070748480566,277.10249713086563
540.8722699183866,46.1189759249842,113.75991905259201,281.39167113098387
544.1373848415936,43.33387436991438,114.8766971483777,283.19798850465804
535.2241835217978,34.144139027128745,115.69421345068903,290.36879524979963
536.3154683693544,38.55443006716047,114.76935528530748,298.953196690244
548.6880549205023,64.63561604791724,119.14171109841706,297.43747695041014
558.7295429140586,82.71463757885655,122.11518690878977,298.3320347491272
572.904453108136,100.91610988236297,123.392714466802,295.6179291008546
584.5897554813511,120.22410984412977,124.08522197928295,296.2884282007585
590.1219837762442,146.63466003385247,122.96527775674534,289.7085425735104
594.434056746433,153.84367472249224,126.97328628108937,287.40804878735634
596.7406333950843,152.1219075567717,128.66467933998794,293.0143450454484
600.1306655260984,144.96194202471452,131.02024663923916,298.64331617914286
607.6871627914239,143.40765093434564,132.30477980329005,301.22302712164895
615.1383070183556,139.6891608526367,135.15859677240047,302.3734701146567
636.8792972482997,129.96944898107904,137.31249201441653,303.75684451084817
655.5689947826695,93.36245001746602,142.65917497912415,291.9319172671758
675.5290166202022,58.56489600959546,146.6211045706603,282.9274387961005
670.7737980456902,44.87523337726137,149.10062550569498,277.00269835642297
546.2149211616799,102.87185835317965,156.51165319949698,268.28461014775047
528.5037659967385,101.01825299763578,158.87703680208483,265.8244748581668
518.6660334624912,80.89091137296737,160.1841470732161,264.5061867635095
523.7028804396305,83.6265373213468,162.39534329380336,262.39626394542495
528.1675521652402,81.63944092735127,164.86234307378513,260.11384824724047
521.3749377874585,65.36589751820216,167.49154003003193,257.27066864708166
511.45535610943045,80.20938839850902,167.83461535813402,257.0328159910822
507.08080017492966,87.90184557055778,167.86689029781434,257.01013385523663
500.77813751902636,117.65967812762042,168.26241870410325,256.7238197848125
507.5757664073958,114.62128303542221,168.79798978478624,256.35537280947995
509.612977709336,107.13680504311714,168.98243110683975,256.20557631453687
507.58096199625396,98.21437761461752,169.34311771107392,255.9349812661406
506.2946691544905,90.92288448835698,169.72340164441766,255.66744929203813
499.2195047777507,87.85998305105943,169.956357694345,255.4783317412182
497.40453866413657,88.38358097151075,170.18370393829701,255.2916034534543
498.38861404215487,90.49143158057957,170.76708115925013,254.8166470644945
498.17904779956905,95.29438178374124,171.13577059862678,254.4824370268235
498.35442251996886,104.53581606414558,171.21383243974662,254.42035818464277
493.10023907262007,114.72405186178251,171.22979630404873,254.40518801148804
488.45705057277866,123.37427263989959,171.24671644032824,254.39055883318358
484.8634733729483,135.16639686180264,171.26046614638534,254.3772580364722
623.000244563934,98.58623876026657,173.91908318824224,248.9782404382748
590.2814332368288,91.17989766612581,176.59146231217915,243.08828018576042
566.0150126788005,77.26002397617603,177.26441344410472,241.06582396763753
560.8395851094613,66.79825401433834,177.39537035890635,237.72041819734318
550.0107009901469,58.41696830166367,177.51125131420991,234.58693821583216
520.3698992265378,20.99555951993902,176.39139228649657,232.59831199266037
505.8532244893179,7.469248950902752,175.2916183631092,229.7111767373003
499.131375037249,18.44650015797103,174.26875118143155,228.94949010380338
507.85528056368975,20.487128886812584,173.77178966163103,228.4788667346365
503.82200553146333,26.45405397890147,172.5409173170262,228.25817897263892
496.3323442764406,55.83089094621718,169.96241092387345,228.41414630387663
490.19676387144,56.91620500788045,168.93822452012952,228.34404546707964
483.48966228572374,63.87860986999081,168.37524625693075,228.28469232397464
494.46305823391435,62.6813506005621,167.19369979817156,228.14237733812809
501.41587857042464,45.922474096940164,166.96248711129604,227.63494189932703
517.7124210083053,1.2891337807192826,167.2900679765015,226.06715750491333
525.7065254142195,8.511680612159083,167.684931064087,224.0156232979053
539.5547200994328,-0.9976673493282959,168.11448583123394,222.95122367034296
424.47097313117365,50.04447787159499,173.50158425993956,220.25826776218778
407.7010361202836,79.10004013293425,181.3366376487851,213.12994658423582
450.95778609116115,40.10175977398724,174.24376911572145,223.59040500720798
445.7402950605804,30.685194630483636,170.01737040906062,230.82372755495737
460.9372862961792,25.708263417680215,165.74426234277024,236.11459511896143
459.19477485490813,15.069159436893855,164.33734892312737,239.5500506238691
473.3690103513254,4.491600756362516,162.3891884466502,243.5072462320021
467.57559562017383,3.210709374056279,160.73780341615551,246.09567761489546
479.22760398361515,5.4864889633518885,161.7430804362211,247.53809216829887
471.7337876009043,16.81745531455742,160.18715889561255,250.97085169611242
483.40323324635926,10.94111328778203,161.7409105795562,252.8891555998219
475.7065445813721,7.261923262342378,159.1986628332366,257.0067088055321
472.422272764412,24.47220660818755,158.01133707857633,258.38159041706444
474.20077019262044,19.013039744022677,154.8162038981372,260.72662664478383
471.50580266706106,38.43943310773352,153.40769134030828,261.3647914554481
464.875466868127,35.18149801521179,153.27321752191665,261.57058158906943
453.47131588747675,35.23860321272082,154.05867707599054,261.3552566527592
442.433190989584,66.44630248442266,156.90335567426638,258.7688910073047
436.49436463325287,72.72725302110953,159.8436886313743,256.00215594955597
430.4997805883922,36.912661258686484,160.05392414968455,257.50350133963644
404.10986954930905,54.092639567258686,161.4055083128118,257.2472739705389
397.59757244645607,80.10250258062057,173.27783005567295,246.62660342477218
390.3564977677229,96.50191731167196,185.126447127449,234.97192565029147
387.59775640974135,95.0364136100562,186.26643598507457,233.5580100341138
382.5236708612572,94.0197419177386,189.99775794569038,229.93621301881615
376.2523525894329,94.06494373336744,192.1091896935015,227.69837849079943
374.4851086157228,96.08397615365024,194.43718032932966,225.6567511998249
381.215005808162,96.68064058876504,196.8350290718927,223.78383126991054
353.1281989646308,34.21236564180526,193.28825243913084,226.16335906910354
374.2507786723126,30.342103479274613,193.5879309754274,225.02546542541484
368.8557848067915,87.24321899544562,194.68465755992418,223.40915510840486
384.5636852112005,96.46007093366526,198.7873465887527,220.44459033108666
375.18087146615335,115.42948230907753,200.84852347154717,218.72764563201994
371.66570603876124,111.58696074148921,201.43512730988243,218.22130826640313
372.63992203049645,110.64298800516009,202.9090307126882,216.99576291913033
373.78800541039504,106.85464473467165,204.5542823622386,215.77153088100565
371.7769391488276,121.72830782009176,205.30987602695987,215.21481559578555
370.66567412362224,111.05860301346193,206.84959577082148,213.7951519515989
368.2338571987518,104.13762582964571,207.74336549054212,212.75656737880166
368.3122297216241,97.79264945592541,208.2222416348687,212.30271080769978
386.358217887205,94.46643188519859,212.02131373510332,209.99763976934386
388.97147509786265,90.99868134213483,212.99307535672634,209.4474364334743
387.9732165866031,90.69794724906183,216.45649749628038,208.6348766903143
385.63194103623033,107.85485201504363,212.25072385947703,210.5202286878917
395.984742068193,104.80241669115033,210.72273791493643,211.0930210695345
410.03741375647223,102.33003729830988,209.3653098063224,210.06926207491145
405.0860485159538,98.5579734626581,204.1347385524349,209.96244646694865
405.6229469843124,100.67983889923875,199.71394316257738,209.92973510977856
414.08277872539395,100.53530091772889,199.18837796227464,209.22399500796368
408.20947891847885,98.59366611037812,196.22969345745253,209.5542803849943
423.5505012885309,96.46408620520589,194.80946283478005,210.82567869784123
433.64263348712257,90.90744814655653,197.41337974252835,211.05964325355546
425.6897408139186,84.14599442212584,198.14655862073565,211.97714489492174
454.1503321842422,79.36569678679456,187.6817853344341,223.78493755518696
455.31196226292775,78.57274708879618,182.62006320578004,230.7015998143429
456.66529455161776,79.74115660831598,179.1840017487271,236.31845175384944
431.5616760456391,98.59076339767134,175.34004552337967,240.7745573890059
434.8066712837501,118.18593944284953,171.19467074501839,246.25626340411827
414.9240705259218,144.1351202729503,166.79493619500118,251.42692487624092
418.20502614337397,163.7746758105069,164.3813833051286,255.41978264268047
410.3468153905218,178.53292484906797,162.81128671390917,259.0065484205388
416.9342173817521,164.60167785623912,157.14735271130692,265.5166540242385
428.2387460597155,159.16887689635678,153.1735721498137,272.0194214904204
430.75954580512,149.77314168338845,153.19721161164136,270.9862154026852
430.947425978792,143.56186795805,152.74716285881942,271.5234946419974
434.08322458965245,138.04685470752236,152.48599931095708,273.2067699299789
442.32128761229455,138.82771597079233,142.56760394041663,278.4945809613308
447.8295549507624,166.1629746214295,134.58761120226265,278.9654935611795
452.8939255141064,192.23301076646393,129.24620928608488,275.8847283694993
460.23947092482024,193.9370151223053,124.97221937102928,272.68415407363386
460.97263157069114,194.16492822371288,123.13095765412997,267.80672133013877
445.11275261955495,200.3833313758119,120.98352042700779,262.9429340536507
436.6526284514112,194.7761762313524,122.08489631151306,258.5918041646522
429.13383038959176,206.350503738597,119.89412558334531,255.96584087684758
426.5785540850225,183.06269508457294,121.97401565586266,261.2026711060383
420.6201256958467,181.3494345797077,126.36503596647135,263.118660809502
424.200529415108,170.04423230813626,131.37058747570273,267.9874786674642
424.0025924472569,163.14525153754795,136.7844968232396,272.3236463091047
418.66039651385705,157.58558640975275,140.96509831146878,275.41191062383814
412.5855627222313,153.80286219441777,144.42654110223975,277.2097327689551
409.1897917488137,150.32162412048515,147.59730115057647,279.4481765147818
406.3417423233062,149.40523696945957,150.5530158997238,281.14598909255164
399.74279891069193,146.1657495006438,152.83557279178575,285.4531011895307
393.76547871491147,141.87184800407422,155.37801320928668,289.96327080177997
393.5856193655399,142.06732408868393,156.5170357567732,291.85433872457105
393.5929188646493,142.7277595753529,157.734108330286,293.0285084063692
391.2575441403696,141.58122928516855,158.3698898795229,292.8055978029611
391.5792722494357,140.1694483226834,159.09240200798655,295.01299122893846
391.1995659450628,138.67542662392415,159.27304993968454,295.6775502056806
397.81709763533195,140.35031051551394,158.3130186026033,294.0382947029652
396.82647574012867,139.09125290408804,158.73696099091785,292.7189582294211
397.17954005632873,140.2046929680721,157.71780014864456,291.5675746558277
394.21051224552195,141.58538812061133,157.87312042251034,290.9712610833847
394.71118611238614,140.65770725865616,157.31978089824887,290.3726003997633
394.2391667419616,139.77124290454339,156.9677427452915,291.1784643101106
395.1250353072633,140.63564517187461,156.9153060039779,292.0452196108821
392.76935643990385,139.22671068028743,157.53399425169727,292.0645511013044
390.09341996799714,137.73973888633913,158.17715986289963,292.7623206207501
389.9019061753889,136.9419546418437,157.3351927886923,294.3530193739412
387.2430099133737,136.6931784278508,157.90072748877859,295.4181311037802
388.0926641093854,138.3309697777139,157.3336081321709,294.4021733620923
387.7962650467001,132.66747601116242,158.17833774605532,296.80136262401606
396.38069570244056,136.92285390391712,157.78878093896907,295.6020659029903
403.08512428629064,138.07508847048837,155.88474268758964,296.0851102643394
407.8705828125589,136.3182625073008,155.3709669390693,293.8790966633708
416.80615119338233,137.38465332738463,155.3189429551323,294.0416875093176
420.3307484442453,136.64898142421814,156.96006179263992,294.5758351801297
432.3557184499801,141.26802263062694,155.28840051347,290.668508954751
436.3478585462982,147.01532914354496,162.4453013129603,284.96444186931416
434.94726316599144,150.64827092592347,161.55889622930496,286.698961708793
429.2442975865324,148.51741661102355,164.19576248496378,288.03298674675017
427.2182073162736,145.65180974042553,163.52486906613083,290.50405911526553
426.69615174727676,142.18529108935974,162.20245550777435,292.1368859414755
422.7505174294557,142.8017245818157,160.86113823643407,293.05017359866866
420.0912602884432,137.64822546429548,162.41417247695523,297.8800252081903
428.22161763065725,150.46177425186966,159.0839139540261,298.6553019006201
425.7969964622527,168.9804141969216,158.81497887689477,293.0361242749205
425.38395705972096,188.78064228881647,158.02425999633508,287.0641013186698
423.122962502268,196.91861137150875,155.64257450873248,287.1458539644425
426.00126694374137,198.06190879796256,155.02114419176473,284.41634510244063
426.95808959815577,199.39991358781967,152.2636967288717,280.4545989619049
433.4946393051356,229.75426554861284,150.98163392074707,274.0761677148791
444.5431597218505,237.19169236275843,149.98873623001745,266.5397201725559
444.77891197821845,256.69478902840655,145.3735473300745,261.6425241862304
448.91405047583885,251.36358668043295,142.70115117513527,256.54334650760484
447.6204378463307,242.41469289246805,143.82954655439087,251.13249646451607
447.1655204863979,237.11857916626974,146.29857464698284,247.9286280688292
464.0107708015522,216.9702826465563,149.24856550226994,244.18225998765058
458.04475807764777,213.03628114066413,152.83529885870922,240.2630019902186
450.37258147960097,211.5508997162924,154.1657160120171,238.74446220376922
442.01884926866245,202.28868387997449,156.21797566094492,236.55809752020392
432.0251226794584,210.55472289121724,158.27136778893805,234.46386854251818
425.75909578156836,219.78764844375965,159.24701270257697,233.54176247832692
422.12618485056834,225.60682493460726,159.66925479544253,233.071436420765
422.56897890645746,231.73121079093096,159.8399977221393,232.89451262376704
419.62508277956476,238.64921935381906,160.02815494708557,232.68751618890877
421.55320695501604,246.46815823067988,160.90502226924818,231.84501139813878
415.1430121020908,231.27398888649947,162.9380718109141,229.87317781477108
410.5774217431274,234.11368135658847,163.37798456161678,229.47559076048788
408.8091413222759,220.74642734736088,165.03309749205727,227.37948659632588
414.3441636220618,226.99928114952536,166.07027926425062,226.00603836089337
400.65011378709835,236.52091139714835,167.6928416722146,224.05585075688276
419.939375613851,258.09530932123073,168.9780341441977,222.23594284817116
417.5009776604397,235.8352815738232,167.5525334125315,221.9639489350272
410.52195434087014,282.1853799143075,168.58114336801574,219.64128521304303
411.98080955846194,247.19017980119645,162.41353592965834,223.05200404278074
410.58817484845156,235.62949486679608,158.35011102518575,225.09135410567325
397.26828831238936,252.8473160093116,151.49475546571824,225.72980087093518
407.76049051683765,232.73349810831576,143.96246611572067,234.72614394831749
421.8267025313426,217.11756660400854,137.2098524199627,244.91401205336746
438.17370032512395,215.44977748535422,130.25354108227788,251.6550077329979
444.7480735067686,214.37022533350972,130.22888109899344,251.64914068506332
