625.5,200.5,242,193
616.6845813164891,203.88147661419765,241.66047756477576,194.98251777227608
611.4021192371797,211.20298036221394,239.5248707175351,195.0536559366439
604.7328693073775,217.63013134102636,238.83989016179527,194.70419673719778
601.4697151940944,222.94653848375975,239.34408840300983,193.4865311867774
597.5042687799638,230.8950165445115,239.9134885974516,190.94753481258834
597.1158723219302,241.75331877502856,241.36475336868241,187.75874330931785
596.5417034793336,248.58979292927364,241.21001144877295,185.26232297781746
599.8670168163403,253.81221989725233,242.10763449628658,183.8951648884177
604.360853518315,260.00103903087285,241.21975166545747,182.18069362099357
614.45802911336,267.13429677691147,240.7584594048108,180.93231892176306
625.1189897516786,272.5001595654303,239.2175592463378,179.7950662298572
635.5631054398384,276.13157050392203,238.44588403762054,179.22727504211326
646.7272060054329,279.6693469417344,237.5166430199571,177.7683007454375
656.5351915386663,282.4605934985385,236.64182757787984,176.1439518197564
664.1088917431529,283.8297599679747,236.00011774355264,175.23378894199544
673.2791733896172,282.12834745119045,235.12684342157132,173.45027745823006
683.1596785228452,280.7616381328578,232.8872603096563,173.1815596260081
686.0226321307239,280.00894359113124,231.83416698626343,172.45141427991103
692.0553515526943,276.3088708341278,230.01721752220539,171.4743920921967
690.2513374066255,271.90116541762546,228.3149869489866,171.41360415658562
693.0810865137536,269.66813409522615,227.25290418196545,170.13804626076532
693.9608260076407,269.4577230519056,226.69275170938909,169.87856423735627
691.9945782162683,268.70317440519636,227.73855548343312,169.16793616036767
693.0545681220576,269.67273712765996,227.8569968735605,167.66978244758005
693.6052767286158,267.9941355078354,226.02734018376356,165.79296974560933
695.0707550022012,265.54678242400684,224.17825729191185,164.47408386080664
694.4343030661917,263.2559529340891,221.33561207640648,163.19417582022584
695.5511665494702,263.29565558684146,217.87257268995816,160.7754331657832
698.4167898845623,263.1492166669924,215.6648901200395,158.5702741440616
701.0506680402236,261.7770677304468,212.99329422055138,156.36797110315132
706.0275585816258,261.7251003686679,208.95653250496494,153.89115965285055
713.0810689393738,264.0175964512666,204.13915221610486,150.64479613736466
715.1913184839082,263.78809279965617,199.617323782525,149.02430538798856
719.369706114209,261.5701702379969,196.34518330280724,148.05726984266695
725.8717448569105,259.9547260426767,192.99561440810248,146.759490306519
735.5954434018955,258.6169893016364,189.1116070962697,144.82726630172215
744.0214837475828,256.8257122939869,186.0937224955932,143.2916457641037
750.5165456205002,255.34721013759327,184.4628125787989,142.59104132940868
750.8804608683943,252.39399653877746,184.3264405824424,141.50254684277516
752.7488788921264,249.98976474533322,183.97218052374774,139.19047219495292
752.924389196812,247.7185628050498,183.32340541804075,136.60409666420384
752.5745335048149,247.01900880504542,181.6144807088952,134.43028410337578
750.6204943333477,246.83310710041383,180.2088788798631,132.458741393712
750.8078359335065,247.5486350104875,178.77162701499472,131.66619085358252
749.4321647966822,252.28426220831406,177.13681892853572,129.67374629145598
745.7231154016413,256.4344097484583,176.5643323914693,127.94122121543997
743.5178361262915,259.58363850727295,175.14495396096748,126.08450230330996
738.6437895736298,261.32742617043056,173.36519214685737,124.78245763953132
731.9805818790013,264.8089385378886,172.24510580424172,124.19955365885725
732.1583746120835,265.2253199462598,170.67201953222252,123.36903455791887
736.5058672748545,267.3979030324195,169.87176048307836,122.99907452230295
741.4654015207759,269.4451200529827,168.5955447744385,122.60087876051924
743.8486864447898,273.50963712165185,165.97992440456022,123.09254641303687
742.120818836359,279.260700043807,165.0665733558578,122.56084045245467
739.9128428696547,287.20446620674255,163.38704627773086,121.99723219121974
736.8282180784807,291.17600967816486,161.1300597074299,122.11562863155378
732.4509602193377,291.32064450480976,160.5551581970171,121.86496350970117
731.5100604099121,291.46831147286645,160.29887340424744,120.94649746394579
729.3941042882346,294.9759742621444,159.4930191909982,120.74517487611251
730.13208573005,298.08875455758977,158.08655039089115,119.98782164453573
731.1670802824178,300.60414039054626,157.20458699912263,119.48808206404141
729.5297003556263,302.7078901366426,157.03912005941632,119.45500674329655
730.5476422761508,304.7278249785996,154.9798520067826,118.66876984327232
733.7549999058781,306.95829565340637,153.19162400242436,117.59452578598666
742.815021429889,308.79923753106834,152.28075606426566,116.48473289484424
750.3745855186464,312.1379451683835,151.5358124952105,114.23397672742215
751.7541010961486,316.9568347911816,151.62289144572065,116.48300969190893
755.3464117848096,321.875404660695,155.54425570987806,116.86539719745012
759.9829930888892,331.1392086467546,159.4965140535621,118.04503791307505
756.2244926663424,334.7242696671486,162.56200542294775,118.78037718362737
753.9687127274943,337.3646552213603,167.26770232254307,118.89903825751591
758.4636829646406,339.8889228847464,168.5932735517418,119.45863672362088
755.144802513015,346.1230183622302,174.8252848061837,117.52653375846043
750.1788318277354,354.04657158258266,183.54036016035474,116.19211500086101
782.5208637516594,357.252993091352,183.31605888574896,117.51547088545249
803.51733954561,362.4846133759126,179.97598510546493,118.60548444383366
811.3502666475505,360.40609781862497,178.01551992441108,118.2832422391646
821.4198010324078,359.37520448605505,174.45614208792392,117.99369457088463
832.1340260881834,360.26773466244913,169.81688989812568,117.78985615622975
844.27448979587,356.04935903668485,162.0049127543591,120.24439009589912
852.6935132996203,351.9272095680918,158.43571416604772,120.68931779056196
855.6240020038233,346.3529210516491,157.62924544370765,122.38077488173604
854.4106110056024,348.21099668313286,159.95340944619858,121.37451994483351
855.8947995035223,345.95309614639496,161.11317671457974,121.45734286508062
858.0155930647127,334.25731782640366,159.25843899558052,122.98330082647433
861.8868467323316,324.2087075279685,155.5168328825717,124.94387896728995
865.140951092663,324.30442498570886,154.00938424033905,123.16079595000261
867.4474525539227,313.74592981707787,152.09061545058617,124.7099209155605
870.0762026770562,314.04653187363857,150.7597812256662,122.60218162997663
871.5880586697175,314.5667396796173,148.4628652713421,119.84328960333875
868.7211468979415,308.66740291227444,146.4524623592057,120.17549337331494
867.190057613832,309.25946324425,144.27783691894075,118.43548822888734
864.512852708554,310.7975010175458,142.10970520651705,116.99921895289519
858.3366872901385,313.68185781409034,140.65374556178057,117.26512802902609
854.17720754251,317.786904720941,140.59808080471814,116.50928216683239
856.8547408852127,321.33785994130915,140.18322684590586,115.0679957533482
857.8554553337484,323.99213977402337,140.06795760726638,114.79867740185404
848.0332639082176,325.00915576318096,140.47241888850394,115.33354743922501
839.7472405427721,324.32407493301014,139.2944198430276,114.70125195769039
836.7212484926876,326.2209845233282,138.36487756837988,114.21837757266276
833.674155412804,328.87754101783446,137.64131089001222,114.06505366903838
827.3746771456324,331.8583024929047,136.77115502811512,113.7931693335525
821.3155259255832,334.8279684912754,134.94426227015447,113.75668176582724
817.3984543896594,333.3116455843993,132.90853897084727,112.80112405403626
817.0969118747107,333.47656671813763,131.70693232841955,111.55541296779964
819.9801644422478,332.1961937608825,130.9554714056866,110.5698603784341
817.8284007210224,336.04533009982924,130.4205407869192,110.76030582874495
816.0549062436455,335.86237923020803,129.38561102524238,110.29676208668707
815.7277318898822,337.55331264759934,128.17353123831546,110.52899046293356
817.816536395226,337.070770527231,126.65853824210852,109.68801903865402
813.3747719957598,339.6417366045294,126.18227147066725,109.64103040746424
809.1987139752212,339.24998723367196,125.11031143142247,109.31695707047423
808.2276245597242,339.82348149960035,123.75972059192976,107.73276629362041
810.205952199969,340.10089736140185,122.19058276368008,105.96914700955449
813.8121935701485,341.5887574180692,120.40481110577974,105.26932559121192
815.4672598597438,343.4950967392267,119.15515029973669,104.7693400679459
815.299153353567,343.23195358825,118.47920944818347,104.10107430595737
812.3546847312284,345.3447946500237,118.54015902196218,103.76888583475377
809.6183645970789,346.47851490519946,118.37024166925892,102.73215130088838
807.9238665629169,346.5171710442185,118.07714507095696,101.40220831224852
805.703990872604,345.31722387697886,117.59157630311476,100.64271577348256
804.3244185764179,347.2648072792813,117.45433117266283,100.39875117072097
802.2609741934035,347.98713366020957,117.32160833209383,100.13309997861228
800.02944319398,347.0622790870437,116.96882913297335,98.21972161388142
797.83698464965,346.0142249025342,116.09106521424792,96.95749806418402
797.4291822080905,347.18563368020284,115.89239812280329,96.91946647571993
797.6136838327734,347.3586095585453,114.72605996399851,97.18021955015828
795.2461914683518,350.56428712208697,114.10879650100823,96.97086980942751
791.4564217343508,351.56856135780464,113.83747203544702,96.90489524298332
792.5861312781435,350.44022550800526,112.94382400308322,95.82666799391262
793.5599404714045,348.9467028404545,112.47012357768175,95.10592915314139
787.5872950786512,349.56599366897024,112.55523446206533,95.89608122642602
777.7511765348605,355.03719405899795,112.61590309871889,96.0242771413169
770.4431023677242,359.4044037888579,112.2356553682333,95.46474152406527
774.5979191569504,357.72691025935666,110.96021292137272,93.58892604705704
781.449328098379,354.5154033670812,109.36283040991427,92.38769132696929
785.9393888501484,351.81645230187223,108.61065709515753,91.15746731297804
781.0616735692618,349.94255826079615,107.85203621955276,90.45349939461144
773.4853964552702,347.32214797755205,108.12173217116855,90.03047728302954
767.9419183985352,347.3709069692094,107.70347454715082,90.32751772943288
765.6716059288914,348.9688324301816,106.8449104910772,90.68296184952649
760.769999353546,350.3408829043263,106.90585794047381,91.30277109944872
757.2254453844247,351.2875626578189,107.26535400508988,91.23528306005383
759.0029296903082,350.76369742814046,107.2473831884278,91.04878574288325
760.9031490304081,350.6959667999842,107.37234452691992,90.89588294642326
760.7374878866825,352.7235922324026,108.16852033953293,90.86940586622391
759.9030685211135,355.1050840039217,108.34168839443963,91.2269338550155
758.6759085091239,357.261427902061,108.34410555205523,91.32236430672286
756.2790805880838,358.9381947669076,108.81866864358597,90.82439469446129
756.1406871481743,359.1146835733533,108.57991921511675,90.21901641509449
756.7340177693651,358.108687392667,107.8199032814679,89.15090490226072
758.4625088798756,357.73871847033587,107.6047640456002,88.64984495563257
758.3546884807389,358.608401452034,107.2936923070617,88.45953397251436
755.6838261097963,358.4790042737792,107.47233731032989,88.0983848890635
756.3681690172806,357.3200750965661,106.90031907119766,87.25622837570714
759.7707000675159,356.9488999140692,106.07964770635327,87.55594833050651
761.8222648240362,356.60675804570707,105.02327303034873,87.29200764191489
763.3000722942968,355.807069625883,103.30373694820315,86.66722500242182
763.9376776119105,354.7613578656796,101.99750106160195,86.09661424968104
764.4509216356918,353.6512840007361,100.6340296313376,85.51255870770218
765.727881966734,352.6328811627478,100.30308207754484,85.18280583189039
766.8854340626849,350.33820149736783,100.11319317762002,84.81547389754415
768.1535891121246,348.77272389172947,99.32170152776109,84.51093802376842
765.0628214596969,348.37955301234837,100.04309326648459,84.24067813896829
762.6232751974732,347.63180911021533,100.40238035956617,83.68493837365429
763.7572344855605,347.0858566869783,99.14148249529043,83.69272342337544
764.7555164269113,348.3641986209162,98.4067223588121,83.13253217978239
763.968393730766,354.36000771103846,97.94402622278238,83.18687347219415
762.5676573714823,361.08348047632967,96.97795181076515,83.8627507031474
763.056238588706,368.58747001195127,95.91516854834477,84.73626329297596
761.985272698545,374.88107425802076,95.50659826682286,84.74613217052695
761.9840963285951,379.85965252471095,96.31559210855985,84.36853782434137
764.988463624316,385.1009079499604,95.85215037142726,83.88499128353489
769.0980588069191,391.98960846753585,95.47021691463786,83.45588546017602
773.8002079858709,397.3570184965932,94.2442451634846,83.43953692916095
779.0709807612997,401.78081707864675,93.54436869526874,83.21240695102793
781.9787209811909,406.6313890703119,93.75219414843048,82.32152850877425
784.3159199706266,408.48743141282336,93.91802568082011,82.02789036458391
790.9235873135443,414.1573819746503,93.57090846324652,82.30533981923799
797.2228428559105,423.62473931762725,93.81939654691014,81.28555929160937
799.5138462684553,425.4149344895254,94.59355179304858,79.80278538191028
802.6586434856749,421.5676941239892,95.27895440221884,79.13780432861996
809.0201270406885,418.39621654394944,95.36030285920839,78.34056173479331
816.6955938881495,419.02736182223924,96.47563007432063,78.44855573555618
818.5156857183041,420.17482853031527,97.215834673899,79.1801547309794
817.8933166850983,420.39305628576494,97.68461408304601,79.0450654598663
818.9246064194585,418.7316089807639,97.6896155526648,79.28417572805614
818.8911730465287,418.2419578344436,98.16655006542919,79.12536189940465
819.9251950684139,416.1532305717041,98.63940053002054,79.14732459596519
821.8150754464815,415.06353817934314,98.74095262102287,79.25528537327139
822.1064096684557,413.8843610795052,98.86304079462055,79.38938615688588
816.9017748417532,412.895084106982,99.53511161837463,79.63759389908193
811.8087280978177,412.11690567613925,100.13109242008849,79.64947842399829
808.4093567987987,411.88897144762467,100.60541361233416,79.42518421279927
804.5550813696996,410.42877914753365,101.40425883164687,78.97613803257065
805.6041867794778,409.45980283207416,101.4286457064874,79.10951450496599
807.6204822026334,406.49265854352336,101.27914225679788,79.47092805917939
808.6539778819707,404.683472318307,100.89974233164853,79.95253526798925
805.0171807019223,405.9220615294191,101.66545743454323,80.09705164900282
801.942330905988,409.43315986579864,101.98385962879826,80.4948850932787
800.5706133883639,410.79625318400934,102.28227136578298,80.74784565267336
801.0891185061431,412.97196207650194,102.19640183199526,81.19248890665911
800.6323595329652,415.20898214109485,102.28271865034495,81.3632236912612
798.6068824506924,418.8723739658499,102.023229413554,81.49046197244574
794.9984383811723,422.3551137352055,102.14515781672398,81.21782348674347
796.7958742852782,424.54407604894374,101.60134287038947,80.62137035012695
800.2824282245243,424.8457013274694,101.39386476026888,79.66308991207515
801.3202147570992,425.44802438102545,101.55024626970416,79.54577045081416
802.3539782834604,426.6421981670794,101.428493772188,79.52899918791034
801.9113228661298,427.5155872207853,101.60594449465893,79.30819845362176
803.3792336654811,428.11101224923016,101.75406411719331,79.27482374901932
804.019292183754,428.7778519585459,101.98148611453735,78.9720704387481
802.4124496183107,429.0822064948102,101.32502330192725,78.55078188342574
800.6834451089896,429.48929136452244,100.46024980408984,78.62695420075252
802.7277750652457,429.77248827906914,99.77868723120787,78.13247257091794
803.6200980873864,427.76804990348893,98.49862174427278,78.21853614496952
799.4334432462467,428.2224905079835,98.86097943070257,77.8779473153597
792.9382115693263,428.809235041715,97.96208998608164,76.94684390353824
783.3363278411756,431.80465374501154,96.5546189627687,76.19091603139948
775.5377297334611,430.16337925418804,96.40373397092222,74.3067527289584
775.5814228767954,431.91399534542904,97.66440376221081,71.57001872066685
766.5564632261803,434.38055817681516,97.88439943368024,69.64165165431496
759.4101900967389,436.13039379556244,96.44050598766805,68.32737017397679
757.9078883458642,439.60050888054496,96.6789103774791,66.78061076817191
752.9855406496301,442.0966496076016,98.353098338917,65.63503975755533
749.1728948589299,444.3740163122842,99.8111087694995,64.63614064155558
747.9084020003877,444.35522356696805,101.10143593918238,64.38786654737957
747.9373382089013,443.1836629580095,101.04963733790333,64.44088385294309
745.4455892838886,441.172816000168,101.61537719995269,65.40273184424868
743.7665368371692,432.84017131803535,102.33344503360753,66.40312424348717
740.156334585025,429.9788546212121,100.86882813744424,66.91794628154274
739.3172147107095,421.04570880274855,101.34849584647097,67.40377908668273
737.8547087808482,411.3214769151331,96.12886201527562,70.16704121701628
744.3699461801114,407.8499736680923,91.66332576197641,72.60041655417649
751.056156897949,396.3478601596448,88.27355699048579,76.51010583608601
752.4746429304473,388.02379805499606,83.24099538310023,80.90110800558864
761.1986294180848,374.62055223150685,81.5505831378057,84.8547687657263
770.2581754915599,362.8639850039344,81.44835195276958,86.95687912724327
773.8686769747785,350.63572514553834,81.23776978558774,88.70874605778042
780.0707704971701,337.4317795404684,84.90839276888079,87.09747222885781
776.901930296716,325.0751216181813,87.57095877655459,86.50713817108829
775.8312159124996,318.07674003927343,89.41601328360814,88.03150924668964
771.0297463364992,303.15950310042416,91.46709639465442,87.31713401855328
768.4888807919156,298.28182707676325,91.27647288100795,87.21082415486433
808.2339593899828,331.8465691112708,91.86154914434621,86.0487320536227
812.9069282922047,331.26225907874834,91.9934765590186,85.3360414172973
816.6302372363082,332.36052181695936,91.99867427597509,85.04275995942996
816.2264896608787,333.16333018757894,92.43069416919907,84.58251608577503
821.1624383474298,333.07929577667124,92.54751959730527,84.28288943296582
827.3400669679235,331.44954735213116,92.77382153753139,83.74060725029238
833.4596366274518,329.6433170690241,93.26947588149966,83.04454177738309
837.3855921767023,328.0904198198553,93.38520089139708,82.66014386239054
840.4760604475596,326.2950601417936,93.36573523972774,82.46600379964491
845.0270519110765,322.4778540168926,92.43310007575536,82.20520339914793
858.1372751341673,318.0307835576217,92.33776044109706,81.88916594244552
872.4523480858521,316.3670467267576,92.01556360388963,81.37617024382217
885.9365515013415,316.240117235361,91.48478075057218,81.5169235495471
892.5169343467334,316.976902705816,91.5865186837507,81.82024074073252
899.0749100952539,316.6822028077963,91.79313226544497,81.55845914887064
911.0809298245305,313.46862727753785,92.74030034168189,81.53436251727936
923.8375629374384,310.2757366616887,93.46032001979663,82.08273854420457
932.6526687078882,310.3119041806708,93.69753630482481,82.09897829570492
941.87509054891,311.7845792842684,94.12652723276656,81.72230193761557
956.6698298260878,311.94655319521206,94.98074183942173,81.30465601647265
968.0355455064125,312.2789673326347,95.24291513880651,81.31862224483939
975.2083644761489,315.6638620267106,95.64401181847433,82.21164079812435
984.8888261277032,312.27085981756704,97.11884672459422,82.93524725956325
996.0831524436546,311.49675962379195,97.51503563016698,83.933481788654
1007.3299142574244,313.68752242003984,96.9150438019437,85.11881258043564
1016.2104266579576,317.47487978176156,94.0770612982408,87.41489501427974
