827.5,394.5,94,162
811.3068761459206,377.65054703143005,94.63955886538538,160.49896239465943
791.951497493117,366.31975416375,91.61293137484992,157.14367190931637
772.6195799432179,358.82116236172305,90.26019542972628,155.0132767780187
765.0347529664052,349.4463086656133,88.17359137248737,151.76077736787005
747.9340927750212,339.6257133904113,87.12485072009916,147.6480654829714
743.4152304904725,327.39861617817365,84.654179140515,147.06840446921424
732.2452834208975,315.01278648263656,82.81131304101747,146.09867935406282
727.6823746120175,308.78699456028505,80.9710566689093,144.74663523093136
723.5691713264483,305.9839618697581,78.83899041595092,142.82383336726485
721.2429895199565,301.32185175248503,77.78534702515051,140.82442899091012
720.1852802150496,295.577934855963,75.81004355091883,139.11942411513087
719.631896429447,292.48837232198014,74.11650980872382,136.65006876775243
718.6261149032831,291.50179481902046,72.67805612406733,133.64181088609848
717.2660062828525,288.74580557275954,70.24414862814281,132.68415055415744
714.483776658677,290.43649266078836,69.52330571432321,131.73974851936566
709.5705572449526,293.2341453050483,71.54318021071737,130.68893738291487
701.9978572316276,291.490022047795,72.06711550805836,130.65734675638453
684.7451215313838,303.6562838152172,76.64082802793068,127.94322951731648
697.8481309480044,275.87253728937844,75.52738808262902,128.65993063784168
673.2300641636105,275.44502114694524,71.8813957969245,134.1367676369109
673.7509174961195,275.1472641528838,68.51368367307455,138.01068395352505
713.4711276138582,272.0376524755614,68.50996235117155,135.38990429455893
714.8000527962638,270.82275971934416,68.63167779751768,134.74519568353458
678.584587716295,272.05836708187553,65.30753441009193,139.68184123755512
716.9329494697022,269.9155900334539,66.20214238521122,137.72380974785045
717.0409985967767,268.53825448805566,66.86734928920029,135.8241043318416
719.2906463978924,270.74422732097355,64.38065291678164,137.94676130806508
719.5016094323488,268.0662545693196,65.14552077124684,135.50862798446875
719.8621275500016,266.32659480686664,65.68913225818557,132.91027979620938
719.1144626843919,265.4157959658168,66.00188402176096,132.38909521932158
719.625566328577,261.5139021803567,65.22739292182183,132.38793064561895
720.3269740584545,260.8711751007478,64.7076595538749,132.4988197280088
719.8320948900246,261.2903453925635,65.09989235372079,131.34640200547668
719.8622294560503,261.79412968036377,65.3800897508005,130.72623179203578
719.8678817089817,261.51785495229086,65.10729415487833,130.060943318456
720.864190117366,260.40460155924484,63.93933144043514,131.50532051880504
720.6001674421999,259.6245991917556,62.657057486301056,133.62512975293293
721.6004205386248,254.03920010681105,61.46806036623187,135.5548390556345
709.7289596507309,255.10648133825708,64.01768570952449,134.90175099230908
710.7959455145007,252.03392039394174,64.71121694791216,134.4540603427928
710.0741670189086,251.5042001634915,65.40262608572182,134.2594126403174
710.6981241584235,247.86620653668362,65.89255055180902,133.07327983778083
709.7556267675478,247.66377379442184,66.35332858627658,132.1407421440894
709.3291297295048,247.85124011496657,66.36590253544784,132.06088891307604
707.5199162638702,248.20254831467727,66.6810629414483,132.97316428115647
706.8043417722594,248.14810364997777,67.10062251674913,133.21526404606513
706.6327596064401,248.68585288370699,67.66629052539818,133.21927197585404
705.9164752559936,254.2065795429143,67.42291966635449,131.77204263357464
696.173177778807,254.50320094785408,67.00976867956565,132.98897560017673
688.9740573361194,250.95904710312323,64.48984054333452,134.4160207774314
681.4620574780384,249.5488596132555,62.17402511972584,136.593487720458
673.6795849086704,250.34263298727083,61.244478681313424,140.42915111647034
672.151703038028,249.49813369035,61.24605440952148,144.21704144538893
665.2422557150176,249.08012568789573,60.7970705231328,145.04662952475172
666.1296257772025,249.0913138498592,60.24656795998888,148.15353972845844
668.1914521699007,249.6246301932172,59.501344110597046,148.94817377395833
671.0018212256368,248.74819633443272,59.65721351255257,148.0095463113973
674.7162308342133,248.99560660883608,60.038335587208564,148.33718706963936
679.2433216521248,248.99622423642754,61.23197671292132,148.5099619720416
682.5185405580058,250.45882427985606,62.66966279489701,148.7070746693795
684.1841853850472,260.7788301665497,62.18453808260217,150.2033849174765
687.0333951165346,262.11798087714874,61.11689359445029,151.1328899404466
689.2684262891842,257.07787000305893,61.75168869391432,149.31743984414382
690.6005429528609,253.65388978681955,61.84214219898874,148.48086572690943
690.776455927002,250.574908526064,62.50954518594824,145.0889539426954
692.5514228978195,246.36774186163308,64.80961400996874,139.74179835706755
685.5456307269731,249.8374524768281,63.462914355079576,139.51455488012596
688.8551938770901,241.71566374380245,65.965401557348,136.9105504827739
690.22176065917,242.79430530959817,72.88778366396464,129.999567571672
688.6885825221449,244.84869120019863,75.29935162271873,127.47044631174944
685.778058343377,259.3408544758658,82.05783668012178,121.67592765226087
682.9980853540151,273.0300965105999,87.40388508787788,119.41920490481412
680.0274046829808,275.3047661644101,92.27668857147924,117.56023115009594
677.4388570018433,278.66405504897233,95.83638149940514,116.71155456123878
682.2323510289976,294.4481238336143,91.72722290142598,125.312148681408
687.1111253245275,291.4158038782572,88.99543543783813,130.98914772846524
690.977656088961,288.50205766250207,89.33627031705223,134.2054891799797
698.3761496481474,290.32146654801755,88.86996976789337,139.12997344904886
693.0814753627346,287.86704207260954,89.85175245889698,138.96865438152383
697.5338654228217,287.61193156905756,95.62979456620081,135.78383778524943
692.2449784868973,288.3029502260933,98.93610933541915,133.60658557974432
697.8595922969085,287.99217732896875,103.95725174103126,131.81786640512132
691.4848130924194,289.7549400084108,105.5108148191991,131.12003593912056
685.5494055432097,291.31756548625583,107.00109097718892,130.52173152807768
691.3684777078109,302.6104898106541,105.26415361820118,133.35497505762592
684.2429219516496,303.67899113435647,102.06849350881978,137.4702640896034
689.3713130997146,315.00751845909184,101.27039804130308,139.00417509259853
694.2645034009511,307.07809483293227,102.85448557847857,137.9862294372028
688.5490601997219,305.14055813116363,104.40816231754582,136.60120390656652
680.6923610387229,308.6815125634272,106.01709515492458,135.19798881340165
683.7369773663244,310.73923155383,107.71682057238407,133.9299348085787
676.294781858033,309.98353333543173,108.98525242148611,132.55380759425225
681.3637304935573,310.3131492999778,110.41575648710761,130.9420954682073
675.340329274265,311.1918565491562,111.50989931875866,130.31642845405761
682.2229040240703,314.6118915166075,112.4753597129467,129.90135632570414
686.985920499965,323.81796748583184,113.81071306029074,129.20486257512164
678.3720744406755,321.4464935900085,114.35970950015879,128.95529194178053
683.0648026519397,319.82679165452976,115.11417998803091,128.5214119973541
672.1246720146426,320.9728577655079,116.15778087749332,128.02069427468064
674.6174992910031,322.9258541099148,116.3244881945841,127.88689430246544
675.5775516773864,323.8522134780286,116.62792849628048,127.61539976934748
677.7449192582632,324.8500318291514,117.15394973177429,127.19124322209304
680.5961778033917,325.45289085725176,117.70665019370222,126.74127755055503
685.9151847117737,327.09507654361335,119.04646631010485,125.50115690453164
692.2879249119865,329.4918239339354,119.86295185206198,125.01365997239822
697.3495028499751,332.7583367916718,120.26074629346758,124.62247090014438
700.3988561989299,336.43613374145946,120.69318612189463,124.18131953978427
691.943232095702,336.596374035312,121.57599003818926,123.68717755617175
695.4391445762228,339.0635714438234,122.227106075225,123.05094376896461
698.4097625638304,342.11027915981026,122.4577298412207,122.78810571049559
673.1267755236422,329.3948068566788,124.73787628487847,120.4326714562848
696.551494802488,343.1589623917514,124.87344596693279,120.65262660623245
700.7454462365598,345.0824850701334,124.88940319095244,120.56228057312266
703.8677649539886,345.6873822380183,125.04511012789052,120.41877077466818
699.3981559227382,346.17307051522806,125.0720624128034,120.8379927557863
693.812263826054,348.207365373421,125.57491750613517,120.69176155227885
697.8628401838715,352.6729784183865,125.6891244783052,120.3180000619573
692.4860950119187,352.85700699349536,125.85647418958152,120.58551612007165
694.6490430270063,346.0759894593648,126.20593120963827,119.97230971799578
698.7525998787268,347.4806735060044,126.0701590207847,119.64943473537338
700.979706207179,348.1684957972,126.03908069081504,119.50482514710748
696.2412446564751,347.8286346844404,125.1719123768176,119.76269323425238
692.6113288796195,347.8874844494377,124.26838714952311,120.18898270696238
687.0622032590096,348.7396463638574,123.35818883629949,120.62420932558697
692.6383838345585,351.2249338613228,122.78007599910562,121.25745799246037
684.1564737339302,352.98143736321595,121.90910692423907,122.52168745031346
678.6092827121291,357.08676570294915,113.2383884887152,132.06857242734117
685.5490947405787,349.70959649440726,107.52482678685753,137.2212062469518
690.7214569809607,354.94875148943515,101.75055451938071,142.95110434100258
693.3315257778708,348.80869941558467,98.80739160360027,145.98843638634753
696.2636480811251,351.5768248982599,95.2362516456818,150.71094491959332
698.2807880009593,342.31942157729964,93.5347519287702,151.5652615255031
699.2274102116435,346.4607689282466,92.77876913650643,152.44957140887527
699.9035640092513,344.5036610573092,92.93637260162406,153.75903818644034
700.5460312987686,345.55777454671966,92.86695137116882,154.6796069267662
689.7326237575113,350.54545164855676,90.86262860578307,156.60154867493523
693.1753870040183,352.35117718556563,89.91722090244211,159.05299528310744
694.0492194192079,349.4207674791138,90.53943293363488,159.80345931881376
695.0139208791974,347.7521715569895,91.2967570606227,158.22302907367643
696.3018917528931,346.98986254241584,92.07996643818537,158.05267196511318
697.603007826539,350.15935259911726,91.8755681150513,159.17753185949238
699.679507312071,349.51298941911693,91.22592631599971,159.1693297460203
700.154283854287,354.3568674805157,90.33646233917047,157.53006033281756
699.9779330454375,355.82234515020025,89.27485970043037,155.39723389636063
689.5419441111125,347.7804841320483,87.69460711558912,157.2897633057114
693.6932497991226,347.16725840849426,85.4362195249694,159.11842569174993
696.0067861244186,345.7801139621867,83.65651320738522,161.52375140239258
696.8454958784354,347.35341089708174,81.60392919053194,164.25624545755974
697.5934199534433,347.81737063817127,81.02405375017167,164.81747244640434
700.1440025473315,347.99416363123345,78.18826536865461,167.2407400216813
703.5129135792793,344.2147183878667,76.1366787326156,166.1045068359295
704.8874567320297,336.833871490512,75.7974034470121,167.30486220595614
704.6778592358056,329.06062228580873,77.93833725476783,167.8470013700625
703.996834251179,340.3040995698411,80.16987725144868,164.6700157503619
702.4005854189436,341.08860401843265,82.86691482289835,164.00764946897405
687.987718129395,352.3076655057746,81.8782954591243,164.56229192092593
690.4057934578419,356.52685729035306,82.18256571592674,160.28476507555436
690.7436858307068,363.4103196229389,82.45580970058958,156.65246775260678
691.3181442038052,371.433857269941,83.32871063856616,153.05479145304847
692.1647414503716,361.93471896146735,83.28460750838677,151.5484675450933
692.9161389636103,354.3479708359121,82.98779063704548,151.6788567634279
696.66757112655,350.9423634796552,79.59604224363055,154.64607065959646
696.1235659771858,351.38912263611354,80.35329563966437,156.34808190295425
696.3322780602061,365.6784166446658,82.03930317528383,153.40629465184097
696.16369101484,363.05033306181946,83.34293862647067,151.96558386114327
697.1179835839278,366.4419717934517,84.85015501341107,148.09453903528413
697.1984095420775,370.946083319315,85.4301220744675,145.43990408780564
698.3897107675435,364.93585128187544,83.94414329459033,147.82190514235998
699.1559842643602,365.9924898324622,84.65568900382257,145.94331229988595
688.6795235013516,370.3699401372435,83.98978843206139,143.96258161219842
692.3288758593562,372.05641042346826,82.98013191093747,142.2627926520306
682.9177359411784,377.20158357012707,80.53236742051078,143.06562510779747
686.454372723156,384.92370752490774,77.1183746335332,144.82646485997924
689.1825309945542,391.800960989888,72.95221958117719,147.3319905838274
692.7805187578011,375.37404670625216,73.36275421703681,144.40906667917523
707.9088958581355,382.23538279603815,72.49401576343858,145.70437126046747
724.0919122924995,300.5553030266628,71.08741740398771,147.76515335781198
725.2016868233062,299.91657036817026,70.74505511758174,148.29668633417515
728.3053333579094,299.66687560530124,70.71911418689474,148.3385521265357
758.081638874678,256.48515787509626,70.69645997098455,147.41503079983622
759.8994069452428,258.4833791694979,69.69038273412114,147.14146833607884
747.320226296293,263.8586130108548,68.78015768253367,147.50400629148749
760.9752423079188,292.91263605138204,68.35493706064904,148.38437116014003
748.8876560817723,298.67400509014885,68.62630282654074,148.18201615450585
762.0573302450647,318.4957684981796,68.74758300947738,148.82205867438188
760.300373684137,319.0732885094193,69.61707979908802,149.46894562238435
774.8050679579165,313.28773079454254,70.21294828583055,150.0310831621232
760.8405027103126,308.79966562824717,70.81340637198073,150.77365865462605
692.2750869484468,381.79388857633853,70.73406333516567,148.51113438930264
695.4712895161532,384.4697292079378,69.2403303036347,148.52151081195615
697.7062063359014,381.92221844779976,67.8363459683376,149.33680391960408
722.5992562942288,385.6516102413007,74.45493965519833,141.12622396781796
737.2138250281032,342.883803128245,73.90012240839685,142.50497784236688
728.6275121718928,343.23437916441384,73.42634576180876,143.06985786975306
729.0819555848243,344.05333960660084,73.23924543496912,143.339494115239
716.1060728805245,346.5163486373859,72.28881968145937,143.14562851567453
705.5351253306546,350.7544553961332,69.63572614899715,145.00668096650259
708.1957107464248,345.54853427831256,67.37864652305382,149.20467318078158
708.7941061762189,352.16400168605355,66.54122905414019,150.01468914044605
709.0758364657737,349.03169472352727,65.49969696423854,151.57684420700866
754.5184677660399,386.50801339079743,65.42736160979999,155.74138674307383
758.4772831989349,386.2397490258891,64.22277586424924,160.79322003832007
749.2153465643745,382.94908883039614,64.56601558844821,162.88701925773628
752.967135705658,384.3636162094794,64.44709421200905,164.863340075589
696.842886688006,356.57979586633957,68.08057149535993,156.9187470277378
698.1402297938024,353.75639174399043,66.99443819266463,155.0532447675228
689.5157977972361,361.7233971416295,66.73041041638788,151.10218132179293
692.7065627699279,359.2683186949083,65.95411223293662,150.9503107608591
692.8922037403366,357.2231839253973,65.94749529375001,149.42041399815386
692.882125472573,354.55714456214577,66.10079425588746,148.4871957886218
692.8320639060524,364.02778321781864,66.0302209068661,147.50209142039125
684.0089125971194,365.6728516401021,66.43625100275958,146.38398049478482
688.7803168310852,369.23203894799383,67.11182155551877,148.1943873884009
692.1183744414143,380.61591575338446,67.19851513460446,149.67474931717038
694.3109117275408,380.5802469532218,66.12479400740443,151.91573628005983
686.5772374160503,378.3316643828174,64.57625823097149,155.15273441819068
692.0465054741671,381.5534315509956,64.52632341783837,157.81892889500574
695.6756266683918,397.13491520864875,65.75613625857582,155.49337918223844
694.6588330809321,396.8244404098961,71.58785799884866,148.48793546156742
693.6075718809813,396.1002094936456,74.08500159215949,145.90324519064433
692.0591553180161,405.13221706983677,76.51728191028181,143.80047557506617
692.2363578181606,403.04729320529725,78.17650110127691,143.01045439621686
691.0848438756448,408.6425307567845,79.76396276840931,141.3045469354542
682.7243026766917,406.1606755703649,79.44122192412806,142.55364673166383
687.5167908013943,403.5266553092972,78.97137991391949,143.66977408775298
687.905530027947,401.675719719704,80.11581019704319,143.01577263586645
679.6923346284144,400.5801019178419,79.6179837719872,144.52205067571353
683.119488504349,399.930459054203,80.13970741889132,145.4182258690386
684.5956851617639,401.86925970787155,81.50690801046395,143.74026173630787
687.5708614823948,402.31264041450777,82.58242616922044,141.52597494576187
691.5043296580883,402.544023890945,83.3857044708486,139.77673948702795
694.8145855857732,399.13183024648964,84.14749251553371,138.98434124966306
699.4264545807944,399.9932335665632,84.67720587284255,138.54406157942563
693.4412903246126,396.00838387483736,83.48495294141944,138.93907777348522
696.6893430597122,397.0367979872643,83.79112074468817,139.02694793005526
699.4223150255345,397.6983719363511,83.88413391295799,137.8946966472677
693.1272662228163,391.9221175723305,82.21437720168326,138.94504721033096
695.3948461756304,393.0674831088874,82.31900830786532,139.05720777311183
697.833056147037,394.53418073952264,82.40151361224426,138.53574259606984
692.213919917136,393.3508562500332,81.09567958858696,140.2382009250625
696.099729862905,394.71248328047477,81.19063160027774,142.16437094025974
696.6039119299145,405.36464019670285,81.65949634618732,141.3632175844881
696.6047813841559,403.10652100025357,82.4096748595222,140.51174586386125
696.818544401466,400.28127492075555,83.5515637981609,139.49746408181727
691.3251304693238,398.8115298531649,82.14217050155678,143.19817640070292
695.4778036919367,400.27047647116956,81.85473215264432,145.02428073854617
697.7383737484988,398.6442317269916,82.80227528231815,145.65397941345603
700.1528416314615,399.9098171304023,84.1293692176258,145.1079796862702
701.6176733547857,400.4629593599551,85.40046995020701,144.6374762172884
701.0878623208816,409.488628159644,86.1347162822553,143.2429798959867
692.0967425235175,403.53675120555545,84.72021400991814,144.13629011672498
694.2480362808161,408.68431266807295,83.82247673984307,145.46133301658008
697.1566452632808,403.82499281170965,84.38434002415072,144.46830280743163
711.5412005704692,397.69391419709103,84.12471846922213,144.38938127842914
701.2262374691244,394.09468974579664,84.0234263338991,141.85890256871323
709.3593015006302,390.4806098428308,87.35090521974001,137.16378833442272
741.9829665037972,394.5845666045959,84.93048332497821,140.99360502787255
746.6109337406593,394.405638481504,82.81342719674359,144.28977165880664
718.6603423063716,384.30505931447743,82.2635068548698,142.8253873903208
734.1801454055301,378.9344330716808,82.63191686138673,141.81419084026942
749.7500704175247,382.39140180626384,78.8396086464795,146.6536951817113
738.8778606501642,383.06343297841414,77.34833901799261,148.58839064800335
742.7622014739125,372.3042488923944,76.34945994083921,148.97141145370983
699.4568654027244,430.49147072491644,75.84765191964095,148.48436555477912
713.7486507723792,432.75809220862646,79.29329794668878,143.72182772103554
710.2989532239367,435.9677332886034,83.43335299573747,137.70685605574295
709.3549032376586,423.2600738717226,85.36374038504991,135.13892141050061
704.736461450403,427.1272422520895,89.67170273687435,129.47729468699833
708.9097731201688,432.69005447252164,100.45178647436903,118.64805261374502
702.4116950577707,436.94484746095515,109.19821439634546,108.58653763983816
686.7563750044569,436.0765802022761,107.35930311137136,107.98941393881245
695.6577421442405,434.7455289578906,106.86363670289799,106.80450033146836
692.3650400104034,421.4681081667043,105.027569374808,107.84217196144836
693.2576615884484,404.4274060419359,98.38115974151464,112.43329033757212
711.9279486514786,368.6792308885332,89.64674673300794,121.39158140975843
729.4105800908394,335.39655595129784,83.48971902274344,125.75883405522514
723.522016917746,388.4040562410932,85.08203473050241,122.69502060942351
739.9470741170404,397.354889108248,78.46129426379845,127.75718200829262
743.809884674185,392.8475715947304,74.41804166643125,131.4203479954108
758.7576645890955,396.83525920899666,70.49978820257711,136.84182621383877
757.9443508699169,389.57070053917005,68.65893569670526,139.19381762270584
746.982046531567,395.5447589288993,68.52922880638846,137.82899189701934
746.7748338949897,389.9922993068494,68.71436727474762,135.96196442481045
738.4515089334963,405.5834634880223,65.69437786973155,136.12666860946177
739.4810121639991,386.11932513463,63.45228240575899,136.45826944344367
728.5188248108448,384.98226296052735,61.952560050910606,136.26194696662157
718.2007603677384,385.7096798535299,62.427081194813475,132.1562953095227
730.1626645480916,371.42621739734705,62.637952628418915,129.35447441805536
739.9717279886621,343.86895140813164,70.12925987508542,120.38976750488465
738.0483619852573,362.6657595786057,68.1945244441508,121.0507364300498
734.2106679180139,377.92338756256163,67.63960499959725,119.63465114695241
742.3231564274662,367.08007766905746,67.14538378666177,119.82517527661207
753.762756897399,366.2072505719863,63.67478651500925,124.18933304131096
767.2576742097968,362.4158754693303,60.635582078201566,127.41907163849933
779.4311346399453,351.34927440479106,59.62590906641544,126.34266568957477
792.3762701639702,337.9483640377917,58.07183873247705,126.97233295067315
805.9493815918382,334.18722253675094,56.76236399990992,129.09797279098092
819.2772194314448,336.4944286356597,54.951432049334585,132.43233683828066
821.6329798537051,326.8544694112652,53.99456275129194,136.84285526265555
820.3156295941955,324.2662043975778,54.84556816857348,136.49507088649642
810.3167460757719,325.84512350406277,54.03517442356029,137.9423967245824
811.9876171064124,319.57266272376546,55.007681877812715,135.06598878688595
813.3578700389395,319.07902229201915,55.45841441607885,133.8695304650454
813.6941970749072,307.9350858857345,54.89605143028069,134.01082925722892
813.9628493118689,306.7007897675701,55.022548864850236,133.2446759910859
822.8334123532695,299.2233090709317,55.77885930548654,130.84743782991922
821.1020605586343,297.42286913759676,56.87221627610458,128.0091077585398
817.6602545243877,300.2668241697534,56.92623945452206,127.23104209272503
815.2243770034625,302.29692537670815,56.72158467963075,127.39367855744712
812.8943420943272,303.3916223958912,57.392332789222166,125.12048009050368
811.4872136956719,303.24706465444063,57.45797479847705,123.0796824340615
810.310026686219,305.21006364494735,56.999877666031075,123.09778697875913
810.7168606643593,302.48350399711467,56.50242453943382,122.51872596512891
811.7885872453428,301.6033633180064,56.387080689524225,121.32541693027898
812.5478579238908,303.15671831831025,56.15595734027889,120.99824985264488
813.3464079060858,304.0556745590716,55.7476147954752,120.83738251615709
812.9693939029161,304.54671057693673,54.87866864448127,121.27406326992408
814.1368296808224,304.4456083243877,54.80173976521261,121.71868578108464
814.2789446473521,303.60599759113205,55.5316568753814,121.55548452382588
815.4740497169118,306.49260810817975,55.74560966770419,120.48601362324486
816.8686567408494,305.83428491524876,55.056626552064955,121.69448784573956
817.3450389488158,306.1799695629016,54.69033750844646,122.36225703920339
817.0356287704557,306.91194510755753,54.1694868971111,123.59946232768395
816.8927023484252,306.0515840251013,53.998977404297904,124.60952576352003
817.0645475327267,303.90902265837985,54.19814927219487,124.21843189463749
817.4116311623968,302.9693787810937,54.64316040812584,124.14291725529642
816.557543774933,301.8078967578914,54.82595945921456,124.22239322835209
815.9310824701961,302.8896027401414,54.7749424877712,124.07395848057259
815.7460474742874,301.8055009861867,54.47431598262503,123.84614658282712
815.8083532594884,298.0772064677618,54.21178692340962,121.85744410051186
814.2007374193827,298.11459736923996,53.621659716902386,120.7772045386521
812.9219501195428,297.4093923030412,53.37120275759153,119.47395943766642
812.481772944265,298.9686939373626,53.40004300711874,118.63719744709977
812.6295571352625,298.2373347162909,53.46493103219389,117.8082746538916
811.3512095744511,298.31992316551765,53.31160823427623,117.64047883049064
810.6804806382027,299.3053950196028,53.07956392381259,117.12844403784008
808.2867295925872,300.33050107926323,53.75078259829543,117.05631600589106
805.4222744569184,300.64435737068317,54.07041400000402,117.46455265324529
802.0466966363513,299.37603952178046,53.91513796618118,117.12099583281645
800.1993146373825,300.24675708617696,54.128319799354436,117.87543439367496
798.6197700444186,299.6915962174965,54.31078688063737,118.97899933825957
797.7054767943893,300.54300404458183,54.12088211253803,119.43501623413775
796.5769471253855,301.2241819705275,54.00287946171502,120.36649936006009
795.3179896290393,301.3143351414238,54.12881023008809,120.90790536911285
794.2800263092099,301.7670248650763,53.653597276622364,122.26918923471986
800.6055577258982,295.05753616677805,55.26201778064825,119.0332784782401
799.0855040848542,297.1034072911111,55.83092555025455,116.40415982576548
797.914490714968,300.5212488980031,56.57888268992156,115.32253640354642
806.1870537106802,302.77957891884284,56.25506636036249,115.19959651186086
808.2773162628572,304.667516602268,55.79262106138262,115.16417081198747
807.6424830540553,311.717678751163,57.118270731809645,112.18150799033259
819.4677378267186,315.13247038098535,56.26023021114122,112.45492584839425
829.9104453321165,316.8509659855182,55.585272048490054,111.1018679927526
830.1186526738803,321.26090724832767,55.10849047363787,109.73594636267204
830.7509386140825,326.48067642854653,55.53383055478885,108.54125720725142
831.6086420991239,331.8555813748307,62.76034100413964,100.13912192291365
833.7541900210014,334.84385522300255,68.47581025437903,93.40497135610566
834.6191514178212,336.56244385575917,72.41671818736297,88.0458809436198
835.1558929797853,336.83244133233575,74.97965245235052,84.59772077402064
827.3372218252568,335.51137497131117,73.87959852117312,84.30554472875112
808.0058006281138,343.8709246556373,67.01963284050808,93.16385128966434
806.4490736132441,345.2441195376617,64.23019809537578,98.14953626316438
804.798341311596,342.1841286418413,63.09157061187989,100.86032215484175
803.1821271685906,338.85456802989864,62.4873280223415,101.54981933621602
801.1697889055098,337.1573432432996,61.36552065034007,103.76093026729379
799.7657739860537,336.44551774493755,60.73831832677677,104.63684974527249
799.2981389481081,336.69030627747446,60.359989650646284,104.61052489677618
798.0117531423228,337.7158069149466,60.44444615677842,104.55404607418632
797.7131454505358,337.8105343162337,61.036346766006986,104.85100570413775
797.9401667541582,337.15964545107505,61.61619988973431,105.07805327660287
803.2825945672902,337.90497900875414,61.67259525529168,106.2236869634755
799.5350843767419,335.6394240739242,62.21592639307166,105.82089647684272
798.4512241103491,336.5077278848787,62.918158492019245,105.94830383811083
798.3110213070518,338.30340830985074,62.905082867878306,106.220378733406
797.9322540220863,339.9615665920863,62.89140617129146,106.67152394566838
797.734017070612,339.4026049947173,62.94667540118816,106.89292598934054
797.6493484417965,338.66267634231673,62.356787409528856,107.81200777572428
797.7770624065049,337.45835024412617,61.00101148435399,109.90343770471611
798.5334284853633,336.4464591866587,58.62577150650789,112.67453510724104
799.8666121941583,334.17310535537024,54.39683137125125,118.78447650299516
797.8697267514614,324.81239182041077,51.60473027407049,122.77357420432287
795.8590762736098,322.93448082982803,50.16215402869341,124.50247658214047
795.8175112672174,323.15968444294134,50.73239951403344,122.81445210165668
793.8375870300919,323.5711895666447,50.995781780780135,121.0885166013355
792.8062732179401,324.7031174212415,50.727097225518285,119.34909349168656
791.3102363565314,327.9293726492738,51.30598010666077,118.12222857776675
788.7911239234172,328.66216781142253,51.700847219135504,116.82645641638722
787.838330500024,328.9611049234896,51.42608662329499,116.67341913659477
788.6506234678533,333.0468894275614,50.209174135960765,117.02784252194485
789.4535943882117,335.7639056938708,49.86114445420974,115.31701245629068
790.411857136126,339.1463606110071,49.15085555925721,114.62172895334757
789.9384342037562,335.5456311801824,48.745881193512716,115.80933426503961
787.9465598240804,335.65893388450223,48.62291761155576,115.83762922246788
787.0248611706935,334.9077197722486,48.28867448024964,116.41815544607104
786.0047098540105,336.08595625178975,48.45682049359005,116.03900482700027
784.9424886539733,336.86444453418267,49.08819586752605,115.4870653315352
784.4363980500273,337.58756177689474,48.93913447116252,115.38675689248254
783.6260403236355,338.2969016280831,49.016647523738534,115.85892725724443
782.0095961658177,339.04356997193145,49.166113416965075,115.9623810024778
780.289652522623,339.2666754719774,49.04672197677676,116.07640252248927
778.6974092986989,340.82328235244245,48.95465741640045,116.27950965770788
777.8823152944495,341.9910835709416,48.81871223569788,116.42162199770232
776.7462898365397,342.13148961310753,48.66299659000923,116.30276050159684
774.877035283056,337.41020193185614,48.292025315964786,117.75201444533738
774.2669529446868,336.7699340510134,47.997694143093995,117.62998890006945
774.4131793636654,335.0875366279202,47.40159751226891,118.1271511187687
773.5783997855468,335.05160402563814,46.997659611544975,118.1703895665902
773.8981952221205,336.5518605271515,46.037267510112784,118.63387631179341
774.6617888403875,337.60417322417067,45.15153520865269,118.82113271745303
774.9707548698028,338.83791076094144,44.86645941751271,118.24121121656614
774.4109607527981,337.8390992348336,44.849108483545734,117.41010940763675
