1364.5,474.5,60,89
1362.2987296930712,472.5998027772958,60.08632557555816,88.83899202917917
1360.6874521967547,468.7060864862025,60.16982674662738,88.70126134232282
1360.9642158820834,462.26494562480707,60.75900898881612,88.60022092155899
1361.6954295856972,451.4498144273244,61.51212747430397,88.48110892687593
1364.9166336290145,439.76871647865534,61.91457946457365,89.19120330749035
1367.44319536315,423.4615228699717,63.23863180425578,91.50939835566817
1372.857622598588,402.2364717990379,65.10603683197606,92.32602424021158
1378.0984884427348,381.8270939144945,66.2263978866021,93.22900471022601
1382.5010878223886,358.259919529592,65.93913774118622,95.62813924663254
1385.8536187071832,338.0857866725367,66.24393171881985,95.69585686504016
1390.2185806156974,318.76506958189265,66.03149542773143,95.18219308490244
1393.6567007216047,297.58005569434494,62.754953759465316,96.79265741395295
1398.7786828130725,280.0730652827767,61.83372059459618,96.75068044289986
1400.659784103432,261.64599981372334,61.61128361026718,97.23274869790126
1398.7944340462304,250.9687741251959,60.677658010559,98.1858729417774
1394.9409843712017,243.75345133340187,60.027177447286405,98.39404728818286
1383.783933204792,243.21416402016837,57.70153406782548,99.0273953645476
1373.0345445492478,246.399995389066,55.60286493726332,98.79178809626531
1362.8294995557258,250.94730814876135,54.13573477049884,98.37725634213339
1353.0973295307172,258.371273969026,52.562040381429,97.97305028754164
1343.024971993727,270.08064081237706,50.956469353114684,96.25838383106411
1333.5102951143028,283.79547879913594,49.034723716211076,96.51196400683827
1324.1107120549802,295.97361083243914,48.1523541140309,96.4526951031958
1314.8584960747753,309.41573204313625,47.441894640725195,95.42832549979477
1306.388011067506,324.2506892750875,46.769037903554434,94.78314744031113
1305.5810050597308,335.9876038471862,46.61996312329791,94.56577848593307
1302.5890118037019,345.73469922243703,46.7298022201951,94.87520712019708
1299.569158729505,353.28696824068413,47.01556969366168,95.33746157180103
1297.1404771946297,361.6931538470018,47.348563523605385,94.58129229398017
1295.3898023240836,368.3639229678089,46.65041842598312,94.41341242333759
1294.037435816541,372.5336069474484,46.91881087061843,94.43363690180279
1295.4360352409233,376.8864858421451,47.24839730017396,94.09027630631806
1296.7372353553967,379.4429763624537,47.46508719917207,94.12180601170301
1298.31891372125,379.5097100032346,47.422489954617646,94.90034636001258
1297.5593674224717,378.9874485725544,47.40606259463179,95.72597849480668
1297.9470101783495,378.1519648710222,47.68995030923281,96.33246905022243
1297.705487353806,377.9264208772981,48.35140341877082,96.3593422275377
1299.4018524385974,378.32257363553526,48.75262809843103,96.40431477912892
1300.9245923490823,378.5289552505953,49.174975597560284,96.18487696426257
1301.8568502081014,378.9411650739998,49.53892519820181,95.942452923876
1301.498105553915,378.6538582339016,49.804744545360734,95.78586930649928
1301.8381786144305,377.6270841130759,49.992903869047076,95.80807218071904
1300.9013181692,377.09071550606484,49.94195084459855,96.13485005321519
1300.8508832554492,376.80240195068006,50.220447296803854,96.11464894170989
1300.8577543310023,376.95464315470565,50.556061498980526,96.01266097612161
1301.774446612623,376.64839735559735,50.944495859689255,96.1003966792004
1302.4258335856596,376.1901191512959,51.145742604534206,96.05819246863979
1303.5812319940683,375.52472298465955,51.37954412870483,95.93264031662964
1303.9438564799048,375.7817260238653,51.29040778739895,95.79937529799832
1306.2514018166628,376.295799898601,51.08367807198242,95.07515082757388
1308.6101435497478,378.62704590735166,51.313181281074705,95.25765573924124
1312.8856595115574,381.35464149148333,51.87054302658427,96.0683518314149
1318.4419432195284,383.4435952487366,52.813803705124556,95.98372987751634
1323.9578974324158,385.369662274033,53.44300520366579,95.97328732091154
1329.1162213694765,387.0754494778373,53.52690817182962,96.06003158548307
1334.0324396144356,388.36546058958953,53.57159742196298,96.22348122286425
1339.3080030324886,389.4106292159199,53.67570969108142,96.28454405946745
1344.6394680255255,391.28071070380656,53.85226868816205,96.62260192796299
1350.3393021434397,393.15350795152773,54.18188759985543,97.34935278469348
1362.10942438819,395.7692775098868,53.84161907776185,97.04475983115273
1367.158751412445,397.2276561306895,54.368908213151094,97.29617590268825
1380.3071465448334,402.2918235335349,54.388247632822676,95.84510244953648
1392.5780044288465,407.2024028124665,54.057251927052,95.06073855414886
1398.3535267443347,412.06995937349984,54.4159458367255,95.38366700465303
1411.285674581605,417.17688227400674,53.754000778639565,94.95888370363919
1416.7977096244651,420.8947902355713,53.02857475877617,95.35185415364853
1422.9807145556117,424.70090489306483,52.60146965875127,95.99127850992613
1430.5147309044423,428.5507815761387,55.62996978274512,94.33101202884913
1438.4805253461734,431.9143688597129,58.15702195152914,94.01074788116492
1446.6025197083748,434.6863966761997,60.48433945576447,92.79314021190584
1454.5148817875997,437.3590994238768,61.16196324348118,92.04782283605854
1459.8260774027149,439.9869090948315,60.71723867737457,91.05668027027212
1466.5703157180383,439.8759019117591,61.178552047643336,91.02154455263664
1471.837063457991,439.5622092894347,61.35999854619246,89.23685046302651
1477.428787191379,438.4505172559475,61.23527548279805,86.6550916505148
1481.4960342840445,439.59364240340085,60.47219738938577,84.71330613450826
1485.0073618988317,439.7336692530065,60.06135284401526,83.2995960527362
1487.8351319670314,441.3112732775637,58.430560556126835,82.87670115974969
1488.4621199028372,441.8863498716288,58.23413189616228,81.91256481434247
1489.652565068966,443.2478445958487,57.04715335475255,81.57031171691581
1489.2364746874782,444.87157846729104,56.06373300726969,80.93180388728489
1488.620223427534,445.96244677820533,55.579451288342796,79.51042071146314
1489.949918344845,447.2711023143793,54.36164222612081,78.43651481432425
1488.2720455357414,449.3234428118128,54.302808691266954,78.59058282763586
1486.6456412763225,450.61149247208266,54.47368848009344,79.24952822488487
1485.1491420017173,449.50130200248674,54.74791175693462,79.97525927699179
1482.6624653062283,446.7998322700539,55.50261099218142,80.30062210458937
1480.1286342772803,442.9360308223736,55.6201735818462,80.75761895899538
1478.937188614707,437.6803438661464,55.60442808906076,81.9793934528096
1476.739975869965,432.3812346087932,55.173306837059116,83.20891861577044
1474.4603017573586,428.43689986593694,54.37417842347806,84.21406368360579
1471.5583067220934,421.8656473084435,51.65180035283415,88.69868515448871
1469.2805910121676,417.7033754398081,50.51788021400019,91.74092651215135
1466.0422071922364,414.3709475052701,49.35063206483085,94.05093781106737
1462.3482519033369,409.5864278021299,48.55678757671215,95.77576182428142
1453.925927513326,405.6599235427799,47.67273571891596,96.47971438518718
1450.8223489421628,404.4790091784635,46.72941497504263,97.63854745589913
1446.991102780504,403.6398972041405,46.09948405006955,97.67511321763268
1442.2743347989795,404.02564745115563,45.697319024348715,98.65207861925508
1437.6819952504743,404.30128023295157,46.003862440206824,99.11619796815414
1433.2685357224857,404.80962043499585,45.96828035177492,98.88850198198087
1429.0312713078424,407.75529591214695,45.27430732711875,99.7570325241081
1424.4615172181398,407.4709315930843,45.33656311852347,100.64203300375945
1419.9740186641066,408.5203185787567,45.526806427151385,100.90668786351512
1415.8888119778453,409.2494114016606,45.04742712847006,101.19051030772654
1412.731481020234,412.1741706857607,44.499003773764834,101.67606473375852
1410.7053994685766,415.9268879961467,43.77540241174771,100.82699693809029
1408.891817285092,419.24505356914653,43.033720839080665,100.1432300315926
1409.1837700034225,420.67025575079697,42.39470569664376,100.06397768779237
1416.2463602967318,419.95547865716384,41.971158563393864,100.35544197981025
1415.436701790051,419.81673612204094,41.66565229260631,101.12694348877869
1415.3344961352288,420.8446742483842,41.491237609905,101.81430806937462
1415.6563416161227,421.03196400635267,41.827540170284635,101.77271139159151
1416.6457080932132,422.8154237865541,42.55752074759771,100.69033658521704
1417.3559253359874,423.4347561031776,43.26053630286643,99.7048055469597
1417.6450971929387,424.5146780604359,44.10768809429702,98.9997373234755
1418.3324548264059,425.1225396868232,44.949468818115534,98.03474938340125
1417.54688411388,427.7202705214123,45.36556366094556,97.64353795454898
1418.2462805861994,428.5712909924329,46.09617764532264,96.62147740973215
1420.060703250691,429.1734779080094,46.3159744271643,95.94800524903516
1427.9756157669506,428.48853165397963,46.719700420035856,96.09641500334097
1427.5414324968563,429.6266579002201,46.82730701054015,96.20177481173289
1427.6606885161743,431.2875180639754,46.621776449581624,96.12161995014937
1427.5110970537796,432.66953703685965,46.73178686803881,95.46930280478074
1427.955537734908,435.5155903644256,46.643181189185455,94.72044108373083
1429.056045314212,437.0193903756265,46.43769532459123,94.47770383713166
1435.9136530340422,437.5928522687422,46.29864603788486,94.42430557980802
1435.998711756856,438.7498119288156,46.31781655278641,94.09419215451294
1436.6660753731978,439.09727152374927,46.29624306384656,93.54631494109745
1436.9301970504118,438.88681643970375,46.06246420817709,93.45989045962565
1436.7859066337273,438.9295072610664,45.97142428086694,93.49257900953538
1436.3845284016702,440.0142981251698,45.78303322682301,93.46210641600271
1436.8025499911862,439.684874284972,45.516999160149126,93.18168306358808
1437.0437363238375,438.9665468912492,45.21098066469231,92.90845690296692
1437.604300407715,439.3470999788345,44.70241092140974,92.73868030238137
1438.7167537256778,439.0279812784881,44.3877240740358,92.14882348291272
1439.7489405712663,438.81824009209,44.04359681707051,91.83100611539442
1440.029557367835,439.15388603609597,43.98003551354315,91.18590023725139
1440.2841359991237,439.210020312292,43.77027416981183,90.66478167064966
1439.9690833436025,440.3766813641714,43.384974541202716,90.3768260925408
1439.7132526878934,441.5304722000252,42.946288309858154,90.33676747114143
1439.0113548609675,442.8463475525131,42.65243520005319,90.63708892879376
1438.2840616849787,444.2153521439949,42.663956385557555,91.02606362682695
1436.9442522565646,444.53534338719555,42.71828174911465,91.02513686933797
1435.6879998764412,443.52277872995387,42.808123059120646,90.92270795246762
1434.8981063925062,443.48774625042876,43.42290164896163,90.5549668416669
1434.5822157992689,444.9825927473857,43.56544320235302,90.431263294393
1432.919552848393,446.4734961286949,43.3994594613126,90.28005154825416
1428.6048052849017,447.99475903991083,43.38169582975061,91.33170964763625
1424.1411238679957,449.59394384749794,43.04240274162676,91.83155003345384
1421.2730931069054,452.9016137231296,42.51869482411001,91.48397055898485
1421.283613274553,454.77763297578315,41.98763298107452,91.1218060351537
1428.645847749995,458.5398513432136,41.22657536136746,89.8760758508908
1430.0733793185104,463.15920657445304,41.95655660833918,88.61736779167134
1439.0744240503818,469.99479695555374,41.395581570255786,87.03484631596892
1442.568387932711,475.63033704656954,41.728663441522556,85.86014159933043
1446.844649809478,482.2538151242351,41.81747708270299,85.18980459225378
1450.7452832855947,488.7205607638314,42.465950540320534,84.25402926307336
1454.7397383948676,496.2019309377706,41.68571093792486,84.14602238229688
1465.8240166379017,504.19286708637685,41.86843847895644,83.72846301995992
1478.3196998614178,504.3857588599958,41.682058985659275,81.93342337206737
1491.0356061783787,505.0673870156459,41.01352340557059,81.12437122670265
1502.9833452131973,506.4673686135627,40.308185106440995,79.05907270944266
1512.0597466367594,509.49397237732137,39.15699015421419,76.3800950899149
1515.2933355117664,511.05958834462484,38.1079556766004,74.41324728197117
1517.457596604807,513.2547018117947,36.704469205622445,73.60901816753194
1518.355421432256,514.2887938356797,35.9675433580593,73.09668534084643
1519.0227545156242,515.2380747444535,35.73619492890211,73.0226451841038
1517.4941549693865,514.3602383432168,35.62027161537181,73.49585467442813
1515.1297588831503,514.8671844381603,35.83968440094192,73.41384343546878
1510.3055048896888,514.8041384741455,36.2832391942007,73.60648034330927
1502.658654446373,515.0634679670907,36.347518465231694,74.5775207211272
1495.0566821195403,514.3870543688248,36.61251258026182,75.93566492624755
1488.5187059923908,512.8878334575761,37.55426664577918,77.64584831540282
1478.3481985942349,511.7026561173284,38.011158593580284,78.64554590952591
1472.0843246384218,508.8149044928344,38.96389906654656,80.22135166400709
1461.8811570436806,506.26159535313275,39.43269801640491,80.51839533937593
1451.5881874157474,503.6890704118492,39.760695072564246,81.18135379509373
1441.1098448167531,503.0138990510358,39.940616354537454,81.88459618732129
1447.752714120791,527.4778551237748,39.633915984986686,82.2663001307106
1432.2031418287427,526.8623039081049,39.427968711173435,82.37414158716636
1429.605607975823,528.1062680154766,39.421494993215084,82.38742644615341
1405.7595252946176,519.6292340484042,39.25697090250121,82.45433121806664
1351.3744317689668,529.1087071290697,38.35330694061916,82.41489494443111
1311.531825054185,542.7140740636223,38.75270036285822,84.04208603260133
1310.336894892327,548.7025212760931,38.93328758667496,83.75039897460302
1308.8000080407817,548.2488405387522,41.20624529025777,82.87164706789886
1308.0540632171517,542.459242233936,41.07686094307185,85.27908788682092
1306.3302478311853,526.2734206906545,41.15790145354563,88.43965805163116
1310.2497269773476,519.515608242961,41.39959921285648,89.92380406518222
1309.311720614267,496.29311677373727,41.15068370300997,91.65181083785808
1308.5826482324233,500.1366656134513,40.87428228215761,93.2829256675852
1308.733444274282,494.40818473876976,40.68031174154978,95.47886866389658
1309.0662108993542,497.0907517051786,40.402356501964505,97.4620428174742
1309.9987670289495,492.42741965035043,40.552806300268884,98.51379313928868
1309.064755863138,496.5329742360383,40.645463756098295,99.93964399751503
1309.0289477843714,491.1788593132434,40.67543477045062,101.87463947573433
1308.5351025359323,495.29232261274757,40.837418129744215,103.34359758131572
1309.1063548328066,490.20431339654675,40.93302264778152,105.04923046226472
1309.6347639997302,494.42347423794956,41.236871781051505,106.79933002884879
1310.5500976592969,486.85553691340226,41.24078237997073,109.86679475820455
1308.9769505596275,510.31439798409303,42.40935369608518,111.56058003259452
1309.5019329649474,503.9472923680541,42.92367368692841,113.65727238192098
1309.156756245839,507.198600229383,43.73415126403695,115.44781519045213
1309.0822066187907,498.00416379586926,44.06547574548927,119.1957883992765
1308.8027820732893,500.6566001936822,45.23616174673997,121.44798871995309
1309.1669637272144,495.6554052023184,45.57428694329957,122.58581952909677
1310.0798367249956,489.4183729533638,45.64768786221943,124.95566935873195
1310.4865456379152,494.5668790432126,46.138701951663066,126.10575305000597
1310.3371481311246,495.75043158090375,46.89749914915859,128.2730479608909
1312.0231792623956,498.3660230377899,48.022322186299256,129.29637878765806
1312.100504306247,500.0717718871871,49.05345131250188,130.63952882064473
1311.3771968655358,501.11263438743185,50.265748205766855,131.2016515240889
1310.6722564776398,498.4154281588494,50.60302957054837,133.68932927628248
1311.2467893410515,496.1547961676604,50.60029682292704,135.9031019561703
1309.7528616123693,497.9185173705472,51.221966376742145,137.57104405280757
1308.791657042039,498.7532690017789,52.154039039646065,138.38144973352047
1305.746747465682,500.77375830573396,52.5645426253441,139.624674178131
1303.2383628009325,501.6720658169828,51.84852434574265,142.26416154592266
1301.2750279114612,501.8621651479866,52.23233385513845,144.18786217209254
1299.9090518456967,501.3154764762287,52.58967890048609,145.67696744806153
1297.8283720116324,499.69328400283473,52.3605346852528,147.3904934013192
1294.3956513355963,489.1248651372729,52.09578471118364,150.0279624648403
1292.327141641624,490.5997261625387,52.13862780670868,152.2291264731161
1291.1196957107466,492.46631549300196,52.01343506801494,153.75696322738128
1289.2187595496882,477.14010101519636,51.76281953994231,159.47492868201581
1287.9448847824033,478.89488399143045,51.89229157245234,163.40555352163148
1285.8122238557664,478.91066172072794,52.31441321896934,166.4701408318963
1282.8045758920064,482.7387839132725,52.8919821720022,168.09621170101858
1278.7496489261487,484.75784996948113,53.291168970386494,170.60972534436917
1276.4350139497842,501.5077417444143,54.80944291519611,169.7812484046102
1274.1127626193145,492.34301237897427,55.650443731729254,170.31788525133507
1273.1924294241774,481.8299181888888,55.56745365838045,172.13745818350785
1271.7982228292628,486.44165156763495,55.754506527164814,173.3687767730005
1270.8649738129313,493.9760852620798,56.0636973164806,173.43896272883745
1269.4260880909308,486.14125971288047,55.98884134005634,174.39110169649874
1268.3862488830089,489.2228822379398,56.28037397533662,175.21664858897645
1266.790387198958,477.06862456406475,56.41974324607216,176.74276762019826
1265.9617957964722,478.73524376736884,56.76763743009518,178.54133081881469
1276.7677562351412,495.5723813772811,57.65049423220024,178.7367379110019
1273.053743026506,498.69451868685235,59.31622349599768,178.9513842475174
1268.5233321292314,502.5073254218092,60.516633646565026,178.98238555802968
1267.3901864640288,490.71384875761606,61.051331129695235,179.36237439361813
1278.1468320857148,490.8978192954096,62.00246020492709,179.9526536806943
1274.1336146730002,495.89921281943043,63.01263679061016,180.13177524013554
1271.1711732128826,496.80687096537935,64.18475596267605,180.81876159487464
1269.1041546819026,498.2107579956594,64.97923513851285,181.24883390882638
1266.5328032055947,501.89451757954345,66.28657947143856,181.17986677734356
1263.6893901432093,488.62673322035,66.89258074421963,182.03000687634574
1261.6253231690664,476.1324558502811,66.89481203976486,183.72566916042885
1261.2333688417648,475.6844733663014,67.14372424442091,184.52515862404942
1259.586598330238,472.73673233292214,67.18719135771452,185.25293610859362
1272.1479481782355,473.9070885695068,67.6292003714365,186.68481117318981
1271.5682595901412,452.2877132719656,67.81504540737006,190.1562354132918
1271.2356862153406,443.74634622909394,68.03636020654528,193.49442642347356
1271.454951502636,437.6921680757014,68.22329192557928,196.55908441940662
1271.54926394597,428.7379341473031,68.63883998393406,198.46452722127148
1285.5593445939921,421.8769259123096,68.74018442519426,200.05327914963254
1282.8155013546289,441.6275346950901,69.59685321898434,203.49341824300714
1280.3539414035008,431.7033547553056,70.47577699239547,207.80042203584512
1280.1677477288072,426.2879561480071,72.43198504242805,210.142629963638
1297.0315905730897,417.09565707402083,72.30812015464407,213.6251161044694
1297.4066463571985,401.0467422772972,72.98796061184002,212.99309874357093
1309.7212977669644,401.7285803664615,73.15997119257695,212.9127453763691
1305.7643776845161,399.47701999875034,73.24204713628195,212.788664554632
1318.1402582507012,396.7036240399629,73.53683866199279,212.4127298410423
1300.4549310699238,378.19043290278546,73.68641224351877,211.9972709899089
1300.9309029844444,375.68472622178217,73.92718000619769,211.61924906062512
1318.2654801816418,380.44760184542565,74.19091364280878,211.32151180564773
1316.810503168851,394.4923004228776,74.63663975358041,210.97446999742365
1327.5568457912084,406.381505837059,75.74387478169288,210.907826365716
1323.4381897893206,423.8068452605465,77.53751794315237,213.01554061566492
1321.5685253130714,424.03445696403685,80.13412667317773,215.8717140459187
1319.9133902905987,428.2471329820196,82.16061876592924,219.58545922369825
1332.5756252105346,420.5766913533572,83.16273088101335,224.01895760858662
1326.3524265322471,426.2639411779707,85.45055985532503,226.80628886145917
1324.9156974280932,419.64458447152407,88.1456197524947,230.77823763354436
1324.7547661603573,424.58012685984636,90.22072335013091,233.4588353291287
1324.8754426589394,418.4873970862692,92.18501543734801,234.87338842791877
1325.181565937327,414.4943159371557,93.58594365283518,237.36585499021442
1325.3064607973065,412.7373888200121,95.27414245254467,239.1557580039893
1325.6001984853726,411.05812961745676,97.07122098571406,240.49991955752216
1325.2095741763694,407.77675566443816,99.07343320101823,240.27277192904396
1323.3550436377507,418.6541604300935,100.31032726318023,240.93541234890512
1322.2992495704184,411.75498488205824,101.98577128430398,241.29748128707774
1321.003044948948,407.8164291163805,102.81192753270743,241.05543502729552
1317.9555791571474,418.4765038076428,102.7795354888368,242.12800872826696
1333.1750640476594,413.5463629035236,102.79781058085976,242.26340936432527
1372.2575962755013,442.98388817543787,103.99027481169921,236.7170979867565
1375.2206613219093,450.4151984174066,105.1098295333363,234.0657773990592
1376.0157269109818,435.96953363209815,106.07227489709194,231.7230657556869
1349.8824539912243,418.2954411255321,106.78860024710512,230.40584931007874
1344.0928188104676,424.69213736113545,107.26680878763452,229.36054281451908
1335.4217755261645,409.0485982488641,107.15110116678764,228.28477466455007
1330.6397285968171,405.94219177654975,107.51086267379783,227.11913912285053
1325.6456639923176,401.6318923186353,107.82396689653,225.85050349583275
1321.2995716956761,401.01433994466294,108.33419901331143,223.49151396734933
1317.4869966406081,401.933386101055,108.9389075913121,219.21345664487575
1328.804398534844,405.9127625218281,106.21294016758642,219.53383283165
1325.1348345149815,406.0188479347263,103.6814751363278,218.39705192751876
1322.810835350154,405.3166762998743,102.37615868479344,217.28990127594284
1319.4054006612887,404.9730552108054,104.3381830574889,212.3847786660252
1316.781872001927,405.3128597684939,104.98918153069236,207.94558583902398
1331.0827442441569,405.5902601798482,102.67717093295141,206.90481654574208
1328.4815026778406,406.4763719886082,100.11489261767733,204.82819379549346
1326.3102769589257,407.3622272257061,98.38556289706023,202.66526328812898
1324.3525684756632,406.89624591399917,100.18967391151268,197.86345887891946
1334.869508654458,409.04341792032693,98.93630731735064,197.15370816231498
1331.4172356001343,409.60605361627313,97.19423649026857,195.82148059247268
1328.8039788920141,412.372254692081,95.24519610783302,194.6068722869873
1328.531273445659,412.76561746550453,94.39595892543966,193.1349908120053
1338.322455605989,413.79662913463255,93.32262017851018,192.09964782405297
1335.1773428196857,414.1803978030271,92.15800509102174,190.6119138825351
1332.5095244003683,415.08728814786116,91.23584325793398,189.01177903851865
1329.0650759132157,415.2965483680984,92.59864293457059,184.5474850918796
1327.1874394512483,413.9037819146295,92.66119735264593,182.33174770462787
1327.1220955936085,413.3667963549841,91.70793240259688,180.29061581755576
1339.3828222853042,414.77101826915884,89.38906233219342,180.5759975678959
1335.51947656937,415.07345512019555,89.11442529573911,177.92332690117712
1332.208039238323,415.8504220544328,88.99991039331931,175.70409254423072
1329.9230495183901,414.85250993254397,88.52505760357045,174.4752439936663
1341.6831010172725,414.7905053413852,86.12916114877453,174.67635568810502
1337.274040963209,413.182654256058,86.0937990105025,172.73305269365926
1335.1124624456943,414.588341579902,85.44676122894278,171.21121762154803
1333.3699809594905,414.2593450328323,84.50608504882337,170.4438222602965
1332.7455898442067,414.7203556918697,83.40424128756976,170.24877781371225
1344.1487846238128,422.41697656011524,81.94184586898263,171.63172397394962
1340.8189402470853,418.847576926683,80.78077389550899,172.55075662399284
1338.2621450274141,417.5522893701998,79.09870002439604,174.27092600337392
1338.096960989106,415.8559504032511,77.95137251671477,175.44989863598653
1336.9032183603465,412.14526907038817,78.40124273726968,174.89550561018405
1335.4206088013163,409.80284700677055,79.00674901620316,173.93702393175516
1334.6674629062577,408.57979976365,79.87239011671872,172.97070315195938
1334.6711442703431,408.03608984944356,81.01617618462951,171.69408069826767
1334.1525728509243,406.037112353382,81.8121555461653,170.70045472725607
1332.2059809454138,413.83542646675653,82.55298320942029,170.45461747798498
1439.6672719573542,475.80812097909813,92.7666011367116,155.97826074089943
1440.0256246397068,484.88110341725616,99.1774954881927,146.75854250764982
1451.5200262738388,489.98547790934344,97.3410111743967,142.4527218758313
1447.2900404906432,491.64260435606127,100.4269359382669,138.4712212697834
1445.9669152121,491.4096176102214,102.79462508206507,135.89329331798174
1444.6023283653835,491.7073842856958,105.09417812210702,133.25084491271164
1443.5916375065171,492.65426946785817,106.14120700323127,132.03110300459798
1444.8542869652379,492.0448500521253,106.80693715759753,131.7117970091747
1442.320203974454,494.23050770173495,108.94215431142196,132.07211584997003
1443.8745704719106,488.20117736051924,109.23631748235634,130.83461488079016
1444.249141511989,482.6150154625784,110.1053827376719,128.69601796133975
1452.0596297497264,476.22832312861556,108.67827585295595,127.22758610857449
1448.1753606339216,480.1381873757116,107.81744816354501,128.26788111291756
1449.9822725224021,473.74827107454604,105.94433547953321,126.65894647281705
1449.0369732503661,477.52612494485544,104.45731380342076,128.07329526601177
1447.8782159523046,478.1326406287383,103.45070072544104,130.42058379875874
1445.454692259916,478.72476458956,102.4901333069038,132.39723241680346
1444.6291123264282,477.73306039171337,100.83847606763261,133.81026417789894
1441.1163574009536,477.5457822082181,100.13355007034595,134.0299297394066
1441.2791323182196,471.21635954259796,98.124510317105,133.27190113876216
1439.5014985585692,471.71527841977445,93.91010973414151,136.56432894455926
1439.2786623924458,468.26652840022325,88.80136493305675,137.3116371997567
1430.0201057235947,467.97661440265483,83.91782824634473,138.20782620496814
1429.5108763312746,476.4697217693321,81.84918485622634,137.83493659063205
1417.8987727651981,474.6514560197851,80.25782878647499,137.50994479527725
1404.424427703239,471.5897751986462,78.21749760912371,138.82145588976465
1377.2018543196966,472.9354424988331,75.8493547338746,140.1779361354296
1380.2675257645942,483.7626813255197,75.72060822240574,139.94083976867745
1337.2542667134328,406.43821764401844,72.66709397609557,142.3916012381253
1336.4659884478726,407.5835544224616,70.2080531828448,143.86290225437432
1334.9572280117864,408.92703044860247,67.28361228972796,146.17760005866003
1335.9025735760192,409.437452540835,64.50474787911584,148.31953449014642
1335.108451611885,400.54754664252147,62.999882199687875,147.93541920852647
1334.0977266562807,404.92166271056936,61.68821796371014,148.36036955991844
1334.7185252641357,400.40785012199325,60.43742539788954,147.61918446485387
1335.341950341973,401.08933948305366,59.202801328324895,146.71660358227928
1333.6549602593927,402.32543110854925,58.99822662478709,147.34675125436854
1332.2162302096222,401.97188070353536,59.212014992379316,146.6231843064084
1331.889739138438,399.64294640991454,59.32963572556046,146.02550346280276
1332.7945745840912,400.2138982023883,59.469625612299524,145.31479457070543
1332.951411588022,399.5551548528025,59.70723776538391,144.84907504543548
1332.4571199751333,400.8282188102626,60.647556361022666,144.22502538235392
1328.8162315066193,411.1986496015087,60.80662211640991,144.75621275005716
1316.8727594369727,420.3893782404731,60.39327137960443,146.05859145540472
1315.5420403590251,417.20054867254004,59.77183900441748,147.92518892287478
1315.127228322505,422.6647208568876,58.72495388785189,150.2284538986621
1276.1817931698904,467.05524616980074,57.77724692257335,153.33065827771867
1274.3198097782442,480.8776561032261,58.08804050716551,153.4491536116735
1273.530705019798,489.5347496371437,58.18835881731684,153.5232207094877
1271.9923664700727,486.864748528925,58.704161931476904,153.51859840657698
1270.9252413805461,484.12139467687075,58.86082500668621,154.23486362487617
1268.4212181137177,484.25860288170765,59.74045357159298,153.2907902232438
1266.4044353869094,485.06515038262546,59.767994187715814,153.23809213112185
1263.636363832982,485.80055667637134,60.185168808784965,153.04989222501902
1261.3460452117104,486.06090685414426,60.39595398528802,153.25324018595188
1258.7534188582388,485.152073657486,60.51414669848749,154.12679332472126
1256.0472297153524,474.1358050176981,59.95457302274275,155.80737328313018
1253.5533235485163,461.8548284563383,58.67863623379543,161.50013046773933
1251.9851610778712,464.80285417048924,57.799443940283254,164.67561891828265
1250.8879512350645,469.0710717878592,57.48131017245129,166.2226120664163
1249.014175478076,473.07164317088234,57.618975993832,167.37408580122445
1248.397008052937,476.61820211515123,58.20103343407915,168.67194672585813
1246.5284416905918,480.9561265682379,58.40325190362778,169.92911173570045
1243.957378024662,470.50126598324226,58.53958804820116,172.117380192679
1242.868302878032,474.63985101811727,58.63917226708967,172.99508015619307
1242.6298276057407,478.9939092805967,58.9056719537943,173.5591069951869
1241.8802109960286,469.1886466130782,58.812102767861305,175.9424919035881
1252.3721259384965,497.88367368542055,60.712817255483984,175.35899064586633
1237.1722431107303,475.0656741946957,60.69949506616772,176.1701834139372
1236.6645910038862,464.78557759244904,60.831121916460305,177.46679629616477
1247.8215050369201,496.11813201966197,62.75019065520207,177.25740262118234
1244.4152679188478,498.46606677994805,64.03642835722795,176.88485158205555
1241.8280862910744,501.6454985617486,64.95109560600004,176.2988318561924
1238.4094616884195,500.4093686362919,65.79703802954117,176.24801541125316
1236.4878367628705,500.55363534771715,66.1031508490835,176.1428117196286
1234.085881758355,499.0633446309151,66.65575909267274,176.1149381151621
1245.806632314717,499.0279234583032,67.64423158224382,176.20496067814372
1243.5131885631479,499.6221008790243,68.38397781951294,176.01055441553606
1241.308116166787,499.0300423591213,68.98212114548377,176.15252334209126
1238.76795717037,500.84733058680325,69.63976162138023,176.06098906964976
1236.0433701337122,501.512615464349,70.2051924085632,175.9843486911604
1234.5532977952307,490.2322393884031,70.35735012988353,176.25303999100137
1234.1027902831493,476.51760731967795,70.07052826859395,178.43289540652796
1233.0780580166302,479.79461385195646,69.87933213421277,179.19377081929633
