265.5,186.5,236,438
263.19744961811887,176.8949896897436,234.25105632635388,440.4509635755299
265.13279338119014,167.07320972875556,237.72541341309585,443.2400389394005
270.0944538272619,163.17775302898156,240.57966229176526,446.3036245153096
274.62130694581583,159.67087892608538,242.54973306271404,448.9066909965536
278.9044107923106,156.59506986663143,244.76614770706573,450.6338248625318
283.8028425633032,153.22504329236986,246.48375998752928,453.0539040654373
287.9431889511652,149.59165993495856,247.84802856892196,454.67242782982044
292.63866443650454,146.66247423995765,249.03636131253782,457.222906897282
297.5379915944798,145.67539685176655,249.5494488255057,458.27012039806755
302.6913777681373,144.41950839120227,249.56728432731182,458.531232369779
307.3128835543072,144.5216977604972,250.0589958460975,458.24027677451636
312.43001183874566,145.12209268860585,250.58689862475478,457.19945887073743
315.9262106684549,145.1728019155059,251.4389161531719,456.55544681857157
319.2404765834385,145.7387241689304,251.7660971184623,455.7374000240486
323.24421367356774,146.21233428217892,252.51786594967842,456.50984604015105
326.5816980362989,147.0431513498358,253.28787021615943,456.08361842281977
330.3003580640294,146.95670443341322,253.60627172975984,457.02941295623407
335.12429736384456,146.12140111441198,252.31402686578627,458.7692636586272
339.05076922363867,147.30594784179283,252.80788967238215,459.4760318962941
341.2308297806278,149.89119846338355,252.70672785176936,458.27832304012134
346.492480551649,157.32775112124733,252.1518635045511,456.57100637490646
348.9958275280786,161.5672734974233,252.73723250182618,453.7622263434713
351.036357853511,168.00690302890177,253.01660829047555,449.45461110986
352.1275008487872,174.76756124988432,253.04488810535838,445.5340894600702
352.99438078885544,181.07210800794707,253.96698864926356,441.14749006931095
353.83343959288624,186.65529585489975,253.96066235628075,438.3053932068875
355.62253620097044,190.1999044581014,252.84580036264657,436.04647728527425
356.26957611540615,194.97739418485747,252.06311539213544,432.08069642108705
357.4290951480154,199.65089261521175,251.56433034148142,427.90669989607187
360.18870978725164,206.32308446467312,250.55909527992787,424.06274058221993
362.99726138912314,212.13167622557788,248.861624987867,420.7380070115823
364.3126337935739,216.7821925665694,247.8301047463787,416.9986498781527
365.9098539287244,222.09296960688232,246.79407287947453,413.3280802755237
368.3463885165254,228.7591999664163,245.74914014796425,410.1987197609235
369.2343865377652,233.9123203685475,244.63324033360732,406.5613484520529
370.2257916506371,238.85200770507168,243.5621962793188,402.68023904542304
371.27491467105995,241.6076995809427,242.1316669204304,399.22836814730346
371.9732416112214,244.838427042168,240.82742855916632,396.47090058485344
373.04989590447303,247.5534917674604,239.17421182342065,393.99268353737534
374.4006160672477,249.93532802830651,237.63414976229848,391.9703774020967
375.58807392917413,252.9564537706172,236.4667715702983,389.0415304298807
376.5473577739718,255.95503410821172,235.06777786723333,386.1452153300243
376.85642378264566,257.7557084447727,233.8111182181259,383.1043778883248
378.06324274056954,260.0260022807522,232.7916225723664,380.8487872027549
378.6648700599865,263.36262183718884,231.85386377026717,377.8565888537366
378.59942506234967,264.68568571146966,231.30523822494104,376.9050699127388
378.2082553986391,263.91060570670777,231.25808045343945,377.33704607102044
379.05806543846825,265.1331050109749,231.0584676455478,376.25611167910006
379.7789234441467,267.74210172811866,229.9174417486891,375.2681926504827
380.908490259755,267.99726147161635,229.605310885989,374.7474266923251
380.6782756007717,270.4392292291689,228.44614753732964,373.8528038259932
381.1188116032937,273.74682559180053,227.15548636087598,370.87449936633976
380.86200310975255,275.31003561067354,225.73615308970335,368.5939835000605
382.33741962926473,277.8039684451281,223.5101227831466,366.9352530106711
382.96600313788986,283.11130074084144,221.80730569499065,363.14996559362174
383.68114678559425,287.11577568436627,220.67238188539505,360.35763662866077
382.6842315211184,291.3760459956058,220.6409080968723,356.37779977968023
383.35327025402097,297.28081728964344,220.55036061458773,350.58975110334814
382.18426137626426,298.65358846790525,220.3349223020622,346.5262644585707
384.3657433574375,302.5359254544506,218.8078677063234,343.54875088205597
386.03123774035873,301.1562316791557,218.44235449971558,343.0171218539714
387.083344422456,303.35554623084926,217.73130779678348,342.1369852108352
388.1153887796582,303.6861670833419,217.30528132107236,341.49163618472164
388.41275695495574,304.7785394106762,216.8189078091031,340.3251019411248
388.89123353331706,307.19408163599223,215.9607524952408,338.72219932948207
388.91345623170673,306.3583683570185,215.4456592865718,338.20871630529143
389.4470442992606,312.2678155432004,215.2933572283073,335.9021815520682
390.28855551287995,311.02297830918656,214.3017649525312,332.5117090398102
392.4583760627672,317.43147436509696,212.23141692259617,331.5059351897082
391.70918122818955,315.53492630790595,212.09881739783503,329.83086733695774
393.7782299624788,319.82310373193525,209.47777567914972,328.26543396717057
393.04908280085067,320.90703605077726,207.82480577358524,325.89557853137075
393.8942092896818,324.84639118186993,206.05472390029456,323.7472716924948
394.5218303528585,327.04901872914326,204.88917303290805,321.3780724012471
394.83854270962,330.8930905986864,203.1193299767947,319.20688689885515
394.5146137311915,332.9329531283415,202.4847066209,317.95706377321494
394.1737948123881,334.1720897590628,201.95865171615907,316.99616204707354
393.4683795500531,336.6886044992283,200.98307724967907,315.30518717222657
393.9297532473572,337.38519512320454,200.37127780972563,313.70857363252804
394.3806631751054,337.82747612732345,200.0132873356951,312.8519059517072
394.5075888575577,338.105922401925,199.45657144904868,312.7840478465978
395.3037382779375,338.57912946722763,198.37811918450294,313.2681842912488
395.57198067970995,337.69037520908637,197.56788514866582,313.0519294799328
396.41972965612587,338.65077182895106,196.8640680563534,311.99047744436984
396.5928767226996,338.93365760545214,196.31494217805826,312.56852665400197
397.8157662233797,338.0880935893487,195.48757090298594,313.43953727221117
398.8156480708855,337.557327240803,195.0362241801346,314.43307984507703
399.4970994895559,337.14876100820663,195.52498350175986,315.108786506966
399.634642981684,337.3229912989656,196.23132108758728,314.7443908248331
400.4584483195414,334.7649822475268,196.45280847915612,315.3829328077155
401.69154579672386,336.18783530541543,196.6316144593921,314.67969633648477
402.1078300942564,335.72270131432987,197.84439689276928,315.5019041673173
401.25184058429613,334.2576410897558,198.97898911621536,314.1904379312848
402.38676120634534,332.36025241653465,199.37977618136688,314.2370019865589
403.3638217473235,331.6803151864915,200.0625781741328,314.65616006080387
403.75097248397543,331.5954877603809,200.38089492783402,315.15010274480835
403.4900987178455,331.03812430695996,200.55553800009278,315.35341490918046
404.1992275788686,328.1223077548191,201.49538259967142,317.07801237656025
405.4580716135717,325.3207576104795,202.35754754044285,318.23491467863664
405.42067579404414,322.38804254307365,203.3100421905339,319.51958528814924
406.3623999456402,319.1028780649684,203.69007002068827,321.89632932538393
405.78330148534945,315.22028291064566,205.10360519286053,324.32932721307
406.113148045588,311.40366990379505,207.32434324761542,328.40596886855593
405.39601203714784,307.53619165185495,210.29674352129345,330.82471653301957
405.0451335083629,304.7688910770316,213.3703358106444,334.9778844341464
404.450065174986,301.25102159254374,216.67287825437575,336.61664883952346
404.73773502633975,298.077710928099,218.52862819133193,339.91224096309065
404.68673782393245,292.7619388534989,221.65381595552148,344.16112710753015
403.1221132661709,285.5139092159005,225.48170917266435,349.7700518307249
402.898486420847,278.19294016770857,228.5167364247897,356.31512618046577
401.78843278787315,271.7709527449693,232.31824587331647,363.44156791437206
401.8968068824317,267.23748317288454,235.08461884089195,368.0086653684781
402.5364862447872,263.06814811494263,236.88547342451523,372.49493160519626
401.7339127443728,260.5080933973052,239.18243270218434,374.4365051022083
400.85936403994003,257.38481449540683,240.21351211569228,375.51922022793485
400.6740260827271,254.9461337099157,241.30946843420912,377.48539844167834
400.72786235897,252.7387672220292,243.12067539069545,379.83952756041094
400.82814525290144,250.1633245753696,243.49831143321973,382.2685762868051
401.5227190085239,247.8109874788706,244.29837552895415,385.21788773070335
401.66415789869757,243.33672026222274,245.67903703903497,387.7362516279578
400.9078167568724,237.85650251556063,247.0972253300586,392.22671164978544
401.8158460553044,234.06116836286313,248.10676902620918,395.6845040358384
402.00184043906967,231.84397405217152,249.8710219331018,397.44215725606807
402.71082127582747,231.05821367025447,250.4928122661169,398.28834009732907
404.27960019320295,230.0420247921686,251.8131125169983,399.44218800683257
404.1964723411236,227.066901713706,252.5149927252464,401.5097504097905
403.7547294785017,221.78828512366726,254.29818129749412,405.7628582808775
402.53194191020185,214.21436468944137,256.23141749776494,410.17775179978094
401.86229561711275,208.11529089209762,258.2417786927039,416.7808585962812
403.2223606898152,205.38816508299146,261.8324586364104,417.2405885966041
401.40202797939475,200.82746329997747,265.17043483276973,420.3472330989114
400.4229950413776,193.87101065688194,268.06305212663165,426.772521846101
399.2009999665517,187.47385087550543,269.6979720467531,431.5199912043862
399.8867124573723,181.0279494428217,270.8140648988216,436.95922172402004
398.6650400597438,173.9286850059514,272.48121506202534,443.1799244792914
398.7211738450891,165.6482136966365,272.8352882417905,448.3321995335291
399.0588299097942,158.60871398445528,273.0996737952378,451.72634540411957
399.0133445739356,153.3547976694016,272.81306233413864,453.4523338951278
399.7809514823645,146.4263110089164,271.5199605876029,454.0115090593599
397.9955569850397,142.9567186498523,271.71478541751867,454.2569238456949
398.1660173768362,139.04154026957406,271.93179409015966,455.52530131242816
394.103837400728,134.51133553378708,271.5643937884697,456.2846625051935
393.7329050222571,131.54043921932418,271.17337165881486,456.17925445434025
397.4013594575969,130.33561457308934,271.27665167287034,456.46417959710595
397.38736407044814,128.6407597719109,270.54927439325485,455.87961194154354
394.42807630674383,125.7573709039959,270.3111140235992,454.7166521094719
394.28565798265674,124.27246811412152,271.4758195963911,455.74610822957254
393.8206058347561,123.91783997959803,272.1097701679988,455.57002899361083
397.02070722627445,124.87356972148012,272.22755797410406,455.4825094293184
395.1558174146994,124.57353562778562,271.3885195049079,453.4805566377798
396.82790220743857,124.24506630117895,271.074507008663,452.4768381235584
397.7964098297174,123.53710617360667,269.86373800186016,450.515455732066
396.2831776466127,123.37815870713501,269.7503960974701,448.64650774661334
396.46617339419294,123.2871255761774,270.2945377853122,447.5473108955067
399.02109212211184,124.37346277083134,269.7374375654973,446.6649838439216
397.5731174038102,125.02723182279016,269.8159905997416,445.8212313585476
399.02741813486244,125.40092941527408,270.48141333807655,446.17242678599126
402.3372407915159,124.55352727488872,270.5626008685501,446.85393040948964
402.67845574681417,124.03802042108728,271.7891521619865,446.8019104361767
403.7666353375894,123.53143399891951,272.8423810122049,448.0388977381672
405.3193008382427,124.80080403194034,273.60901875708345,448.9691608726565
404.59039777255487,124.62047976323214,274.3511542432222,449.80484173963225
401.7854454768293,123.69951282806517,274.96853278029107,450.80750460099785
400.49476266351735,123.12953078620171,275.38476445382054,451.1122797594585
399.2716579797378,122.33236346398678,275.2374879891652,450.9864411641804
400.1666290325498,122.50676469822994,276.47509014356626,451.1992449240457
399.7672487675969,122.80419472645397,277.04062485102327,451.41469445650677
400.0137124760815,122.628055455788,276.9316324385269,451.2107602149789
401.0004106986145,122.99965521694313,277.0170982027809,450.85026352012227
398.9946546072907,123.58939540085007,277.36096516944025,450.6602835557126
401.0160747133108,127.30245802230218,276.81486601384245,449.99418238354815
399.43275250007594,127.37556217987219,276.94327882906026,450.5031118457366
401.10856611443097,128.1929104740688,277.18664161538015,451.7512067765084
397.3656643768967,126.93757355216627,277.34746530834417,452.47670899231514
399.4957901218462,129.17765199031845,277.32607537926674,452.1936408344251
397.21300335741387,131.11345104739357,277.1390530066421,451.92013456101887
396.791936705539,132.72789825226465,276.8344951072745,451.7094631985332
395.07111115820453,134.22430534469117,277.45294979081064,452.4799809037863
393.66446156373706,135.96877452909757,277.6355653192383,453.72872010913125
392.84973254666136,136.39613017517075,277.8385171917,456.0306827252185
391.5861639296927,137.0490536497739,278.1595034170313,457.1599470602682
390.2296568136195,137.32968821028027,278.4465318360369,458.93822104342723
388.1998609526084,136.38068701329533,278.8892078552393,460.5478438278123
386.73202433353373,135.35554083837712,278.73822213876826,460.7613348871366
388.9945952119797,138.34402542848161,278.29268786860126,461.18480306196915
389.2784826267596,138.56542885297608,278.9924809120424,462.19540361978716
387.8065168860069,139.84628773605053,280.0603167409677,462.4263761307379
388.19399499146056,141.96961249554965,279.8981332928357,461.70319439089917
389.05751717919753,143.54712079911235,279.0787479115596,460.25775701312864
389.8866749695754,143.84560110428927,279.33313691778665,460.1167780149803
391.0885737767234,145.04418186791156,278.96080173444454,459.07814915489575
391.33474871778134,145.21411081272163,279.317615682609,458.54940132966294
391.2763763288789,145.19881241225667,279.9056665161982,459.5179422448011
390.4713814959321,145.58781899571272,280.146099874299,459.6658244707837
391.0160365656363,145.83772441422252,280.36412451558374,460.3538730497721
389.08431929032145,147.09573091152748,281.1243700746668,460.29818338890243
391.53508134968,148.10682653296885,280.91023246870606,460.36818288851237
390.442173653996,149.62672149849584,280.77953384487625,460.0990674245452
390.8616652180557,150.2200477085106,281.50506237351806,460.3534831769705
389.8720197450719,150.4691175520153,282.47021462090777,460.6163686803145
389.8266267188174,151.2570670450718,282.94958695614685,460.7198809862776
386.739929005604,151.15511821728808,281.88696610907516,460.1602692491067
386.2415850328841,152.05706441608567,282.0291146601363,459.3477829346185
384.9079843267062,153.8179172063888,281.3707385750098,458.0820921779258
382.19424355321024,154.37470319470822,281.8409595133286,457.9349454413268
380.07538358209393,155.76605005477757,280.7276271713205,457.21997428016334
376.49886192002094,158.21493776819227,279.8272246794264,454.53247807963703
372.14744931666746,158.81258366517596,278.23349532070375,451.837695309336
369.57853905501935,163.09892528382005,276.9876903366452,450.5957444176289
366.55576695171817,166.4315145667585,275.46174187128094,447.62928916794465
364.82699404537635,169.02051544960364,273.9514803910264,447.57404674444797
363.4830381612977,171.0533251637496,273.73403575201814,448.6301976980835
360.52315967738275,175.0409050328467,273.48205028057805,449.5287924612321
357.78291577958464,181.56693060794476,271.6375034577966,444.5179543466195
356.1896883166163,186.64009231622282,270.74588202112335,441.99371173298084
355.18509591404563,195.92851428467125,268.2844476246046,435.4825721417871
354.81601311954944,196.76011286378818,266.53349726015153,434.6135717084449
351.3451132306568,202.26141140846005,264.9157686871067,428.63762600154746
347.3270304907762,201.71296966371114,264.37550193877956,426.1746483078788
343.2420332565231,204.6091380812315,263.89085811688057,421.85773540491357
339.82817323410615,204.51441409297033,264.2304018158892,420.9788354505277
336.4168865333285,203.806590318095,264.9056826034613,420.40873220586764
331.70881570046015,202.7613225397984,265.99129887094364,419.34931487397205
328.71069074393324,204.39833436541764,266.08781476376436,417.227914280099
329.4506496037124,207.7655325841554,264.9578535268548,415.2895517018764
328.1523979493026,208.2368581573989,264.69771005947507,414.7945737569504
330.2851163249699,207.34629696511684,262.87104527125996,413.75123539665674
331.9298037915781,203.89610574990942,261.7984011710972,414.52256661857547
327.78825308637107,202.59066907695015,261.9784857281787,411.6438812677472
325.2628596537074,200.91076640843323,261.81074670697046,410.3979145863484
323.28338126256745,199.90073517256656,261.71564446062484,409.96117302098764
319.10168270931376,196.57333578727685,263.4901848700497,410.8290002225058
320.7408688741597,194.38295304099245,261.9735672915633,409.97329883046154
318.2636458046803,193.80057369885225,261.8736148938399,406.9260585752278
316.5103822862179,191.18812073578198,259.4594633151946,403.2506377725475
313.6603690476726,193.98029204404088,257.2526113209108,395.81467054798986
311.6606383739085,194.76729358778675,253.70930085218527,389.45452415758064
311.35626543109595,194.29837759923123,248.48464982618935,384.35613939885184
304.928492094823,200.61656260403308,246.36510742555402,380.9549321242335
298.6758666491102,199.46480179973906,243.1707590509274,377.4113034070464
296.70652222259724,211.56421641893763,241.17022604497504,374.0341084612518
288.8510943985559,214.7007811020402,241.87891303766213,370.9472335963894
286.46702060302323,217.08131521608033,243.12244152624953,368.61492756580367
284.1501553752256,217.5611003290636,244.05860380366784,367.3716442374964
282.3273868324456,223.88855743065625,246.67056070524507,364.42938891645224
279.56989650135574,228.7962217751002,248.47367403496622,361.9161699458871
281.7104970305022,230.0876390845612,246.04656092547245,360.9047461021497
283.8477242032101,233.2658066494389,243.57736461571653,358.53746088389335
285.89323608163164,235.44709587284206,240.51658377879525,357.3829419864187
290.253513378402,239.19435814667287,237.08039913078068,355.1423966448423
294.5273857969502,242.56558895868756,233.26240969529556,351.93605352819816
299.1133167326117,245.27883521960163,230.6017964125346,348.17040461713356
303.62282503112004,245.23141396812838,228.20596783431677,346.1186709539271
306.37715687712,247.9459076312775,226.73989762147338,343.34770698502024
308.50372590747213,248.66772572058744,223.1364435727053,340.7098621844216
312.14417950862156,249.84228157740307,219.70814123643424,337.0811719042391
316.6385827722756,251.65410719184774,217.33381901927638,334.0284974691158
320.402797089239,251.30581787869886,213.45852544661346,331.04076255972325
324.8876320579165,249.69861231561686,210.69491448829297,328.80560016904155
330.1351658605231,249.5146790107261,207.68121971633178,325.4771867762291
334.4530593003223,249.40779918507644,204.87042930813834,321.6325438892288
338.95530754050606,248.84571360338754,200.9799064453245,317.9020888738652
343.5757643998995,248.5346086520131,197.66274360391793,313.5810552730435
346.9372811811943,248.43766386194352,195.20396031980135,310.385075878497
349.8112003616794,250.18242523747313,193.1925578490288,308.14665426364536
353.51779744739497,253.32996792275026,191.53152947197026,304.9104649578494
355.8930439109641,254.8203890526089,189.80994813540826,303.7823876622358
358.0672039038801,254.67447232814936,187.42203326088904,301.0991139181617
360.3361770601033,254.6065243662861,184.90394268612891,295.7922794150999
363.1824764424664,254.54345014710628,182.9260303151405,291.419237046117
367.35857581331425,257.4713590683393,180.95048286052366,286.5381177471995
369.67404506621483,260.97236766627765,179.10200218324422,282.25333683176416
372.285227334142,263.94444020361084,176.95878593993132,278.6405957278162
375.1045556282655,267.24769440977616,174.04098768717938,275.6670886430002
377.08483057238345,269.68117511566624,171.52455582186215,273.04751106415154
378.2865126625088,272.6817645855444,169.43136205367495,271.8298046623896
377.78881801135867,275.6248482327995,168.62179897293396,270.196188923513
380.3157968245591,277.96129865295245,165.4795647218535,268.3066557170267
384.14597263447394,280.9313483178946,162.7576291062047,267.2539813329736
388.55470239802077,280.21398927842176,158.98951793345066,266.26050274329447
392.96458433312057,279.4255217611781,156.28211930907017,265.327344565654
397.5371283750436,277.43123525419645,154.61367001916938,264.0183473510407
400.5516923648147,278.07253843615297,151.88499379515082,260.76537629730075
404.7730514109122,278.10314189602565,148.41976231336838,258.39147649692484
402.0090726615763,283.82347919278436,148.52397274935726,255.75661569277509
398.8804110857783,278.3549500592136,148.01018202842508,253.68782221431115
398.8571488633863,276.5975035349662,148.22805117068452,256.6980188936347
397.77497256839007,277.79225760911754,148.8449286611134,257.0331687577222
399.13127779456715,278.76721427474337,147.63667232806006,255.38159825045284
399.8208067198746,280.0285235878763,146.96995179252772,254.57524208394196
402.51652676225103,278.7970547844506,144.14463090180567,256.02929073090866
404.50103581916323,278.9500873507504,142.00734398819947,256.7834483432508
404.7801594537357,275.30915034783027,140.85704545143065,259.18444294693046
404.990291341894,273.5864510145185,140.63082724858697,262.2728338418235
404.32260593647464,272.3682004619407,140.8191531623462,264.10471025835375
402.89001451182406,272.1745593857247,141.70415491366302,265.3576807347604
402.6292449732267,272.9886191187619,142.500544031532,264.9847879999864
402.22237832119424,272.57035498070115,143.08620899875243,265.9333560880171
402.490773967902,271.6623180782102,143.39631375769744,266.28097088287467
402.9150888815043,271.7006919277237,143.82911095628785,266.7957890312445
403.45197333565716,271.8232620097684,144.37224261122216,267.59566479828453
403.5090101000808,272.03528248289376,145.18697157260934,267.6957609913543
403.2307131573116,271.0922754372363,146.13383083352352,267.6949776545381
400.99862177045975,270.2904135256732,147.46319505330257,267.1165444380219
403.7987619389269,266.51798615867585,145.72020617640553,268.9702847463575
401.5982302549822,266.14964825984316,147.03197463386405,268.1476913541882
401.44221770787703,269.7499894127477,147.0797194088605,266.1369680976041
403.4911706155789,274.4204922607793,144.5190478997922,263.29247529140287
409.88488581049955,286.2980395672623,140.95229107104703,257.88194320895445
411.55845600718953,293.44059934320404,137.8901593763689,252.16039272597973
413.0057709863921,293.6535840153973,135.32263818857265,248.81119821717965
411.90206526375783,295.968586455243,134.35348541722746,245.9295837736609
412.83317476313243,296.4987689914458,133.52998559572444,244.35811662091004
413.6349318790091,297.39880787859016,132.58499659247138,243.47606046594126
414.76852689670534,297.9422039759987,131.8577119859654,242.33572985181792
415.0946161569194,298.3197513957207,131.70843633094708,241.1290736508226
416.42625728276323,296.0705003401803,131.41353271848058,240.69321573459024
417.25903953331476,296.73974395019513,131.48192515039906,239.73660486400962
417.83397684970635,295.7617829421583,131.58749647479976,238.95877701359777
418.86825110461064,295.9587115436147,131.2607417167078,238.1812314800346
420.19459633916813,293.48803581630335,131.1790165376624,236.4761033280289
421.01854221253046,295.4253029691744,130.36543162706593,235.63675912772499
422.22379765164,293.32337308090825,130.29822180666247,235.2046721536164
422.35768638424884,296.145618661972,130.40563111259917,233.95634016354705
422.59088549044475,297.71618871171404,130.57077492720398,231.3885876868963
422.8159254533596,301.18458985649374,130.5231009190187,228.94154674987595
422.8703062569192,301.33475162565867,130.62311083871302,227.07984783198364
422.4247378136798,304.52540617824513,130.45683057087973,225.84440512085365
422.6986742332527,308.5576121823458,130.49789304734293,223.61605459031355
423.29798207407794,311.1259166304276,130.66949778843724,221.42866539782432
423.57297010925515,313.12181082802476,130.73733202701607,218.9135907792184
424.0746335690021,317.0433421830958,130.96422387564195,216.57119659477218
423.5894559541789,317.81108541466466,131.67528537026104,213.8256924505125
423.5269679663748,319.4127072810002,132.04717793799037,212.0841684691994
423.56624857474225,319.60875737800257,132.0154169025251,211.47093142209593
423.06742845689973,320.79158814534844,131.9428822057303,211.17903993363825
423.1524656702667,320.6245019793097,131.8439904174031,210.68766933892738
423.89625798570734,321.10838303207686,131.7620298185424,210.95425100055917
423.8343665550262,321.70104369025995,130.9200473228872,211.2526182771038
423.36969025551576,320.5292058291309,130.6365436291834,211.49765141170022
423.6387729615768,321.54014762744487,130.1872788576681,211.64340659375875
422.4486332973059,323.41023085151147,130.25666226641025,210.98310798543875
421.6395957166587,325.3039777439597,130.46276335524828,209.22674880595002
420.57967728131194,326.5594411800321,130.5923975606128,207.13686521059205
419.9017269607908,329.02701928910403,130.82038019666544,204.86140819403198
419.3438954864943,331.57445208753063,130.5402307530236,202.86903302228868
418.22851581299875,335.07595561623975,130.5859000350123,200.78871874059678
417.4709340552197,337.30415690891476,130.70421213016783,198.70624517898943
416.5960971636496,340.846493685851,130.8148450855569,195.6787024387156
414.7260172554869,342.91706796644786,130.54633171081173,193.79678091495168
413.826665897319,346.22636018099337,130.01838976810512,192.14793735347538
412.8985095461321,349.5363950917671,129.64359690445417,190.81264088168993
411.7669423523498,352.38079514693595,129.97521381021483,190.22781416002408
410.3164426531258,352.82766593525116,130.40632499836622,189.75443425126517
409.1581657767722,354.64803110096614,131.10295420578547,189.2750670446826
407.669402424393,356.8393239068276,131.03042874455863,189.08147965531077
406.2500661255407,358.5151719196343,131.07082897097115,188.7213109486517
405.17105203539916,357.9401547680383,131.26667892096856,189.15563794975026
403.9244281459965,359.1244323668999,131.76452758230414,188.77223010901406
402.83687153551966,360.449138847732,132.16837982646643,188.3323024397846
414.2526512615471,359.88480776938786,131.41924835292718,190.11022666712873
410.86587982005204,368.43332846257937,131.73787857341122,192.6657273950035
409.28892396732874,365.3931729346142,132.46194184631693,193.03940440628662
408.74631896092023,364.61540724734596,132.61122607740708,193.40793181067698
417.61392606123087,370.82368162448796,131.95307257624867,198.46731613134412
412.7576986712116,362.09670552737555,132.8882093554938,201.7865913922803
409.11610581411844,371.5190318822073,134.68608928354723,201.61107663732875
407.7612508282389,366.01523722697544,135.35754308694092,202.24008966910594
407.1862297682037,365.27739756571384,135.88130007126534,202.46560042969378
406.90242704518874,373.94469656543265,136.6802921192201,203.43545914107153
406.5482465686471,364.2804949963405,137.31714217621675,206.10319295247353
416.1988998817933,360.7390311774873,136.40101888427483,210.07697280308597
411.4766359086186,360.1076605440672,136.8722745070158,210.48494472082788
410.2123478522955,368.82226020218036,137.8164084809902,211.17744378411822
408.1516673435563,361.782648712257,138.93693074190733,209.96107922429195
407.83724460789904,364.82990497571905,139.6243287838629,209.79137376905373
406.85845579561123,358.34530354667083,140.0798922482823,207.62169494380052
408.0264928057248,363.66405048493107,140.1707832263004,207.02618753273416
408.2591123963311,366.09763755571777,140.529124131319,206.9178296333788
409.195968354126,368.01146472311643,140.26080908252752,206.96497455013787
407.86632257017266,361.00966834449537,140.05581065142616,205.0695194558175
407.96969075637253,369.0436796575199,139.95740724082407,205.11431840874803
407.06168602588843,370.5576254524045,139.8674760498987,205.46936258138402
406.5014085655598,371.60694761348407,139.72418421552817,205.69149305284986
404.0757163292375,365.73774045029927,139.83871747281026,204.04462486274002
404.49586213603453,374.0709640467904,139.60616363883344,203.97707369636905
405.6616875941532,377.4210344137738,139.57755990277187,203.47061754034422
405.24212181703075,371.133591824733,139.119122420533,202.25386339042277
406.7452898509606,379.46285437360183,138.98473078016357,201.44355911788045
408.2615292315574,382.50762502814155,138.88392840675678,201.3959842470945
407.4164822556795,376.42659807317233,138.7079733072278,200.41993371825117
408.14274799082006,386.4209820678583,138.72944968187167,201.19134334118388
415.21879201295764,378.5898823710401,138.98968368196904,204.0025324122495
411.8170076015567,388.9466814835793,140.09458116382845,203.41115327286442
413.4316835252801,397.7058170099206,139.06961006703784,202.97711836520136
420.8845341424195,390.0641615799541,139.33701216527857,205.35769732968765
426.8991404224322,383.8346542873577,140.08411052596847,206.80153514180915
434.4454883764515,376.7003491437731,141.34819180909204,208.1701019414295
443.9265206210112,367.44357308759305,141.69100746218453,210.02184413252493
452.8884282242818,358.17977841312813,142.92011583962773,211.525007974863
464.3349768001159,348.5258445031878,142.88928713583553,210.17493397650642
473.2472220135925,333.88393903631766,142.92462375050835,208.9045571355884
471.67726045292136,320.5938009236921,146.89109282560122,206.1045252095945
481.7891341153431,303.2663535472314,146.46096656399013,208.01511912023068
485.6992495034297,292.66769489762794,150.36460511154735,207.06912396521392
483.1081560451169,272.2789184441832,154.3838829972586,207.978592918246
491.6941938803933,260.5669806380839,156.6473599237517,210.83171543291036
489.5121772340733,247.76941876472358,159.22382774664993,213.73345500909883
511.0181794730172,144.92051094789838,153.18521957003173,233.81921009587427
497.49368436697176,237.39355528236888,155.6656863751401,232.21793954216764
493.1911816501457,241.38560221169604,158.986083444687,231.90519520896498
489.993845956079,245.75983305142466,160.941071395473,232.27641202682216
500.26764665548785,241.52089880468182,159.74539680024418,235.21048922620997
492.73653763579256,252.7233396326262,162.3203482991074,235.3149421345302
501.73368915811255,248.06122671919934,160.39377138972134,238.80694549968345
491.8467111761905,260.0939936604602,163.46816146611417,238.04443590915383
496.6213442730639,275.97255023310595,165.763026742094,237.6305577797316
487.622241868262,282.3121161612031,168.29008210711777,236.55776156349083
495.44148613873335,279.1105682725437,170.7135461571175,236.05958218288123
500.14065693517273,294.3263467582002,173.97161382784952,234.377891697164
508.7656387825049,304.9385799844051,178.23181439404942,235.03408434814764
509.4390889568029,313.32752317326276,183.05818999302426,237.0193815641824
509.46011545220136,322.4774721020507,188.1980613453364,240.21540960992684
501.4488297865114,313.0819113802632,192.00936615907725,247.31020765872643
509.10166304800975,318.07211486453355,195.38359503708153,253.73845013476577
502.4998763178843,316.31201856222515,201.71155242372396,261.4973850909145
509.9061755906634,316.1221303760392,204.1100153558269,266.39787622311314
503.1185524704284,315.0997175582537,207.73093305930962,270.72237042824895
510.05716588047744,320.4393043976969,211.2777270064234,270.97442157236065
501.61295542614965,311.22965158519924,211.6384417688388,270.2749070069263
499.1040959146237,318.1026612507348,212.23891445018535,269.6625413166022
497.94558750401967,319.91976530265305,212.66791647799744,269.10777285281085
496.9554990294848,323.8902782451963,213.24764665449175,269.4597538646969
490.27960616116496,328.3344249206682,215.01163236519156,270.8507488056843
486.29310953832993,328.15874946925067,216.63816097691992,272.7140111007313
479.53247398864823,327.7095190701576,211.29248108751386,280.49336846721576
476.9689614363235,333.58281279102437,205.89468586440444,287.1968294721375
504.0981635535834,187.4502605716465,198.88987507470898,306.1914566159714
500.7639661306316,146.2181106412547,196.5633072283518,317.84682703339564
498.0907088396902,145.2608694226061,195.33923226784563,321.0030122657215
493.23871018460255,203.56932812143748,193.08048009681977,336.3274553416916
491.8058966341457,193.5291506973267,192.46180634591155,349.05665109414895
491.14097378355837,186.63883737570967,193.48288288061661,357.22818216395774
491.23605810969815,189.24829024812632,189.71030651540073,371.5348291687582
496.1199078618223,174.05402973726507,188.2926016705763,381.9005459302268
502.71354962064567,153.6958498541226,186.93110283615704,389.89034319651176
513.2870060102251,141.3497340038346,185.23362052269633,394.67247205284946
523.0825602435593,135.53377778329917,184.2846820084206,401.94469335088445
531.5800262567903,123.57368987432736,184.7761257906744,408.1274328742724
538.4623251230711,111.45436201208003,184.89765648371105,412.63169452528075
544.9481274876407,107.94963685627266,185.9413801618594,412.87570246552707
553.5347887162434,95.31381189512535,188.0946034199859,405.87899987927676
557.0634522571562,87.35242518949624,192.91044909817018,389.07281516065217
562.468686011314,79.73585069860712,197.82035760456392,372.3215948644763
565.2229569481638,75.99277191448783,201.42370461636247,352.7834566258301
568.2697471770321,77.55118900194964,201.92144467330502,332.25261335666823
573.0289264284532,80.55892661093193,200.44504021098993,315.68855415432864
578.6638689734411,80.68115408000133,197.13226457230792,301.7714717671542
587.2384341093705,81.56602047476667,193.83470061514652,290.6927732946401
589.981898848034,87.69807904126031,193.07033774243376,282.34101659141663
597.0045315617637,95.82417128192532,191.87085364126847,278.47512838236446
593.6020447347726,98.67469118173094,194.03726652330857,277.22703762984185
588.8742188225956,100.80563496713458,194.64172110492555,275.6326789267561
583.4183929956496,103.50523102794494,194.87257804293637,274.89891878145374
577.5822382158863,106.1415679707975,194.6129294039156,275.6877015760465
570.5541321135564,107.9945626015427,190.4239118875059,279.2971062392692
561.5860610564912,109.93921661100799,187.66127966386784,282.0884455935381
554.0929412069204,111.16817679149506,184.98157430990892,284.8619176161394
547.3738273772774,113.15416728661003,182.63655688252504,289.26329725975955
540.5930452599559,115.33130704626319,181.21529202323467,291.6529695379386
533.4462310772918,120.26098418940344,180.12522764716897,293.82529821979773
529.0467052254509,128.0702600522891,178.652931351278,296.1207708470538
530.1055676945367,130.69595582785976,178.44302973730987,294.29293252429073
527.3338685909239,134.09730616540267,177.43861834370546,294.8617023005599
528.7350657206679,135.4743332140336,177.1651270917248,293.74594683401244
526.8071733257822,132.91391869039438,177.27965922074492,292.0565484871869
525.7548753164882,134.7393541782148,176.44950158294546,290.18666191324894
521.992520523945,133.96115755091463,175.25064225171099,288.82333404129287
518.7028624065853,132.2818142368642,173.77400164591535,288.7383730463316
515.4549991586443,130.8885981191767,172.35212321854897,290.1198171120365
512.7033669685585,150.07690627676396,170.26667633697144,292.010607260485
507.7618383183345,146.03146134953133,168.65873060092028,291.5806106937467
500.0685371421573,142.3070182368311,168.77078728371902,287.88452221059
491.89548152328484,142.86272677273718,168.50834177402749,289.6765243949882
484.4133853189158,146.90609282105527,167.98309326479682,291.58371548560785
479.73737499560616,149.5906841526599,167.7675298736354,294.63049313428826
476.9172707380202,152.10623392465476,167.25420302274892,297.5219032605561
475.60950204031354,154.02490803028,166.90216892119872,297.9155774072463
475.29001599055346,154.3795360043882,166.96763532108434,295.9397539903867
474.8035464895796,157.68118568774062,166.6279930222966,297.0683543619936
474.40240712988367,161.01528650450618,166.63624286347647,297.4280839418414
475.26586769519577,162.49759188938293,167.77381367239695,300.38756975640797
477.49125944136694,163.93594847809862,169.12888211639498,303.51066298309036
480.66635156547864,164.81825062578298,170.39104165631852,306.12629483655587
484.4469248360956,162.54919797464115,173.05169115085113,309.47185389040357
489.1775809778034,165.34163789249945,175.04547606592192,311.6424247802424
495.1953732116332,165.11171345930273,176.1459656644244,310.45217138890723
500.23375899815,167.16073301143626,176.94461752278733,307.271418144225
504.98214963734233,171.5362430821502,177.74234422474936,303.37939248674485
