396.5,278.5,55,82
395.2164664480283,274.3245116486001,56.119208889565066,84.83938336097242
394.51758780442714,271.5783356679031,56.70500565840722,86.93495721567692
394.1379854976586,269.3897723063729,57.30840550373966,88.17655322851707
394.07335177693176,266.73282956079896,57.66588323049926,89.180344363128
393.4975933494857,264.11844519517797,57.89765207714015,89.95203988270008
395.13551072960036,261.0305093234728,57.59713908662529,90.60376077772173
395.6143698016694,258.9064402219433,57.52048726481387,91.15959270064474
396.52305313752663,259.1247225860812,57.18355191138243,91.34817716279473
395.91023804952954,259.49561376668544,56.92292334218311,91.45503107115567
397.3289514598571,260.033074288698,56.708009815748,91.53267717533916
396.8922157909917,261.8413935277813,56.357842142095706,91.64867109577787
397.089917630846,262.8401904798565,56.18601020992854,91.90393511513513
396.30664409477185,262.89898654879323,56.46844447098827,92.37698495266456
396.0740232111971,262.0746590677545,56.79969572683963,93.01118352340748
395.9081070975924,259.58143169726407,57.24359353006591,94.0085380465691
394.0716489136284,256.92286492760735,57.69567468910111,95.24988070377192
394.22812527670027,254.49957033649153,57.695845546750974,95.87257195204364
394.36786974761134,253.64943708872457,57.52540395819658,96.158993504531
394.67299612446374,253.3092372256245,57.314024503852,96.41417145972929
395.21420609641376,254.46225872493653,57.180904253059595,96.21602884219348
395.45785335626056,256.2635069962349,56.95710821845427,96.78231167276572
396.64704636370374,258.50604870200436,56.964665377930146,97.52196304439946
396.2198407658697,260.7495039484857,57.076221739995226,97.77353931825186
396.75496560433226,264.02925742084403,57.05845788670144,97.91413613330083
396.1876892924805,266.48778438140704,57.20489460368964,97.98019168635699
395.9539911460105,268.1588244383299,57.18855581209596,97.82527397180328
394.54934775755186,267.16487162627493,57.44877389966686,97.12827454372814
394.0331118775325,265.65198400061195,57.34821679484506,96.54775158681744
393.00723963484245,262.0153031067117,57.67415039479573,96.07477119245846
390.9051662721332,255.58343233260752,58.5795889197595,96.02810853534461
391.7956913358904,248.73398302841545,59.37400399457664,95.94004463457344
392.6022620539766,241.4292683192657,59.66271254352708,96.53782492109801
392.8923392953777,236.9759045678411,60.13198616607909,95.61780166863718
393.46988632463575,233.18507343957523,60.884767645435346,93.93059738616745
393.3074338420348,229.84189508151317,61.374232690211834,92.26074625469637
393.9110031120751,228.21079501504875,61.40691188866419,90.2242574990754
393.46219663508197,226.51682237907542,61.06790501251895,88.75170958788608
394.40269424390317,226.7460846033598,60.93511331088303,86.84341981472473
395.065179837847,225.18923540844077,60.715011727106074,85.45261495444075
395.22465750064777,225.2175207419732,60.023558991922386,84.63770023315377
395.72091026809335,224.6565999640069,59.77327987886423,83.8252836857157
395.1101482765223,224.32990259143057,59.1893281501839,83.78206869537944
395.9668871121339,225.4055367400376,58.998679177118916,83.39494207697548
396.7736660493562,226.85144395512287,58.50438185221962,83.49005968606582
396.7189282858507,228.70842611415577,58.05445133713163,83.4846863523445
398.0360316382026,233.22600755880876,57.04668026990189,84.659720911769
399.5724029624175,237.1207410556711,56.02930962121263,85.84809434162835
402.3440279410697,242.92574796913198,52.75580334486216,89.02592803362742
404.6852033341338,247.6836087459691,50.517317142703135,92.04908778183307
405.41127021332596,252.17832707504147,49.503557277818274,95.3012263647772
404.0983343604343,257.9074984961488,50.51600182143116,96.69487899070225
402.1567305990893,259.8450687820454,51.377403342457896,97.17420294985378
400.40197341481104,260.4129513751097,51.881729007477475,96.47582892564387
398.97525273818786,258.0649568791391,52.439387079397505,96.15465416407551
399.19335565694865,253.3616674513833,52.31308635366564,95.99754760241186
400.16116020627175,248.36384336534817,51.68269201770713,96.05879521601042
400.794276976802,244.8692480314635,51.00153397427394,95.96030554396653
401.15114989079945,242.5571468976388,50.365637675962645,95.28965746218967
402.03442007151915,242.24310333136094,49.856826368020535,94.49380369775744
402.76081084567,243.57270883739162,49.12648935402063,94.44977890014314
402.419283475888,246.48623707513832,49.135517961954676,94.32953003802257
402.11690304832587,250.59726352009298,49.1957875856374,94.96385570341107
400.7953551624965,255.90273052173856,49.97382219339382,95.49069426023954
401.4467408213941,260.82200813494916,49.93689247887774,96.72652563049806
401.05257075024724,265.85907016370743,50.1220094165588,97.33041155985899
399.8448283293563,269.4617256541206,50.03148992484454,97.69027754283874
400.2871572304763,272.8283342478459,49.658250405590294,97.66552307053718
399.8742450765361,274.2791936776384,49.35080325770584,97.67352487020813
399.5111691305793,275.2633353273373,49.04344064995516,97.00423265490903
399.55701224353913,276.21152458687504,48.743599835097726,96.06394446691118
399.31379147184236,276.5038163878485,48.55057083939823,95.37507145991643
398.85656474213,275.62669900000844,48.487764603292995,95.31029597787548
399.6925662794777,275.6238291950668,48.34731610833239,94.84894760367372
400.2268491721701,275.7196353067288,48.24385031331555,94.35724098447382
401.3006875269101,276.90463888383584,48.114107210936965,94.67644662933195
401.26095840690033,277.75651116481663,47.836761050274006,95.54738048839096
401.0256729486758,279.7934487632643,47.65925841268416,95.26380756810693
401.4789808261991,281.75659873902623,47.51951089131822,94.85289562851545
400.46603830547406,281.8092514793192,47.648751221273855,94.41404204912698
401.4984244408429,282.22820932923076,47.83756905750033,94.15062649283175
401.6097735262018,281.294138214947,47.91727716801526,94.07695835190768
401.156146485897,280.1323164635219,48.14016514163795,94.30945014043296
401.1384935039458,278.4337876069342,47.99133414861017,94.50562446508914
400.8863645110361,278.35965378503687,48.07154290599974,94.55869187572227
400.83646610478405,276.5881052876945,48.23926058958282,94.64222919137575
400.7200289370059,276.30376263275343,48.40743420244472,94.81529814869958
400.74975181654975,276.1376782050094,48.29031692994869,95.04288660926395
400.7123725342115,275.2657198782229,48.486526686229226,95.22780253232244
400.1503874797444,274.3246198191951,48.57787410019432,95.49156655227934
400.60706499017,274.79133038496366,48.8054447251714,95.56970919866583
399.6571558281312,273.553579798373,48.984565527085536,95.85042239272119
400.1636034321361,273.26242946515515,48.842530001635694,95.66413576791616
399.6366253476318,271.26682270529534,48.89231229578928,95.78382376158908
399.5205431677183,271.22182536706964,48.737456931962484,95.12561736582437
399.1387633725254,269.3250217248153,48.97704621642865,94.83619633383519
398.40348438713363,267.53498050688927,49.30134392567652,94.44319122047767
398.675880840665,266.66129126894816,49.19702862824817,93.60202461236025
399.05061710538155,265.58997660467077,49.02838160645587,93.59502315592667
398.21577802808014,263.4346899360339,48.83659812165445,93.6945326313535
398.0308833020955,262.5057246034057,48.5075322927476,93.67995143290136
398.4622385895088,261.466388400813,48.51400406617232,93.76153647865837
399.11908858229157,261.01076187750493,48.364059497476916,93.8901655190032
398.4765913463545,260.91769153343404,48.234105982748204,94.1362032685823
398.8928992039066,260.58595309667703,48.29701935900215,94.71136589198476
398.355416231846,258.8397074085565,48.35817383404538,95.2794850720284
398.28722412878835,258.84805657456,48.399251829940766,95.12125299270586
399.21298429824344,257.85015033935804,48.39006743043794,95.20775738720502
398.488119404849,256.5018985518915,48.3273804968366,95.27086719764225
399.3474445599859,255.26881341284434,48.15326641951103,95.398904140623
398.62300157913126,253.6852774983702,48.15048566845937,95.73825318171424
398.3952598916673,252.13922911913338,48.16355595172777,95.10901739013907
398.75711341010134,250.4518479142378,48.28403438639436,94.88518346547285
398.8467673733573,248.08362870090951,48.2161751501777,94.76482705799245
398.3273105151925,246.75508011948105,48.28468239382434,94.00764237575657
396.9205215932449,245.88743327958863,48.65598137572,93.9289110111002
396.0752065659445,244.53845884268645,49.0228820344545,93.69309995715491
394.6893597641549,244.59619253537306,49.28811067984272,93.74565083834037
394.66108580912334,243.95998443709104,49.33765343109407,93.64724424761955
394.62377425230636,243.50361327192192,49.38595814921763,93.77861897799363
393.4402384432235,243.643543259788,49.491261903156115,93.80527222233326
392.5618223494351,244.0918071321859,49.49935043743547,93.74132391145548
392.0041663590167,244.493329285105,49.58324111452315,93.56503907512639
391.6373038544976,243.27865950977036,49.5275169086261,93.57545310203776
391.06227681542293,243.1123958891626,49.45843391421224,93.3725437130042
390.43834203251635,244.07978229092538,49.615750315543295,93.43849355619196
389.6933262530258,243.84714919428222,49.6826426600087,93.79652038390057
388.8386041542639,242.58682644068728,49.574360841487845,94.55371681825258
389.107630776563,243.37554068785514,50.0750167605555,94.82833278707454
388.60898930680537,243.05637503110177,49.83909569292201,94.63140192120662
387.97532736115727,244.2561344312334,49.91473474210851,94.84137899916296
387.30956744178815,243.63103503382075,49.816755908361436,95.31541910353562
387.1278634027477,243.95509417976461,49.838633663413646,95.61949496591043
386.78491452223875,244.54223421875224,49.75928568878635,95.96545233376652
386.1015093108356,243.09414374422806,49.94094036227172,96.58466718784416
386.1739953649676,243.3222777209299,50.04263276318488,96.81752626242897
386.4568859545234,242.97541103808118,49.99193036710857,96.73402823288177
386.6759046505104,243.37502211940188,50.00273082165213,96.68344487896766
386.01406246328656,242.21981186506304,49.99727906290582,96.6287473609119
385.81073624317696,242.37382758448848,49.85779190523225,97.08987976903066
385.76952458715397,242.52055184310404,50.08984203855778,97.62605203036011
385.8927339321194,242.38485648316575,50.17510075565318,98.11194924225543
385.6257674030686,240.71153415753054,50.33004405764744,98.65605526017933
386.01653203213675,240.77795245848415,50.67161722604004,98.44220459878804
386.7038240819763,241.56003203135782,50.60892563582151,97.98834122559323
387.0784016626757,240.11132086917178,50.59701460360364,97.61132445351453
387.59922827083165,241.82318343696085,50.597532865563124,97.08490337601134
387.2908344776945,240.06267593839098,50.63189187727535,97.49744435696145
387.64405254325715,240.11384501271576,50.535298642611565,97.98747916220367
388.4880493408991,238.44738063362166,50.43423746805817,98.11554079583439
389.0791062941865,238.27942672031236,50.505939689260586,97.56693190644955
388.6336624004638,236.74942712794237,50.39531924077456,97.90599836909786
389.39310185479235,236.87421259981267,50.27003686207807,97.79996934256212
389.5806016850466,234.71321881789692,49.792282869444406,98.12119778163773
389.8974885703652,233.93550010698857,49.582417451659026,98.60248952874892
389.56235457794315,234.13315999653372,49.46231372048065,98.74915991060075
389.2495985937152,234.1353151695874,49.61474946460958,98.09065234845947
388.5916239219964,235.53294603868574,49.78803091845204,98.46920562224092
387.75756068400773,236.9940728451357,49.93244011022685,98.41321253790544
387.00019474069245,239.46025554538437,49.93225498082802,97.28228236957055
386.5171065129417,242.9294689038299,49.83681906869942,96.85558012472538
387.22943709658637,249.1289233273065,49.75319851267726,96.00573782135132
387.75415459756624,252.17711744649893,49.80208566380894,94.95930447417126
386.4053303351287,256.8480828361374,51.17077484286638,92.47617076825863
384.82675340384895,259.40382787441655,51.81089775106498,90.84914581392316
382.59551983137425,258.72859324876333,52.23490893287969,89.62026983894181
381.0206451403959,255.98548026265746,52.36607716287405,89.87115855376828
377.81847770004174,249.71391702610242,52.573205546389985,90.79288037905118
376.95810150550864,246.42826467888926,53.15533791649711,90.23941443215065
375.9380998333852,243.47115377927153,53.79266575129121,89.55454803939999
375.7299350909206,242.04258010581532,54.15998060828694,89.06568565501973
375.22987605847055,241.5575350949193,53.934691668830595,88.60738004788259
375.27070038716147,242.99926732940372,53.876178666077074,88.99261284072409
374.63731098422613,243.923357042109,53.963827633004215,89.08273211755353
372.70935457057396,245.80011619359536,54.13149325648168,89.1077312992457
370.32077216467746,247.9796768602431,54.377210657691165,88.90732282987236
367.3004399690188,250.04211340757217,54.51173233736915,88.80088712077328
363.9769208442797,251.5665160465241,54.36837103545571,88.32378122374402
361.20914231721235,253.7260995744955,53.83465938612974,88.38103609620701
359.0015441894425,254.80418607251502,53.096640710181404,88.32005219471142
356.4917350828367,256.7042002886807,52.48290473638119,89.04434674898292
352.80834044955924,257.4299155822652,51.69714807398108,89.31812742451679
350.1411678263818,257.94637058039496,51.288839473595274,89.58262279038654
347.9419731265221,257.4416312012117,51.12487144762494,89.90918341740155
346.07619580136617,257.7079739524519,50.89131150443093,89.55933645917075
345.1998714891702,258.63795630009986,50.78743673423817,89.32747764270468
343.523542740032,259.700277216475,51.441328239396455,88.0056473729694
342.53814551636924,260.3761408149112,51.53051884970863,87.25730121380911
342.6939140339827,260.3831426124402,50.94473795304482,87.07559860957093
343.0268391324369,261.8145178777717,50.62260667231416,86.57299269408131
344.0010955699908,263.4930342569861,50.29456777811001,85.98156371639907
345.0174025900167,265.46430710346664,50.56027236255474,85.19595371527147
345.3155279481785,266.75505925262416,50.59223731681673,84.66496792968228
346.5009816647366,268.8591987371662,50.36743469632253,84.44635542254275
347.36404875363877,270.53389793348396,50.16882069826683,84.06865054568485
348.91034003435925,271.30597988393004,49.970692616043436,83.18972001843466
350.029136956003,272.46687944539826,49.84333708643075,83.11046030132091
351.3320657872664,273.34925663573836,49.589678024673105,83.11882954258131
352.5887489981038,274.03534465189273,49.31037665884543,83.13867147082101
353.4005476206193,274.5264976281369,49.35050908147799,82.73410451865315
355.0651288922823,274.6790598021055,49.133833615865,82.74881666802274
355.81272587916266,274.58670594188357,49.113576485022655,83.1771435622318
356.55773294823507,274.6166287327624,49.06364513534523,83.2184968399869
356.68528417255357,274.7458406960043,49.077616888292155,83.17905051383926
356.51019592881414,275.2616713744761,48.934336207430334,82.85469429023826
356.2426669835811,275.3537881733539,48.813715527625874,82.55565678967788
356.10141282114137,275.7830603727618,48.73085635053118,82.16269765244542
356.3177803925876,277.1969100290477,48.769294881506845,81.45082685397273
355.865358487996,278.0948195031158,48.81156155035884,80.65083170640037
355.7569699139573,278.5780278865903,48.940439006079686,80.67106564478885
356.61780655165614,279.47646588027743,48.667501444640706,80.55050973340337
357.4986990197539,279.02745064634144,48.70885893684334,80.91617493876696
357.7544173632587,279.0927658473929,49.12428586057816,81.3318730812807
358.18346998430286,278.24996028176554,49.12257079669348,82.16349687637675
359.2237819654902,277.9976654387365,48.77089566587695,82.57082813618585
360.53326087827634,278.22325783136506,49.23998462947409,82.65139563927016
361.128680470968,278.26895726055403,49.63504408186239,82.28666957928733
361.3222447608956,279.04788280569187,49.99390089076293,81.56732411473646
361.6055705552686,279.5986494415591,50.302241970645554,81.96906671427891
362.2076535266221,279.47063261188225,50.56771938235457,82.74744847954008
361.91870120279054,280.3537822936103,51.09826389291267,82.94078878454852
362.03896122900545,279.5968492047691,51.12825958040058,83.4057181183589
362.67722436803194,277.6424945325533,51.477870558969954,84.30890831110287
363.7429184728596,275.95371389261203,51.53205306617243,84.97076848777499
364.2147645684835,274.56332578625126,51.4492090037204,84.88931916796477
364.7795325001423,272.0473027509287,51.42674072539426,85.8061823620231
364.0979166287991,271.4273337482478,51.7618418175602,86.57029049787603
363.3040780383815,269.9499693433985,52.044718845616956,87.02373375459618
363.1225062919725,269.61707788395336,52.37062419505041,87.62245185921684
361.9862507238181,270.0240633209733,53.05895902940297,87.44222772837915
361.2440542942421,270.67353623877216,53.16890931119289,87.05994100952653
360.70303406576727,271.7498473209295,53.39777686985005,86.99540854972528
359.96593369857584,272.48203317965135,53.69520393689738,87.18631205792094
359.6855362826961,273.79278820944205,53.631333508341974,86.92098290463542
359.6488569062621,274.0761677051013,53.637733535757576,87.13926697409653
359.73655391095696,274.75850979775583,53.51403247783844,86.88813750489757
360.05768406032,275.0307054128816,53.42938877056585,86.7091444134076
360.2978929243425,275.2678909782664,53.084061885364065,86.4861965819506
360.23962448039345,275.7216393467638,52.860408481857405,86.22240700113713
359.56599879284863,274.729720233075,52.864123956831065,86.48433534787658
360.5058129925352,274.79154570929336,52.58898512235345,86.86494660437842
360.2546148655301,273.83310292183194,52.70000157294466,87.26315411018669
360.6370640432777,273.8249351037549,52.685024241295125,87.68764992619407
361.09534924308167,273.66955232292287,52.96061897802437,87.85078765735281
360.5122863051182,273.0678640376318,52.895860540367984,87.88699680277935
360.462761366286,273.9546934382422,53.28208544754861,87.75782919723727
360.2845925002502,274.72181194053474,53.50016035639608,87.7586540288949
360.03096268808747,275.73367643288475,53.70679957385546,87.90908075632251
360.1363641569942,276.33701240847734,53.83394799817508,87.8307402279431
360.6070472956965,275.7668405590366,53.475427527845994,88.04511665072829
361.9208756476762,276.25784796102175,52.80981422846571,87.78575469929315
361.87883340680224,274.53684207190054,52.592776283226954,88.0938448543056
362.8181606922135,274.3129607414752,52.285741580682966,88.68775653952363
362.7692750115127,273.7700849399188,52.4312809165208,88.76626737038916
362.8724524535315,273.89371624389645,52.44131542032922,88.60479728158599
363.0525597150896,274.2469493040853,52.52623723568534,88.2803824502898
363.0674359841264,273.56630137604697,51.40221637562083,89.25871536424316
363.61198855321936,273.8058813873205,50.76302926912743,89.62744005629946
364.41294272800343,273.68359089033913,50.06516876635338,90.06613229315262
364.14002912673766,274.59206157535414,49.611508211202164,90.67815076961921
364.58805842073804,275.7572398503786,48.71890133539805,91.71190063627249
364.16338995681593,276.33240435044024,48.55674767982251,91.56092480654415
363.6260265500114,278.63936752503236,48.32854330389458,91.13520131533106
363.2912322766299,281.16316655501976,48.25712339013579,91.15762059315529
362.7233372174389,282.96191373587817,48.25482254038583,90.35860006642999
361.32280928789413,284.7796706310115,48.804707764251944,90.60786000739495
360.66960746575205,285.77398065674953,48.90863335735054,91.09739389993449
359.64745788103994,288.05386690008163,48.97784726829084,91.10095015625119
358.8195872749252,290.3545451942864,48.86598246054655,91.47125799655257
359.0389387320707,293.11932561014714,49.255404427046344,91.40293364172933
358.5352729778647,297.2657529378549,49.407356652030145,91.01032369914333
358.48290374984555,302.30889513931845,49.70583176556859,90.47244685084273
358.893229649305,306.39850536607787,50.28902158137288,89.42361656456029
357.8335214102786,308.5273250606834,50.59933993492169,89.39722316991705
354.3589007886379,312.8851244546848,49.865240151896806,89.47031971730242
354.4140553888891,316.02223031343584,49.13442788342424,90.15660251808039
353.5526299093903,319.4689629176148,48.82307507464533,90.59804054992622
353.43183505056413,321.5707882269362,48.750692289350766,90.41297561319885
353.760511539476,324.0553345440672,48.42245559637432,90.22211746074836
353.3511672015204,325.7855322771299,48.535967084365886,90.22257986281747
352.8986178544352,326.8375705856812,48.69794689635706,90.12103358209491
353.21026890500315,327.8584713871214,48.89741491393457,90.63136720832517
353.5254658380745,329.03552775677076,49.27957271309789,90.59423006259334
359.28012783406984,328.3340889660252,49.67525226877567,91.02677889585837
357.23494893750023,330.51534378476606,50.097868763239376,91.15510206401018
364.6683208955624,333.4165924369643,49.89245793122157,90.62973345605533
374.2998487541107,337.53701294816545,50.061382347181464,90.9696810460188
385.08930488398653,336.997691855335,48.21402793349917,93.55236240003745
387.2896281149948,343.20327248346933,47.40547398552076,94.8787137322698
388.8697288254677,343.62098701222055,47.177826809570085,96.02675189602746
378.2143236895841,350.3771977469843,51.828995815468154,91.40370611314555
388.18956606445244,353.49761979110986,53.03196107793848,90.14544745503966
386.5702470675494,358.4566888770913,55.558076207402834,88.07484584695001
384.1467523201033,366.60208949160426,58.06147210488292,86.02683770111503
388.3311650846048,367.54104291786564,60.31011540980332,83.74279913400977
402.6127745765904,410.0314586465574,71.3778015771992,74.2864809212552
415.822116397918,409.4330936637686,70.37617878659478,74.99147912394672
417.93039760380447,409.91690260177313,69.99346699699905,75.14360304538496
418.83266558452846,410.51632699187576,69.87578921273608,74.96915008865835
418.8081009986868,411.1000109497718,69.33476898180092,74.67812929744281
404.37460173389246,416.636265519425,77.71833664896289,66.54616404813584
401.9264564403577,421.0100492008679,82.6792044355511,61.524352853615525
396.339883155984,417.1228520688319,89.60337858837437,57.163303430248526
391.474090690465,422.5147100614285,94.6962802003207,53.93709496000892
390.5209354321492,426.8078747699778,97.25179199087042,51.92087538711816
392.4478635023676,430.30373163241353,97.89270828466817,50.70734369197078
393.12346132960636,425.5585653150165,99.28382839938632,49.37426533891089
395.4699120321151,428.74468473512235,97.67970668225027,49.24192851819986
398.2181235148883,431.08510089084257,95.13707104351661,49.26209785089395
390.4175238754599,433.85417000820905,95.6717973151712,47.79790180060928
391.4291429439644,428.5025710386775,95.1476163518912,47.75220981657663
394.2639756632251,431.1661740559745,93.36581669515382,47.92175222940077
397.4985541110971,433.239355254723,92.11181349356265,47.105175417307265
401.304825415564,434.3795838719331,89.85954758369505,46.896882003153834
396.06061759592404,435.7342349338012,89.47748936128062,45.954542646064965
399.6076617814357,430.3866889591951,88.56742341686248,45.90789913690307
404.0381957355096,432.6572374596724,86.18313783064464,46.279410282616034
399.1642001820948,435.40773784530853,86.93328424142935,44.461732656256416
404.065787223038,436.2844696830564,85.15711249413764,44.39886162735952
400.5396543578694,438.1474196157405,84.5328512011595,43.402606537382034
416.5028343958061,425.6016904012905,75.9266281492119,50.50168673141869
420.8078628239071,423.88478129629254,69.69171720518023,54.949514297913254
423.64756650462476,422.0855706428899,65.47684245749916,58.15891385045385
424.9420762175512,421.4853317086072,62.94340053702621,59.902116268789555
426.06118524150713,421.45379088627794,61.02853026624251,61.02943276623887
426.13000797485586,421.23863231030805,59.88655607182298,61.48579692815335
426.87923328964325,421.1523516833966,58.83628790589411,61.9685606613388
427.1081694946719,421.1876432482386,58.12159347602133,62.08902703295456
427.32392615563936,420.8192172874419,57.520675647403145,62.14789513410956
427.6320482868373,420.81907473820775,56.81494593342812,62.31601515524922
428.1144405149252,420.64863510188417,56.482047780677135,62.26011959946241
428.25497482949356,420.636025558231,56.06201253157204,62.40540071762064
428.5071948152395,420.30733758919797,55.6312759310685,62.51428112460453
428.57777806397604,420.23516696106225,55.80119888967685,62.084411558293716
429.00500473089204,420.1180139405852,55.642037671056315,62.15409316155809
426.4619397318557,419.0329868859618,55.95578827078306,62.34915857184548
428.47710954993136,418.80427834976155,56.29521057844882,62.48274623178562
429.1594742068526,418.14411236908865,55.73740536929691,62.94775726265054
429.5520356385555,418.45346438260236,55.41236941780792,63.07613892612146
429.92574300856654,418.86762752578005,55.135999158586436,63.115835498862566
430.5719304781125,419.44644366188726,55.34953580816333,62.846343905053956
427.04644591477,419.1740718122709,55.87780319458344,62.51679683995481
428.61661115562987,418.94874582198025,55.660874545444244,62.83469911402941
429.28605636217355,419.0651510221631,55.2955217562392,62.95866220933782
429.41963855962507,420.2023731773009,55.778543268223146,61.81975993416502
426.4569300942753,420.27804793947814,56.32311369852598,61.38641687166935
428.30658631454423,420.7583652301975,56.276307847877675,61.32205977750861
429.0785259556743,421.2636322348399,56.04044188558673,60.902739530983915
429.8979914875919,421.84998200333985,55.88805638449563,60.16303543255985
426.68777815413955,421.58760603336674,56.368435787301244,59.68603535357754
428.79027104013346,421.2007938651476,55.90859247518278,60.11824088727761
429.53484111666853,421.41906792937937,55.46501804648557,60.11449716450326
430.37543118001963,421.637326509435,55.180764680456804,60.03529375656635
427.4136435158942,421.5548445893802,55.75198834321089,59.71600216359347
429.4188995501752,421.471989469298,55.27622196785571,59.947220329804665
430.9811689513365,422.43323967231834,54.64591224382597,59.90307900312496
431.2823359409812,423.5002729070288,54.57962518674328,59.062364779988584
428.9022245751698,424.1402972673173,55.21169983944779,58.38206705504749
430.4425871634046,424.7299117550143,55.025621545989,57.87759919615819
431.13604940930725,424.53582006864076,54.92692234734322,57.43098423287615
428.2375338716897,424.9198780670352,55.388981517823616,57.124857638858295
430.12089423993143,425.0559318997842,54.94766494851544,56.90906239655972
427.93830800357483,425.0743460682442,55.308099567224794,56.63496683365899
429.81029213473863,425.2584544175062,55.01714496342074,56.697699227046286
430.4567768899635,425.762117129304,54.73805320241399,56.43514289982528
428.29725282600043,426.0319917638764,55.16478832680012,56.082269719061145
429.9241897318056,426.63998942329505,54.81310257785762,55.622766299714314
430.62899668426553,426.5959928820082,54.50980965014874,55.438272725383754
430.84064753302164,427.2579604576163,54.43702352685342,55.10845769516969
430.77396296859564,427.68994117867305,54.27785699305431,54.714440968556175
431.27877868112694,427.4615790721142,54.083540218527375,54.698122276343156
431.12966014584754,427.24798177248937,53.99376005189965,54.892384740130055
430.98415764736376,426.37845818846836,54.00901047790627,55.06357809976905
430.8062245850303,425.0514563954374,54.04686621276838,55.942102607538075
430.0953670058455,423.4628396202606,54.288512282202035,56.9661197958923
429.5627161189294,421.10679158538056,54.38736157667178,58.48884213403913
428.9146745147663,419.1460939205295,54.37122373473554,60.161573323039995
427.9230533685453,416.6702024576521,54.503283208764785,61.65827025598167
428.56948233213535,413.12592472032094,54.396780633986445,63.712887322746035
427.74858213343134,418.93920437949174,54.94492520673313,63.69250628809587
427.76641328733336,417.43142029720144,54.87206020913243,64.51930773476568
428.4586346812836,415.8286535253503,54.60130445965358,65.93285290566513
431.5255780778419,414.8491718671945,54.92896408758804,66.63563271691855
430.343757847728,412.6446382088417,54.97270999558494,67.62103355642084
429.8802080691661,409.5382687338405,54.86153657583344,68.90348657578966
428.98076584421307,414.32467087407616,55.416723740087406,69.09520007943695
429.7440734694063,411.220553283849,55.42807724446926,70.31067269427854
430.98930124950607,404.27011904073976,54.010463447766156,73.52503490913463
430.3497494971266,410.2485572682915,54.65660973244756,73.46946556004922
430.02615060544355,408.2259034524291,55.090923879458266,73.8468371051193
430.96456320162054,401.1966299469817,53.580767000845995,76.92893796428072
429.8047666280977,406.2123265653301,54.4573849844319,76.81176744486916
430.1971596630725,397.9728163855958,53.57568761078327,78.66998873970145
429.07214768008004,403.5576130057468,54.32965049011349,78.64821311109381
426.94208257876755,409.8992568942501,55.65553796736614,76.95788340293498
426.8202915608613,407.5089978973055,56.50307264943427,76.70731733615517
426.0476217150673,405.141134412601,57.60344328298537,76.47628748488543
426.54051606662625,396.9410937977971,56.15620760916629,79.83617611042821
410.0247432121574,367.4694783893734,60.89791452721042,77.50867404763702
401.0578116120227,365.2940774328271,64.73794189679134,75.70767580508993
419.0772304585447,411.4977215919539,66.04246891932344,74.78628073634815
419.62285403992945,414.0329495379082,66.66654532394446,73.27420783241556
419.3281135874839,407.148818654732,66.64943136828168,74.3943563480356
419.8735823686538,407.68797316494494,66.57221312623923,75.27140976676522
419.9563603719128,408.61734656410624,66.80584346267581,75.70795129279875
420.0608090981865,410.89731443873376,67.10763169242529,75.02155189188663
419.92876684514965,413.6929682769168,67.26580860930171,73.982582338842
419.60065931379376,408.9651578466602,67.2594268502286,73.69408450886449
420.339357709178,412.92177241496285,67.0647376314435,73.07703323633393
419.9850063294566,415.47746841535456,67.0553338826312,71.9972064249121
419.32983828918674,411.0563920793102,67.04745411615559,71.91068630647344
420.26353074958683,414.726469991707,66.84110294493581,71.3542633727626
420.1716911759179,417.2927115089391,66.76605859488285,70.45819810868416
420.621663864962,413.1366950703557,66.62658831588146,70.33744595167133
421.05027759312856,416.4344742961922,66.18627711073093,69.93279259414494
420.7722568378438,411.8184826708251,66.02129983010164,70.18415927536009
420.95757847379343,415.59259505358386,65.72574345730416,69.86578623255993
421.3094396318334,417.86485373435437,65.40719261425046,69.15359933633566
420.577593946451,413.94339732839023,65.47563187644137,69.14001390683944
421.41966594039667,416.8676930430621,64.94582040712763,69.08022176338436
421.7770545333062,418.80648610219276,64.51910713489227,68.43124449178747
421.81764914497955,414.3506429090413,64.32215298815184,68.91661843149609
422.4638763206784,416.504446058746,63.84964474700265,68.7737197927618
422.38568423943076,418.8077333577008,63.67928000193193,68.11718219741572
422.967870765513,414.81999179345917,63.67357022262518,68.269339215059
423.6626733485312,417.00491352492236,63.056580131700095,68.26161542681527
423.43580689096393,412.1912140169465,63.05731932606473,68.77570744356044
424.0386623848408,415.60631433224427,63.05098885531697,68.54150319281725
424.3444430104028,418.321655034451,62.706883807892055,68.09695774802897
424.7630420136635,413.9872145330746,63.00393334279824,68.36826909440975
425.23526102715834,416.9448449107465,62.59025500800067,68.25982825483737
424.8370090179063,412.9079326354999,62.901623292423494,68.42981464767686
425.09858232065886,416.30777496091724,62.82235018178184,68.2123710551917
424.7545095767616,418.30262131211646,62.806054658624404,67.6775721802316
425.25889330347843,413.593729824069,62.993937829466006,68.02732575264002
425.51187292797357,416.7796442897297,62.873082044602285,67.87631057253945
425.57936784326154,418.3180634863308,62.7402336829517,67.5095232390601
425.59240718551075,413.6660076057377,62.89921120801753,67.8624707546407
425.73101244098615,416.8499205070051,62.7612355677389,67.74050886659572
