588.5,316.5,38,71
590.4066540513628,313.74740164516413,39.25497736251492,70.34183277610845
589.2006035678701,312.3379909488687,39.88464589255723,70.6373487525922
589.7242544612345,308.8504436606715,40.83921736060435,70.36102712262674
589.2415308306158,302.9418078487955,41.92611053843491,70.26614168766284
588.751967219411,295.8026376362575,42.43034153849154,69.77712619385468
588.4350958427228,288.1747904631734,42.457780957631755,69.20658190782072
588.3199107529596,280.6805891707594,42.816672892496044,68.31396585403783
588.7336614983201,274.6291975242535,43.24130417517436,67.31827369081174
589.7747921772973,268.8687200313399,43.41090868102003,66.08388428576998
590.6906990192898,263.7287917183702,43.64658795891843,64.37671278976103
591.6226755628993,257.72171261521936,43.53407456228932,63.21733564907788
592.6174092364234,251.2179381422567,43.02516298802238,62.01422747525221
595.575143228529,244.99466880424086,42.52315382796897,61.061354949806834
596.7327114088052,238.91129376526334,42.169109820283616,59.96119542845767
598.5938499693964,230.17422657422756,41.859293264668395,61.2546733774238
600.0160190893105,225.916746567647,41.148845892073425,62.36364278999894
602.3586381168549,221.7652476861295,40.58831648948094,62.824026379144804
604.799293805937,219.5054961060859,40.34384450111767,62.632959680680955
605.8436666333117,218.95956612921879,40.027374175004496,62.87987426326426
605.6497282561254,219.02934272456133,39.82161727764367,63.1161908235557
605.5383846916029,219.16891714010666,39.396273589179955,63.11844279221637
604.9920684673548,221.35469999469433,39.283498895037155,63.660602459170164
604.4354173213355,222.81455979750586,39.07119984773549,64.10022137550447
604.2346166750768,225.17172683392755,39.150445750657816,64.38659111430664
602.9885423066087,228.18225314449228,39.52509012930261,64.41808070280243
601.2830869687975,231.44524155002787,39.66794226648789,65.59213898694607
599.410807784694,234.36284070010942,40.307396665120926,65.57647355802932
598.9848635378157,237.83340540697833,40.74646461105833,65.46573412079294
597.4449300685407,240.07231317342675,40.54018872352824,65.55973789331604
597.1769878672388,242.0436621281003,40.57411439829524,65.68495542357465
595.5524400188618,243.37754799948647,40.61650714743278,65.88838233497708
593.3330861264619,243.70753160443346,40.580405762463315,66.20101719446104
591.121306696029,244.30813557972823,40.34744187247459,66.29602346677947
588.3693697128576,246.18930967713982,40.45130954456691,66.01534326740918
585.1812733378714,246.70984904146405,40.283042474745656,66.13328472423129
582.0932171988366,248.73505141983753,39.550975469673176,66.2731646964883
578.5686659647871,251.8470476828716,39.264166663815686,65.82580066468284
575.1403184507794,255.59854031029403,39.053932351468596,65.62133406752231
570.6171636137874,260.7221178496844,39.308555013733795,65.42734537820681
566.1950867133258,265.7423509554551,39.32657604030386,65.03710862070605
561.2233714862912,269.86568664937346,39.5250180529061,64.37982417287178
556.1433616488674,273.4387306944773,38.87445365945515,64.39156775151788
550.485169500257,276.7467366506931,38.68228445173206,64.22649024918141
544.768017822117,279.18538922267766,38.40133302438177,63.988461132891764
538.7195072366767,280.85037201608907,38.861685990001234,63.718775153841804
532.6589869786735,282.6640781989433,39.03822272182785,64.01785690968484
525.4744814473695,284.807140540828,40.645238468884145,63.07458457996507
518.9533160334317,287.0786667956882,41.83970228473566,62.79248692711728
512.2133663914279,287.66990837864796,42.76933053450255,62.843076876546505
502.2868147278956,287.4275686107196,41.37570305712394,63.600032396690516
497.52055819251564,287.9608773749115,41.1706024499054,63.14965447564089
487.3038168412926,288.4318506915195,41.707041924201974,62.02873412294723
479.85828228553873,289.4932528760529,42.27227676141776,61.21227187881932
479.8285480844752,285.8592253324382,38.40993453656117,63.65683539271507
479.41949848312515,283.58840780590026,34.87514277093853,66.6422018729836
477.8899757279048,282.736174939439,32.83952180036118,70.16886432793675
475.5306806367884,282.40350821407446,31.496246176014274,70.59596898075324
472.8120698454293,282.9112354464784,31.28769196374975,70.09206380994034
466.93475912350465,287.47230414040826,36.36295254105237,65.13637596889451
461.16642219117847,292.9080546788766,40.1666957454569,61.60490270110081
458.1767621389328,297.82239837889256,41.55293199145821,59.551187739881286
456.3780757069256,300.57342026428836,42.04893952763759,58.35758227017612
454.4760187454441,301.6938411926187,40.925275683419166,57.632639952509194
453.5761258879338,302.4827489966745,39.53693435757672,57.33324467349154
453.9629675520169,302.877893434994,38.29478966490282,57.03511343492549
452.4922943454249,304.5199761380812,37.21057712956994,56.4235063363989
452.8732732634781,302.2021778006785,36.11177189875873,57.1651012888684
453.7413246206,301.2189311163072,35.76370627004812,56.7412812706939
454.5763298832754,296.35147093167734,33.48415969294722,58.62656746942133
455.21223894887146,294.9634418447235,31.976082801660315,59.35453995378439
456.7235466488662,294.82988882809417,31.356296333479364,58.42028433085409
457.61181888269346,297.6166284859394,34.03724183317098,54.95425240095169
457.73008881891843,296.2875973260688,35.36638282219416,53.56205465370665
461.6543623439634,295.1799824051316,36.7962600351047,51.92080198978268
458.2870376982915,286.57719607040167,34.356262948885096,54.282554087343186
460.72363737456715,283.1453836015613,32.56740369185381,55.90837890371658
461.6966429920607,278.7379980078246,32.03533968148368,56.275724248904766
467.1221201082374,277.060992304989,31.31394210501402,57.51901883481287
468.2237820574762,273.77292262887363,31.37275585797984,58.217753020417625
469.31388071974084,271.2732299452809,31.39693856885108,58.561089136046704
470.88678103869654,267.23632401224035,30.99732371051121,59.05665965386122
476.4892296893715,265.24042176207695,30.64628917161243,59.92985234159647
477.43257130412667,266.37021109915986,31.550321159692373,60.624743825053855
482.89379107697687,266.1274242280992,32.17484435202914,60.30760834533534
486.001370353337,264.000778113769,32.48997544927228,59.59708536174596
487.7889769894515,264.0430193661454,32.450960077815395,59.63248643898909
500.5115600446788,265.6140592036596,32.439038672561004,60.64120413105664
505.9278826970386,266.55912095028265,32.56374505241163,61.591690903542414
511.0239100498455,267.59754912876036,32.92791803081893,62.677021169206604
515.7893511579867,268.21157231946046,33.16219351412124,63.927811324213806
521.0480710060953,266.4386918985516,33.322180156100195,65.09099450833195
526.6064952640636,265.49240991204175,33.46610148421855,66.7228553050917
533.3323237680986,266.1678882737212,34.030960207960085,67.80566089366826
539.8468110132226,266.38276253859965,34.32913892358374,68.91419094362321
545.7774362603038,267.44609600266637,34.64490754868385,69.9071026154196
552.9133467988391,267.9097183020911,35.3735156250556,70.33292183836268
559.8080012927131,268.0020119853349,36.71322542087708,70.06493621914956
572.9419545888737,271.29355022731886,36.4349123344153,70.26677327506815
580.3378778552674,273.11393503313616,37.33489929772171,70.22362057436794
594.1601545436029,276.0255055634357,37.41539780093351,71.09443255103088
604.3362037915006,282.2018670819722,38.7179490396353,69.63024215250765
611.3861635070622,287.17270347745483,40.481767668509576,69.45973330197208
617.3270095101881,288.58248441387786,40.86797612917669,69.67126812597968
622.6787085558627,290.6569735190144,41.11099012431421,69.8403445917624
628.7315904279069,290.7516983807018,40.8071024483411,70.08557434679457
634.2179228187699,289.584572124955,40.72124892302372,70.78516291881213
639.1162566471706,289.2144256035787,40.93608353215255,71.48926589880345
643.3742827106182,289.7525761778087,40.93223843650726,71.81998651128404
647.0704634587659,289.91504469402213,41.35791397329314,72.38384938463409
649.852370435963,288.4002924726367,41.57989952222515,73.49157085697654
651.1788936427987,290.58198153925775,42.106403041033715,73.80374699924715
653.1751429908506,292.14854014827955,42.44812237013731,74.1813652929833
654.9510034795554,293.3143060932108,42.79539273908709,74.86151543665966
655.8398890622858,295.0169094740266,42.86056893747963,75.24527032396907
657.8412736286241,294.7924003473234,42.64370397388569,76.05841487222679
657.5310633121766,296.90742454303313,42.86615315549832,75.81945105646031
658.9353381008823,297.10090328086045,42.815151195045445,75.9800014033193
658.6839219050095,297.54345313357265,42.42211355686474,75.92730821873837
658.8741623025351,298.069853164836,42.48938380704067,75.97452808800492
659.1759952518775,298.1563714419137,42.42417869946691,76.72843096170219
658.8605041427867,298.4963755446702,42.05884627283494,76.40415150164972
657.8417524454009,298.3509599477309,41.64004654794703,76.18399457926384
657.953633899605,299.2741933682238,41.9484309874658,76.05684100217132
657.2483444374776,299.1239240136956,41.939913561050865,75.88282409961721
656.0871701985964,299.00292395609017,41.73046176873268,75.33385770405545
655.0448593130621,299.671044323067,41.772001302557655,74.76114460186132
655.196156058562,299.3901201138439,41.73887701312265,74.41814420629687
653.5977149546907,300.20655415534634,41.75983158185766,74.27210659623822
653.6937282236432,299.840416946642,41.834521047370615,74.0266014464053
651.931223319404,301.36723765661884,41.6655010478045,73.53903678197527
651.321460997064,300.5712824115601,41.312371683619254,73.55467788389385
650.2330825209117,300.3166777777721,41.319271849196014,73.55225810646027
649.8064647124814,300.4071953797429,41.43213230488545,72.83078228352684
647.1155136538185,300.8900812883635,41.48378702002017,72.77492072791665
646.1681269155804,301.0288968487839,41.27727861516404,72.7821773977557
644.5851475030795,299.88870401614855,41.05683411794589,73.2275390638123
642.8863130640744,296.69502722095444,41.05455416058325,73.823305778285
640.1945954635286,296.7380167724504,41.62222302714119,74.24426751696788
637.327265129568,294.6644911975059,42.1515733503664,74.08743034593395
635.7917681373691,292.70721944243587,42.379169955842684,74.17515896616628
634.0822037101533,292.4723515768076,43.28947827652176,74.38973219012709
633.3825753265476,291.5231527265149,43.71902856799859,74.67789551094413
631.5858066603704,291.16950204566905,44.27438554909553,74.44340575544456
631.3756460745373,289.86509255650725,44.4559604949279,74.9590919994695
630.69998711637,289.80522658556356,45.04670079218652,74.9650917747685
630.8617600476632,289.6507816368344,45.23915627332732,75.06546809941477
630.6930641603177,288.8015759201389,45.688909501491864,75.6396429490961
630.7330308142057,289.8568597643318,45.87801510935026,75.44136166150534
631.6582153967324,289.4924436430853,45.814561365782474,75.35474061305884
631.2499675832631,288.73516782004407,45.53129514903986,75.43607616417071
632.1876010743935,289.4889123769959,45.89552511311389,75.6758395145614
632.661822533016,287.9776449223534,45.65225401937045,75.75118461595453
633.4664767011817,288.8411878648031,45.811968028582015,75.60430059529776
633.4065510400723,287.94498671670783,45.46167516835716,75.44542468180201
633.2765520649208,287.42390854348054,45.24806101877425,75.5459134714939
633.2879520342526,287.990187617148,45.30680836274685,75.17958435762914
633.6095372947892,287.75427661063543,45.18287744614658,75.32317727114224
632.679692967365,287.18092138158704,44.90565780822469,75.3597890096421
632.0317542174884,288.7680185982672,45.194681489084644,75.13089897005017
631.8083891405324,287.57524782401384,45.12718699452073,75.46545041388147
631.3594048214709,288.013997494781,45.05951604142689,75.31425208677058
631.1928882209993,288.4222561227503,45.177853013865764,75.11533074185802
631.4229968522651,288.152927122896,45.291898727980566,75.27916940324486
630.3837045492054,285.98451804882416,44.77594941381197,75.66588021534429
631.4840277681267,285.16028559704426,44.65273489315995,75.19190978755945
631.7044128701342,281.5252260340163,44.209661089997766,75.13148968708337
631.8375700666318,277.91604693004126,44.21669261446604,75.0774017394854
632.0790082692455,275.8160870808549,44.49502152482836,74.37006864931433
631.2422759947385,273.0659570393233,44.55423720203916,73.93672830665739
630.3220085117287,269.95067911797264,44.38611089791724,73.76387895984452
629.4339931514892,266.97104982742775,44.3411659571183,73.50026814472459
626.7821434729245,264.00979538961656,44.127511302712094,73.69860156716092
624.721472725716,261.5902221204157,43.9213743883156,73.53760839227529
624.559773152141,259.677339339005,44.14281892631,72.79205580552998
621.472862600587,257.8682195941224,43.79495109127723,72.97090916591594
620.5423987770805,256.6041631817764,44.477003291970604,72.11239217073798
617.4535035724432,254.3693674490103,44.94772525794688,72.12026316965643
615.2193462204101,253.3618118710709,44.9972644035413,71.79386927487604
613.4143356239509,251.28175322008167,45.124668933480486,71.73521130448509
612.5748916922711,250.34942126788735,45.486767288974406,71.2883379430962
612.8322022153784,248.37674640630019,45.694308727882444,71.36566927752236
611.8876674562953,245.59247874787852,45.865757873276436,71.51261188196331
610.5933898458478,243.77967927605005,46.423098380121004,71.46589355915602
609.0781553167607,243.05068686615388,46.27699797647284,71.78654844292083
608.0737924761596,242.44485641131539,46.51263663298619,72.24516957531891
607.7513687957453,241.4653249338279,46.58025514964909,72.14825828522248
607.0823453272773,241.548783606523,46.74544206022556,72.38734036190564
606.5618139765071,242.2109529447025,47.224219815324105,72.24676340143563
607.1485896817188,242.04587005390042,47.79663936933254,72.18951693299783
606.2495872926922,241.47340798934152,48.15068109654344,72.07347869505779
605.8741218505492,244.95852469615056,49.37392529550593,72.69623567984672
607.7795827426653,244.7507197650342,50.10194584830961,72.5372737537684
607.64931616038,244.94789882887247,50.869190436277506,72.36227760188098
607.3494080246957,245.29271067991985,51.294164484120884,73.5048552614424
608.2332310904603,245.6136805650678,51.65695262726507,73.65714601187176
608.317108232519,246.16764240355823,51.75964431582881,74.52389989760452
607.7731458302027,245.66134454821312,51.37516392522532,75.02914891859363
607.4561941478563,246.23851443606077,51.39581399449643,74.7941632836569
607.3190228203364,245.7246815271637,51.26055680889529,74.86208148897464
607.6198721614246,245.24220926171566,51.18628341587292,74.80606020528027
607.0806261540163,244.73724618312542,51.10417083455138,74.68710431194653
606.4963743120622,245.28037513561142,51.20114548765978,74.69494390205357
607.0699863023015,244.9849685079873,51.22795717555425,74.7305323810338
607.4463043349391,245.17073030597166,51.02326941111747,74.76139837103695
606.488080832161,244.1187647757495,50.52312214978225,74.71158687967765
607.434910588608,245.24180294417553,50.16074136632703,74.70116442008391
606.3638169700928,245.12571758536268,49.36055771178647,75.13724413250348
606.5765568572441,246.64024245006502,48.63276571238036,75.06867199365972
605.6861665796312,249.14920212740347,48.12425726995605,74.33674144666107
605.9285265368239,248.91206578815792,47.80779497948143,74.39700407723956
606.2868606761219,250.49910022610396,47.58854528332503,74.11415529412088
607.2274037719174,252.08287214624957,47.28815531690044,73.86561350995153
608.3803702101919,252.72690420078024,47.13203633080849,73.9688892989996
608.6272391418503,253.6876732122015,46.59429661626088,73.78775266337178
609.1534725081905,253.4225810991165,46.23945087147253,73.90648882807551
608.3550825040246,253.7587029447248,45.74670518018899,73.54117761600207
607.3686676109146,253.97538768548168,45.19234165853229,73.86281921618388
606.0993123172743,252.97909437452867,45.05372580500182,74.14785567005248
605.0144885122351,250.96497355865745,44.784332515803484,74.00667753632251
603.0911383630145,249.5956120248854,44.76267634795137,73.27204221115115
600.4471365333396,247.61795992622285,44.88992341931895,72.57626293908535
596.7863846911944,246.52142770055087,44.8948944917624,71.9425196530789
593.9589204242967,243.2198615615523,44.76047013172837,71.945086974411
590.7120926157377,241.39101913805746,44.988383923742646,72.77117497005182
586.5832673297895,238.9103216182313,45.02188669900819,72.62636931466626
584.0685295338423,237.3609038267962,44.839465394540355,72.8552665239708
581.1023701276104,235.27419228477189,45.13878478683808,72.62258838121278
577.2742943867347,234.6685066963924,44.78266343381176,72.65403816934563
574.2074592356574,234.6581798655934,44.15289312698802,73.29731581098898
572.2633888810346,234.12114250305729,43.80201015077814,72.89341278337568
570.4699364097611,234.4391783509667,43.74270394601686,72.66156792709921
567.9410478968199,234.30665892564474,43.756396899786395,72.73250337286358
566.5626867656232,234.18736997317217,43.94496482715768,72.72655176230384
563.6794872821746,234.66355707475097,44.180870057787814,72.68889350486694
561.4154387205904,234.47032912297237,44.28010794710016,72.80822168592236
558.3155126075306,234.7199396815338,44.50557062014951,72.93806900303795
556.1583403661375,234.96763600582835,44.61104755303952,72.8383319864679
553.1578610146082,236.0598172463831,44.49010808181214,72.65415618710588
550.6303953350459,236.0768424968373,44.41887071306191,72.81163034082434
547.6621189086842,236.4889270426313,44.24312841502866,72.5041693252365
544.8663611768089,236.797512729216,43.82962326034047,72.67308290203735
542.1555037583533,237.00162078385281,43.95230397859938,72.43113822599793
538.9274427465672,238.09383944851973,44.00087185254384,71.75883115713162
535.4483482627944,238.92566724126385,43.78868118141759,71.37200779458189
532.9304824354126,239.30514921560737,43.72442628298914,70.64593024298841
