313.5,287.5,51,42
314.9611575881763,285.4399722277168,50.98283547557916,42.19685183782508
317.55817376870834,284.15348111959497,50.89972020588466,42.01672030742569
317.61716720708915,283.8328430753434,51.22931429249628,42.32369218240495
320.4497778809139,284.47512579329475,50.94478590367846,41.495692663040444
319.9820261889945,284.65691988485,51.176691324661135,41.31331285204601
319.0717867305648,285.24591176079605,52.19803288762343,41.1814295973997
319.82354913781256,285.3501374985478,52.19272351006326,41.05739939894251
320.2377268074998,285.47521781140614,51.160406872819024,41.85974581611062
321.6453987139506,286.2881705958192,52.564256041637435,41.47311105359701
316.42569745173256,288.10296563064645,56.92548159082328,39.031479343660855
317.5112600824258,290.3092751483575,59.67238849877893,37.25299221665562
312.20369466139954,291.06136064771755,61.88666904481089,36.456868727128864
308.0399194925776,292.51965808122293,64.59209423368151,36.15353627505036
304.96531025380835,293.3426157138565,66.27057430027041,36.36218865676342
302.22592723506216,293.55539994828627,67.65388993645664,35.99197663083224
299.38192067900343,294.5867487218123,68.28649361711658,36.28641366439237
296.117473919384,295.87555267343623,70.46133650006392,35.09101077060496
285.80720576320056,297.1280499511033,71.91180407158605,34.25433687109358
275.97247991657105,297.24765610377335,72.67879375922979,33.39416641632038
280.76090293247745,293.895825878018,66.3342961694947,38.15231540752677
285.26394690750124,284.6669067719625,62.12719560805799,43.46812099634681
279.8238414636324,276.2389617075494,59.10842444776096,47.32348565062469
280.9209360987543,274.5238765569096,57.23614523100882,49.979298275398136
282.83869845254964,264.8895467995851,59.82722717853896,52.84891184583324
282.5260814571029,255.54675996646193,65.34681455917233,50.128304176630394
284.2966354811441,253.6699204182493,69.93382311875598,48.822414867904364
278.26725253178415,247.3730576687769,76.48111774596103,47.434510995206026
274.0913842659772,246.2076953223721,81.47915721603627,46.68132760696095
277.7763837883361,244.49013439626566,83.84403098931156,46.43301163492461
274.31019554871995,242.8543603718356,86.02635215543357,46.53530752657338
273.27756464264195,240.6937970156499,85.26292939918434,47.90838469365671
282.46536601920866,241.17373323191424,83.12805311699827,49.75471991798841
279.00245654152855,240.3240483332323,82.05008598532227,51.09955902325174
283.10981294794544,238.93100465624062,80.31237627002272,52.84387699189729
284.44167952352774,238.63601838577623,79.02701793384526,54.01260377906095
284.51016579954126,243.94242350255996,80.86870322350063,54.43382350612583
277.9666356028891,251.6694249340139,84.67152384782307,54.3418344600514
275.5089025548615,240.88002407299217,81.22077900637831,58.96097851302753
280.6608421584123,237.96454398715122,79.20617401497482,63.78947129083431
272.36006953252996,234.7229117954061,76.7745104196937,65.10611828083087
258.50664422143393,232.51583746454776,72.46738017640726,67.05803626017452
245.84539917762098,230.16008363318284,70.60304355810052,66.97827223635038
255.54576738257168,204.13455802623622,65.18072168372154,72.63365160576123
265.1933602795934,204.21000089438718,60.85974567513958,76.63555117066775
259.97678790079357,182.87647575413285,58.358934286499,78.23760282446744
252.71986400889148,172.987629577276,60.22706063475631,74.80248466182371
256.5917932095998,165.88836185165388,60.15799595358499,75.20149008377112
250.56176358759348,150.39151913587054,56.99366326034179,81.02836071126062
247.7234196812177,126.23911407943226,57.924605414218846,76.87581151017234
237.46217357075773,123.17623065702787,58.19112954126669,75.12093117251653
242.23345288801266,111.36248843442365,57.85492695534082,72.34206262089877
239.91256310609867,100.03564149502867,57.87616923813243,68.79328190557253
236.8766367596062,95.7661219388309,58.67104582256631,66.37249359487237
241.99214316782442,99.49673738295391,57.33320050185745,66.04645414720865
270.3987986195335,101.70199564888533,59.209934001515386,64.03163687796481
267.54772772512564,102.74876704784629,61.07261684791789,62.48014599139697
260.58474519548884,105.09724284473147,61.809747716822756,61.67943224781581
257.52345943423177,112.94787977513607,63.92241151686382,61.8364338005198
261.6316083488167,106.23848161783155,65.82825266474467,61.402718709184015
259.51818509302564,106.46839402334291,67.10835926429371,60.836017979355674
262.18641334475996,104.72681403112651,67.05728264745237,61.26316461807011
267.9051602690512,103.63701146713464,66.01988950687769,61.54349587367835
270.16719356811524,106.23145649388661,64.9787440322542,61.91418853044053
269.0746741536641,104.63601277207084,63.669694449825336,62.28364815195902
272.7328215636943,105.69329281803832,61.47647797601741,63.96465700304777
277.0940550585453,128.6828381364116,59.17567522429151,67.10022090731681
257.94886381583035,169.18969265285116,58.10640042212371,70.03187015080489
251.34433607863156,178.8898820489954,59.91310833182402,68.16984432482502
254.10978981494782,179.94840164604614,60.661571643950964,66.55184758210521
256.40388285609635,179.73491497305702,59.91790613050154,66.13237548683743
250.94241117265904,181.7725350228173,61.10708389526438,64.89352755154724
253.62575418977644,183.52065235818318,61.40171997788137,63.6086929128589
256.92423903242525,182.97452562471517,60.09559282569529,63.76636951078399
260.1581026486332,182.4801749524412,58.57603053315988,63.611788680267864
263.28424744881517,182.77574234228695,56.92758652910936,63.90521138615681
267.0918598276229,181.2742367281997,54.8140063828526,64.17832344631675
268.9970278935389,187.74933549905734,53.98765829766659,62.46369013647403
270.3864840668381,187.69479612199694,53.021177763354714,60.71651037905153
271.48840314950587,188.80601794163397,51.90477949269532,59.30470951865097
273.18514757790945,189.09032329530518,50.55081447583872,58.884018957893026
274.189411181259,189.00060892292868,49.56375567009476,58.563357282399906
275.48768848947117,186.24863657563276,48.05316871362075,59.79931281836137
276.2806956547567,186.1685675927036,47.21734017072744,60.43365875173948
272.0370872052696,185.36730398369724,47.07012046234083,60.56495832387816
267.96127622080553,190.44078904959161,47.75206355248473,58.92846525812942
270.60057584887636,188.27337654725594,47.69859723854282,58.52824482975638
272.39960843512074,195.5652175678032,47.362080108351435,56.586903448757106
272.89099779930075,197.40715139470797,46.98832799084266,54.56027630493439
273.6011724923953,199.58328735092022,46.52059601149865,52.97443882358595
273.45423309422915,201.7131146879205,46.42579455837841,51.09943056529585
273.7795738201676,204.17755987659996,45.944349870813156,49.27860412417043
274.664222873548,205.4866198443625,45.008390978377435,48.06422435626314
274.9907835131804,205.57660865674288,43.873073576704655,46.884723866683814
275.13147605343744,205.75844938029599,42.788989764768196,45.89206655135253
275.2841993009664,206.7030185040409,41.58371030576676,44.981998073245144
274.98206943838494,206.56419196473513,41.06528376403059,43.76930662747313
276.03329616774585,206.852662792818,40.24680888673727,42.804558108714744
276.55385138184573,206.9369727235045,39.605245260581505,41.94392820229011
276.90370748664265,207.07823499898228,39.260889625046204,40.9813582254427
276.88077970714147,206.4082979478424,38.90851782022365,40.34940589358703
277.4653651655755,206.29084335830967,38.49671159365932,39.94379330789726
276.88772725612864,206.7524604587265,38.36308489141969,39.50413433193999
276.7130768924177,206.60294365474073,38.117401206648296,39.13641595912996
277.0216146413006,206.9422259329009,37.761234968201826,38.98261105304006
277.43062856437405,206.89337526197409,37.443518615928454,38.861360603368794
277.5136766840135,207.27515321193883,37.20270076461338,38.885833897317475
277.43400513790743,207.20087714386295,37.035774289812686,38.642190689497966
277.80162108201745,207.47288329435688,36.69744743637318,38.734519483480824
277.6537116342603,207.5551064997202,36.499167906976,38.856277202211615
277.51178126991874,207.77615409732076,36.30953941074834,38.863050013478365
277.2470979996124,208.01599518068392,36.18455692229695,38.84521485402668
277.58176034736084,208.48501628566717,35.98775841946505,38.781980061452884
277.6266584446298,208.7223732398591,35.9365751084652,38.68998456713726
277.5356988329734,208.25481845021835,35.87579904490791,38.574684948611434
277.8940808386263,208.47661034271988,35.60255012573667,38.65310982106382
277.28994109388674,208.6835352874974,35.53884408436252,38.57296797937562
277.0564287324888,209.16595476965344,35.21305246623496,38.351184835528606
277.22897295868535,209.66919090906904,35.03006088676778,37.87007004151491
277.59691942787293,210.154899327433,34.76172660055515,37.696500654566506
277.6047310835266,210.2228312935097,34.680873180450206,37.71669956382851
277.56897417813866,210.3540826226511,34.49609315797032,37.624107634477134
277.43345130208405,210.49451544055236,34.40229428985175,37.469270759942255
277.360910415442,210.28873121892744,34.34436250892041,37.37129602272644
277.26404853507387,210.82047199716797,34.12112144068859,37.26439933706065
277.33369646065165,210.9096141163143,34.00184507235425,37.32901296692444
277.0752451751582,210.35588345515635,34.16070853244224,37.10092648440785
276.73464215264113,210.57333769681705,33.967462582580474,37.0425368168423
276.4376015069157,210.80439963415643,33.89948993135093,36.927341777078695
276.576551102872,210.85927464039528,33.92399100060204,36.777315192492736
276.40179051433824,210.64205959838202,33.88517465492439,36.826025083133175
276.3468672304826,210.15536653657182,33.85944746296068,36.81830236247332
276.20413484578273,210.11529005979767,33.708783347806474,36.89943523919912
275.86139101768174,209.95433391884544,33.627037453459884,36.99446290270209
275.9190059887763,209.67289549681814,33.6696425626882,37.050369758410575
275.7352835864015,209.35945215291528,33.753600285910025,37.00812182936449
275.33777713547533,209.32741755840925,33.88480668971168,36.9094106738903
274.7100846742374,208.9336913711456,33.89020150655857,36.92393302236319
274.5604595694066,208.3948029005957,33.97559822288737,36.95822014965841
274.5499515166525,208.60926750002963,34.06382769234096,36.89960760523427
274.4216431897132,208.04857603714052,34.04315757826001,37.054829101130466
274.6728516927933,207.93767725863137,34.02896421421068,37.03593574137211
274.4215029291835,208.42416866328043,33.942488424474696,36.93785601492159
274.34902909944833,208.85898268924015,33.97982784012202,36.874183671029016
274.24904623825387,208.73175910094412,33.98442557058665,36.895133794236294
273.7377949614336,209.02387914570198,33.82795945624312,36.98031466228586
273.5819987349376,209.58583492853117,33.894600035217465,37.05114339203767
273.5499128075615,209.5517961187121,33.90348961384588,37.231455619014724
273.30561179861706,210.01825961578416,33.98022487744123,37.3698175681613
273.43663040704774,209.79566172129518,33.96814884305506,37.60301261458459
273.35078604998915,210.04940577196257,33.911675119494866,37.75442376089613
273.3141767819937,210.26158178008896,33.93091223583306,37.879746851645635
273.1415578164731,210.19663346634218,33.955605953817674,38.012174407141885
272.9898130033743,210.2469653710076,33.99274614516263,38.057341273770575
272.78118335548186,211.75294553687044,34.363370774325844,37.59746324223108
273.89622599844387,211.6236362374915,33.846385325704986,37.70196921884712
274.81638611551006,212.2453265404408,33.18705542989814,37.366538000975694
276.6739197928417,214.13609811286526,33.46153318212273,36.20356637597848
276.06625433744506,216.98232988970386,33.67168003854129,34.494136240956664
276.47984645008756,218.7814497172384,34.07536057651613,32.79735353798264
276.45435195154306,218.9539361821384,33.72983429359677,31.73550982342311
275.8445639634508,219.53570700571086,33.273623416944645,31.085405924233495
274.99073317424717,221.04117109526027,32.97893514183639,30.586544824678775
274.7884944099253,222.06934197699528,32.31221098838927,30.185583191022864
278.32295279013255,222.6338815924258,31.62707470740603,30.70370275643408
277.75830240878963,219.20306335924738,31.119692602088016,31.04583515250895
275.94050888601134,219.73047846861084,30.108614551361562,31.42818366474674
275.03195959528864,219.72338155138237,28.966833661981795,32.14447306738373
272.1829867259906,219.76544271372302,28.425845360508365,32.36439987695689
273.9169978876429,219.7079713922762,28.868219851550055,32.767564355940664
272.134556478994,216.99263917802617,29.603511394586327,33.59804482066504
271.23262886466864,217.50810665196553,30.09234928066962,33.93611197659186
270.65362782825554,217.3253072871777,30.287779613345425,34.56488339226752
269.9416671127809,216.45299315709968,30.71521247312758,35.027606955005325
269.3070248432452,216.25412732257342,30.97890693098421,35.52838765644797
268.41601048816244,215.32501175222654,31.34298751435678,35.76832956488773
267.8907942190071,214.91396899918527,31.281648349901022,36.08510107846997
267.4645719054957,214.32765110093527,31.39269958960618,36.32289500370836
267.26982195909505,214.00847963184987,31.400707791533325,36.45339003672015
267.5196081452021,213.91214654306575,31.479453836391556,36.54959826351759
267.2266131618502,213.32103195740353,31.6325438809629,36.508035001103266
267.2452624103057,212.70912543308324,31.60319864507714,36.68015508709739
267.3148129774021,212.40366447058875,31.491683062027107,36.78970962193057
267.2928794869255,211.81757505070664,31.4280306994849,36.89328530369766
267.17943395516556,211.6191723161699,31.270542018475,36.97947416033671
267.1711588246341,211.14617227743386,31.192526984854947,37.0435593241545
267.3896260408397,208.64929330464042,30.996372891088804,37.53440331786759
267.58504002448126,209.7586949613983,31.077069281601275,37.72104319588013
267.2161229503817,209.91327291419637,31.114977530294798,37.61116239647566
267.4553214812423,210.07957414888477,31.24281168118953,37.41702242588293
267.2689474393695,209.917209482286,31.207740523649765,37.30310797574953
267.7143057393403,207.30575428000157,31.09501599342948,37.8051021091087
