37.5,140.5,33,110
35.349015132104974,139.43310063494698,32.7332904030569,113.27980293008775
36.24813876481198,137.02509224460465,32.767019551369685,115.32265186218535
35.76650501889464,137.21153210203565,32.83529272471911,117.38421156802343
35.72605181611724,135.6485529761168,32.93963747218952,119.18041046050139
35.14897182971239,136.2039662760225,33.412467479407795,119.95496532087981
34.77513651662073,136.48295296804338,33.751245116432486,121.06429812160674
35.244474343537405,137.13299766174205,34.05169316464838,121.61934024112924
34.45819101216102,137.13047085682024,34.35886478212069,122.74470987956784
34.8091835412482,137.82971728382762,34.37532866088558,122.11349879625928
35.864915159434005,139.2244621681548,34.75126714837566,122.11938914311392
36.53134490895074,139.4786265072303,34.892838448826446,122.34288522063156
36.19772862789765,139.14576883217063,35.157554198846526,122.4668254037625
37.33586472240722,140.06511993055602,35.433541931854954,122.52980355729542
37.11203279177686,139.70926060964263,35.670994992944784,122.62086326500585
37.9954166212883,139.69115162773068,36.16097815598916,122.24743188653122
38.746757131437406,144.06531726140503,35.650454058508195,121.07409375272742
39.99977020839037,144.00230730481576,35.24788893174764,118.8483651994143
41.12009235501847,144.75455758911806,35.005858472872546,118.16605241214361
42.642340897769536,146.2806572995288,34.95801327526409,116.5294670002256
44.59370514772662,144.94541579355857,35.13105467662557,116.07164839168269
46.69862269432467,146.3377792154498,35.09576105681813,116.45570354367351
49.41530823914924,145.4176161353702,36.023812982763474,117.43818272850619
51.586323257826045,145.42863371608357,36.584768518224806,118.37143454675474
54.2189100938882,145.7731307525848,36.572443471283606,119.09181721420796
56.638907774064926,144.9071029333045,36.61344243084592,120.7242426086923
60.360622309066,145.3687410676973,36.49119418130886,120.76257856448554
63.75207360334893,149.08337516115128,36.64333206668099,119.55098272560001
65.68950585638684,148.30797704850815,37.084625378445736,119.2638653184934
68.76898186155007,149.80094606170516,36.61464727177528,118.67056001495399
71.47957623713953,151.85326573979148,36.28058286828313,118.31963116712788
74.87926744924754,150.52677532253864,36.43408893283666,118.90387497160432
77.18823975403845,150.2493947868581,36.87677607526898,120.016848800076
79.68102684445516,149.78972338812403,36.79200927511183,120.77794090803759
81.20663238503124,148.28285924983737,36.85072560980745,122.97052370970013
82.34995362756818,147.22457368068072,37.03314950618804,125.50785869822556
84.73512859324376,148.7412008722754,36.695177866920645,126.85879773544633
85.53118021788853,147.0428349640906,37.2031777575084,126.56942525417804
86.65412612555505,148.65423828942073,37.92548495683905,127.22445030098173
87.86809105409722,148.56523435035285,38.49061783435859,128.0762117387069
88.824630128643,149.58920809105436,38.902127030390346,128.25593802630107
90.9655290195072,149.85794629844375,38.50877486443037,128.71026412512168
92.21862010157749,149.46234370407055,39.015436547564576,129.35483188904146
92.80919053747337,148.6566769030133,39.60827283622659,129.83978206735068
93.59297326252906,148.5061256373506,40.073288953879505,131.18052764791622
93.923187639849,149.5306645196883,40.25760225894727,131.74614686276357
95.10554336107587,148.01444642503844,40.552939539714345,132.59074306716946
95.7098130570091,147.7744589303432,40.74294863169646,134.13453365027942
94.72185368607683,146.46624804551362,40.99916095743096,134.67451770822285
94.74161644578297,146.7283058922855,41.343713404231906,134.9912350825731
95.18879030165414,146.45149168302547,41.503950076454096,135.8409266262267
94.79214590132463,146.51233161018394,41.99124904542707,135.61608247158722
94.87464168372192,146.22432747150629,42.195368273507796,135.691592990554
94.31509371795423,148.36971137565905,42.22883343054521,134.37677566175591
94.31025789529141,147.49066701867247,42.25104511454588,134.84953348411986
94.70915324750895,149.35917836608994,42.265595146499976,134.31743847216154
94.20720979945742,149.71141573202559,42.25657763700916,134.5180487675081
93.89636504552777,149.31303170509253,42.38763702482948,134.29745398835115
92.96553691770549,151.10634278751792,42.55569322191842,133.54361623779175
92.77267278150865,152.0760447547637,42.99512109202846,132.9086063100293
92.9557849343464,152.98605326578803,42.23833562292751,131.87330201981885
92.08889701827675,154.45495866462562,41.78274368391813,130.75731326937728
92.23532761473436,154.75969512370813,41.70252632297121,129.44911852513576
90.84809523124328,156.38470634984924,42.15806642450233,127.01732837075085
90.17770060040147,157.7324787817573,42.42347595691501,124.83413943058741
90.68396113702156,157.44730352088868,42.4808606415789,122.87841077446816
90.43392051089076,158.95997910163968,42.60732984759871,121.79347940609517
90.58853131851768,158.80003438533953,42.565616858329065,121.138280659584
90.58584945750604,159.12195242307445,42.682663777671834,121.17253813670358
90.99955638253115,158.4483179815361,42.876543210130464,120.42987577016171
91.97317317961364,157.34824699596268,43.34621430384697,121.32261000453032
91.18339303495802,158.306501884162,44.15562041501566,123.05019517213191
91.75981649872612,157.53570287933073,44.891439163596395,122.98436260451632
92.54683770004863,155.7871365703824,45.297581673632976,123.72831161912627
93.56449326250225,154.42161223765936,45.83270321168959,125.04282490706987
94.86216896485169,155.4876408468935,46.080988796584215,125.38954605087574
95.7789180483068,156.03387374736604,46.58654950571159,125.21442732348567
97.98287395357147,154.26712747874132,46.53196973787635,126.41978079403896
98.5383120981262,155.5722512522101,45.91360156215113,127.09764302645934
99.77873724618671,153.94036927696027,45.27929827359086,127.0576190302579
99.49939460765913,156.24257672500158,44.722886862375454,127.81902406520553
100.27123843125015,155.44824806332954,44.51605105044425,127.8744866081999
98.29853913432505,157.31342871609772,44.115232965675055,127.2483762105615
98.22387511935544,162.10993361365772,43.2912713866589,125.20241069263267
98.84151617451656,165.39909942304604,42.80491335289385,122.59422215361374
97.00724607452027,166.8889249695031,42.272375614806585,121.66043921904003
97.65250301099528,164.92224431761144,41.5432411745348,122.11732790662768
96.34926667864119,168.9422656422335,42.187174762437834,121.22433373074173
96.2122166357189,168.2524454080791,42.18412922412165,121.14527366136896
96.02504592257974,169.07347442291552,42.03797887154943,121.24111374303945
96.34724441019976,168.57295904508297,41.93308392095995,121.1642726992356
96.34841880920487,168.4621204278672,41.99048735627618,120.891752445836
95.96230257699236,166.45780419479047,42.475750188790855,122.0375917048209
96.132085797323,166.23631406518356,42.143275840781456,123.12757668758358
96.26015966799102,162.50589193844127,42.080906599406305,125.22911126775887
96.63219710587163,159.20934411451583,42.84624711175239,128.31558555483096
96.42363079189768,156.14213558190266,43.997006701408374,130.92023057682914
95.96541083860525,148.93975339313613,44.35316324512777,135.6981181233075
94.8159777249222,144.07091148171276,44.27923532118772,136.80913396977488
95.85312340947311,140.5416014987689,44.386761722090185,137.2339267261899
96.16278909070232,140.84835746645194,44.00025833597776,136.8113654825238
96.27068988716485,142.74553565289673,43.64646924858401,134.98343178667432
97.07126579675588,142.83116553412046,43.10697545418987,134.84369285283157
97.4909021327731,141.79944960144664,42.89925982952253,134.59376545762012
98.00913938191067,142.44230096872363,42.410527996061376,133.07224310019188
96.72466935140866,147.87095816595462,41.960000464826024,133.16903122190422
97.4421782052265,147.2707261060966,42.13617546043741,132.45287961705668
98.315326121558,145.6494004435247,41.79504398877445,133.61996798825146
98.60928519408638,146.72885507767808,41.86887657757009,132.7769605954406
98.30005858614335,151.38462659644824,42.307346952441286,131.15410011405265
98.67663056694906,153.99375613604843,42.71612425357097,130.17981953521848
97.15317866119267,157.02860456453067,42.5539552367909,128.35430478808675
96.9190595329969,160.18860535811802,42.0571019666741,126.54629327125505
97.2021697437311,160.44513034536257,41.857285482545485,126.32672959389657
96.22067281107189,161.56623492601358,42.13155256506515,125.75949463570427
94.52856770828818,162.07447101399967,41.74036761567956,124.009131568657
95.19360025255304,162.7326556834391,40.84014786024922,123.30553296599562
93.79838769616723,166.50631052462012,40.25691217017963,121.97413371835648
92.58623008549974,167.87810548110411,40.257103150639374,121.06576855304624
91.6289615592475,169.09604612774177,39.848491237308274,121.24678341226729
89.3439834105988,168.69877828004624,39.66855625347777,121.36754415000148
87.41735969514252,167.4994435933928,39.615668363726854,121.10854731694849
86.18257314039785,167.59408014089615,39.171105540293844,119.76242900995905
84.28757115904558,169.1464314322995,39.07628475019076,119.74597539527679
83.72131137508782,168.38540721974366,38.98308486620197,119.94385191963926
82.83829386385872,168.08592788227338,38.712255607959506,120.26300097062311
82.45953019262647,166.36662850282661,38.82437741949442,120.19218362615362
79.86805113159218,167.81306971879775,38.804762718992215,120.68956022169246
79.0759720246394,164.65713177536372,38.84135916818068,122.56746565720549
78.5122429631447,165.19258277741224,38.62375551214784,122.23800329363046
77.00931498519256,165.79368637365587,38.48820183250831,122.41465454821812
76.46386510388547,164.44262688514954,38.410895857054854,123.22069791888464
76.56554033759755,165.69784450316308,38.24471571037998,123.17854323667532
76.3434186227106,166.33730947713053,38.14770980534171,122.72480240235737
76.63136650264114,165.83194650430147,37.82991175370589,122.45219301991337
76.77487677166815,166.11189329703865,37.53590522019902,122.13916703154212
76.28181742613802,166.45835396933492,37.53198754288923,121.79115306013948
76.88739162728568,165.73835748012294,37.826443288504976,120.86267036298054
77.70533732763809,165.5803160034293,37.46145750169939,120.11003154512764
78.36621538121327,165.3655230126883,37.27097621392312,119.50431691416
78.03597433296207,165.75147355530078,36.95424045735619,118.80288436644445
78.46932045737242,164.08377373147434,37.320522260964694,118.65329127155889
78.93883418943948,162.37443797891365,37.61890450771469,118.402233067055
79.50442544657349,160.4825323618087,37.28848041486772,118.327231730693
80.55892300635674,157.58620523886685,37.60625073719576,117.52927881028643
81.46998807148441,155.955533669628,37.77617590383829,117.30119247488716
82.2943796880687,152.86819298729648,38.0494913072969,118.05795468061467
83.53373244934588,146.44738369472776,37.923175120374886,119.7170037619679
82.78994594155844,143.24180235217779,38.02157045593417,121.68635202446043
83.63795316944707,141.41463080822484,37.47771294920019,123.56094250025241
84.42071336818451,139.82480313683175,37.007128445737784,125.1288759697552
84.91280567951758,140.0005578095063,36.89113214466206,125.22314714007689
85.32577336071232,138.51664011275764,37.47448471180749,124.46140904533871
85.25633093344042,138.7012237480794,37.684896153360704,124.2397806154659
85.31858716943009,138.2508434758508,38.10800725611511,123.85754176359902
85.40675081683645,136.95539324140475,38.71283971987021,124.26066542852075
85.3464907333516,136.02212100145266,39.27946843667321,124.88662243550922
85.10822377706137,134.94581974246915,39.569955197568895,125.35867330533634
84.6434410618573,132.98932370217113,39.75635459852376,126.72304134723609
84.07348671093607,126.9526760955526,40.08424228329163,130.0957788517329
82.93485258818629,123.04933812639939,40.95356573032164,131.86612456695582
83.81432192783429,117.76675751221889,40.77829480615262,134.24065011416448
83.33099359388629,107.68226339905601,42.000565963365545,138.32298558475293
83.26377051028946,106.53503023953098,43.02140484315229,143.97551774738514
82.48127128527564,104.91144690300325,42.75365976767487,150.55384901890557
82.12125329085617,103.26132120693198,43.39050502480957,154.4010512877609
81.95964817850256,88.64607085868325,43.834886887886356,159.38525987000057
82.03831622778145,86.57395823392477,44.353168961020444,163.66962577217407
82.32809993807325,84.92236110201735,45.09568239103804,165.32509028154098
82.03280363905633,83.90313102680389,45.92738784712893,167.79075131559483
81.49801527763374,83.1675628836537,46.96482031776325,168.405242315812
82.10117087325646,80.73006354340379,47.55246182999375,168.21559665961138
82.37467204856966,77.21406384020148,47.58575212148388,168.47122744800453
82.6324583735823,65.9576180234287,46.80693868705198,171.10520520215556
83.99210348901423,58.897404314655546,46.46994597205724,171.97190661414766
83.46233574141289,65.23280349655744,46.895926829827836,168.99342525931604
83.3027055180264,67.75687973167248,46.17589315295121,170.5273569680105
84.188644994067,69.78051187454355,45.99337753743309,172.4216825145743
84.86922442532926,64.41318376801186,45.894411281834536,171.51795486228121
87.19147396531687,60.79529765525588,45.359682976700626,170.7557474468325
87.39687201528965,67.51763005466738,45.99891639297518,169.9159467684929
87.1307311727246,73.77386759851764,46.16439920038923,169.821348878058
86.68631502727665,67.76727266025966,46.534274770456115,169.04612666045773
87.22454615452943,65.08143630936752,46.261548964238486,169.95651901632527
87.59771964838552,61.938117872719516,45.944443872201994,169.14222996722748
86.94503391329039,69.83196749432113,46.27545100208694,168.985515984034
87.71848937936007,66.42881369816156,46.17825830687078,167.68162460174378
87.0632474206752,64.49661580145326,45.72495888855478,166.54273307979173
86.38194746569548,71.04828695568287,45.6277236268147,167.29894124740673
85.23459080549003,75.87669373581319,45.48942183911709,167.79455536048593
85.61377050669314,69.71156033139931,45.771797204624676,166.92961075879123
85.36860984681141,66.46730347594551,45.352755254582235,165.92753389734165
84.8689040054946,72.47483823543979,45.28118007026487,166.34645676421735
84.22514907040554,78.09281084467749,45.43335032271379,165.82251334627907
83.78591318894237,71.6460164255171,44.91237273719041,167.10621506149192
83.30034981095935,68.01276415241614,44.32106946900946,167.48752816711158
83.07398755531756,73.51447336770836,44.81635948996996,166.03620514973514
82.81104120930223,68.96298106536399,44.88359527491899,167.4667497023914
81.05410016162479,63.152942681734075,44.875412684452364,167.06285300468542
80.84926491799294,69.45215718843099,45.767396238437016,165.73003373250253
81.00439433438953,71.61079980126816,46.51010435796776,165.04541414098347
80.24223702830264,64.9433172462367,46.974747568164,162.82861380915185
81.40881920178353,74.66535167827288,46.88163902068645,164.04015407593886
83.80328380612008,85.96410849936548,46.076664956895584,163.53212178751343
85.0304037076018,83.64550683321467,46.99956162281944,162.35956693347472
86.0590710333422,92.74693060238668,45.93424531335678,160.86953181883675
87.18247586684393,92.56390399318636,45.95091917067582,157.95424968338608
90.71532894565709,101.41524717179999,46.65677797352926,155.35136629704505
92.70148545873991,104.06434989126134,45.53754045166659,153.9640774249711
94.76024391474344,103.976112471095,45.96693811714365,152.198216898101
95.51176846106355,105.20488149484052,46.51706828857204,149.07506883521768
96.0165150509022,102.49646847544565,45.81178583134117,149.20045915547104
96.57648010768543,104.50918028468288,46.590334821816796,150.6216025955598
97.36887093494661,100.73641894210705,45.790072780083555,152.71256166300518
96.40514231567624,101.01432703297503,44.86764598542118,154.35444550492033
95.70471411342265,99.09383964573742,44.798534309407714,156.68397094238995
96.13160553160724,101.0128832543197,44.90819475230493,157.76754891687577
96.27571943759565,98.66585329116883,45.32624401275774,158.89240284380313
94.17362881932499,99.69822675103151,46.915119110306776,158.43895758461548
92.60119661211851,100.63761729520802,48.12111273709918,158.75840962385647
91.53039383208706,100.65722129820458,49.0273961793566,158.68950394819336
90.58938566372399,102.35531886312222,49.7813862690582,158.30206140281547
89.65384052714134,102.66853368304015,50.27282976411682,158.02972704315005
88.64295407498534,106.2568156896433,50.24668244137803,156.58658912399892
86.98538234825354,106.2921156866617,50.073217296132526,155.18985683244625
86.76842996219695,107.41748204179653,49.98493412001878,154.62065459779305
86.59315152331351,106.03857093363537,48.9931632838193,154.4445850408915
86.99201549793436,108.65071332694458,48.72125344408992,153.6258836359259
86.51379364980474,111.20089602316253,49.20336146987795,151.2904213120325
86.03437868699902,110.78248268478397,48.99049413654012,150.9717817898684
86.33773352213547,110.91667921795668,48.52983444261609,150.29289284625705
87.219287255443,112.2002436461923,48.3638016038773,148.98015482554783
86.1452233364633,115.66591779131406,48.584929872897504,146.2647708526261
86.86849432868627,116.79683469536022,47.70379218437289,144.9335947293368
87.67904939527412,118.71430652502441,46.844616510406624,143.98740019262803
87.71944620420818,119.2071547552743,46.35412196241995,143.40966495167743
89.55412959244563,119.38235302732659,45.31934247384787,143.8313500211135
90.34978514458419,120.97235595518025,44.986200186137225,142.50638864954468
92.56949398875938,121.69372521600923,44.46922469558653,141.18071020060677
92.76756726344458,122.67697699265146,44.36464049482036,140.40014345590842
94.01764059315578,122.85369006897886,44.11941789431213,139.48622305915495
95.17256736122222,123.99412538743633,43.16499603409019,138.9287458624866
95.98394852073966,125.62159036850917,42.53359730005059,138.18907278205478
97.34647084848963,124.13203833344083,41.637252352535576,139.19685646149017
97.35884291573282,124.64989175713033,41.36344414508261,138.99331032539962
98.28112665579843,122.84232411447007,41.043808691814476,139.4820212981286
98.74652964252424,122.58401212273924,40.62527382460601,139.92874327877882
99.42232625436864,121.33465702630109,40.291562471186964,140.29953236722397
99.26705853091983,121.38619240726509,40.30755706577632,140.50283532069668
98.77861156350264,120.14333521431845,40.65552412740363,140.9457342597363
98.30209273436769,118.41241137365098,40.67310872838439,142.30454553741524
97.4927303512486,117.14103634472933,41.46444592328774,142.32439525231726
97.81776333295969,116.09318907840604,42.56770494536971,143.72593069444488
96.55124642365743,112.63032419432109,42.89623665826132,146.78234603047062
97.02324760366878,108.25369562014482,43.91423121119486,149.38964475520865
96.92135699531559,104.5741352116023,44.05190596691273,153.97822342751832
97.14270334305996,101.19280013232449,44.65303269891423,157.63362859049897
96.4018487128769,98.86791055557342,45.09490531415402,160.45030074937222
97.99889766043867,99.97808457475571,44.72702340146758,160.90200628652337
98.42292079126283,99.1542917905094,44.08382469915213,161.93109656950497
99.2460619311097,101.15518002401382,43.892194252038976,160.91599608020306
99.56059765451248,101.29112177630971,43.08188923525373,161.10106097515504
99.2585716331687,98.57903817147437,42.37441211839539,163.9660197917288
99.40832020268601,97.17719061488455,42.39961798729725,165.1381519566815
99.85440204822763,98.54207855297778,41.922919531924165,164.19394884775272
99.58377405911925,100.24290568027068,41.71833072874214,161.7369953706976
99.44210129014078,100.4538377796089,41.204590445070494,160.9910055244763
98.83068731000557,101.95737094679866,41.227617437170764,160.02022888202183
99.17609529924735,99.78665378212834,40.9576526297039,160.9823583254982
98.56778830782856,102.43424892476436,40.67023531199672,159.19522372717685
99.04878257426839,97.40686744132942,40.08297152486752,161.36184506196665
98.42648685358077,98.83350936528177,40.11649338234993,161.55462749824164
98.2961454058767,100.31319195113744,40.22394049954552,160.45604077749618
97.32311377749016,98.9996383522751,40.50408182982015,159.73937222601432
96.26933610729864,96.22138384006888,40.609578902609826,160.3313565044856
95.98597028799436,99.16206110951848,40.94048863846646,159.02850605112718
95.75571153376029,95.24395309854066,41.46464070644673,158.8361395001458
94.84365450910974,95.34261428878877,42.220208937418995,158.09858827596062
91.9422772802009,100.60898799949248,43.07475315582628,153.25307811727902
90.5732735579315,103.75761579126738,43.26376653603401,149.24781281388059
89.28820083446122,105.27285876163845,43.27460869928317,146.18309519921235
88.89618232806158,108.68331001462857,43.56566487426047,142.49141055631497
88.92960558578804,112.3272849112269,43.777803769736295,139.77877671541935
87.8236256353095,113.07905963505775,43.82149808956241,137.72356786252618
87.90089404785874,113.44747928237089,43.647618655714055,136.37352635365886
87.7419954065669,115.8727588911786,43.64909432689329,133.23856965317142
88.35203771106927,117.38697343786752,43.35190878529043,130.96913096678364
89.6951605323984,118.29210851647058,43.117359300087614,128.75799778796537
91.37809957844604,119.07349495832031,42.03933039584332,126.85474663301994
92.50062118300885,121.13341564226141,41.00430260286303,124.76732756929118
93.78932453220776,122.50291699819194,39.8533169507222,122.29360936589686
95.04216412312768,122.01525576678281,38.594846006530396,120.6344353782909
95.1107371732984,119.69454636847895,37.90128482516477,121.09670216302729
95.90406732884466,119.59839757076863,37.145983364074525,120.86524560281211
97.16020758662755,119.50981726661522,36.517668936803744,120.43638611815476
97.48424503573139,121.46979969414372,36.1115746359729,118.87503785359763
98.09392158720908,123.06819323633027,35.447803996758815,116.55503610714949
98.20257301344371,124.51280410690894,34.94275396978813,114.11056920493562
96.9721974208493,125.3258541845235,34.72031147135269,112.79091291977412
97.20776530259596,126.72942408693204,34.2731924048191,111.52556062010686
96.536720499487,127.47520853489291,33.72424132824435,110.4485632776538
97.66759179785225,127.81095684988188,32.9787551831206,108.31717139449444
97.67289692647165,128.07811888478784,33.046415055741264,107.94945613510731
98.5986728209414,126.66518757915959,32.98916537270537,107.9642368600723
98.31434161960414,125.34943844298735,32.97634047736814,108.60825616093545
97.85968889118422,125.72177582664216,32.935175367458385,109.50952515449774
98.09773960102869,124.81181477357904,33.16830109248762,109.04931401324848
96.94075789769865,124.44953168133532,33.32567308374244,109.19798321935764
96.57588242153506,123.46124669165621,33.778256387992585,109.44057862271944
96.49612202529215,123.8084105778308,34.17994156877741,109.40768472593103
95.75294554335214,122.33367288988212,34.41257126891688,110.27866722196083
95.45951137648312,122.19912145534657,34.78314613358353,110.68181388888254
94.70314292700078,120.30363339263886,35.05923435376861,111.75227118685962
93.75758010826601,118.89227229152577,35.36459844414952,112.26228524966623
93.36964800398674,117.07627620750823,35.18990971233942,112.6020413279949
93.44244769086339,117.24061835070711,34.75941295155838,112.2794457780642
92.73307887116269,117.15129639507693,34.566001233164066,111.49356208236046
92.49305446663992,116.22374644956147,34.454544514713255,111.29318912259181
92.6131188203588,114.79621370647509,34.19693520106226,111.34144566024773
92.07577294643112,113.49156291248408,34.241019367779046,111.43616580635047
91.51579977267123,113.56246356842597,33.9960316284992,111.36494610198727
91.35122555430533,113.40241742092222,33.75973112543072,111.21694050161094
91.41536050500184,112.13168691758065,33.75930998333128,111.92669701095672
90.09093375887024,111.36976670178423,33.49640123804565,111.61189651428114
89.55259120407389,111.37570340601027,33.3432705069172,112.28255040952473
89.05477821750702,109.67535536925625,33.21054824873534,112.49997912806757
88.45854140929137,109.75472350064221,33.12632315663238,113.59378905651116
87.37059778756606,107.11731465334483,33.167374203183606,113.39843863739742
85.90608546523755,106.13755957321465,33.26060058429082,113.37076796860964
84.86297939262677,105.20804834285417,33.12945247140996,113.70718763277601
83.64163903284596,105.03921393593487,33.33346069608328,114.16936504357137
83.28306274177409,103.95059900609797,33.33869933493631,115.32368859983939
82.0720488151803,101.25680885861135,33.46163656426829,116.07794999375064
80.05449001994839,100.07556387392003,34.1150965543293,116.43762567022554
78.63403246348764,99.16258060588484,34.694420709609176,117.71354397421737
77.10460867407394,96.55862031271894,35.29706292039458,118.84307777694931
74.32554016854596,96.05949317738076,35.81304800350256,120.39429530446162
72.46199533415336,94.10210489572151,36.27020254121476,121.35455831797543
69.08575955488251,90.61187992451158,36.601870076013775,123.89204036870215
66.6292788130487,90.02976584669278,36.32567550423096,125.37615154307186
64.63626898292293,89.92515461678283,36.550190514366534,126.50773591323491
63.08545987771683,88.00705639923466,36.72535894908294,128.8673375426138
60.839167364405206,87.39739996088878,37.694912979383545,128.95618550784468
58.37893392267199,84.61320012061462,37.779896788661745,131.56921786165654
56.2741023421781,83.55547307321496,39.093295634998036,131.20593531743305
54.63480734247509,83.54293134313315,39.72271094415747,131.81935309957237
53.891394912363545,82.22293271713035,40.23843970595756,132.91171706128713
53.091842936917544,79.73373717537882,40.75977318527668,134.95775631716873
51.671585100433646,77.94979106862462,41.76604734880693,137.0272198283227
51.2751640245323,74.57650652772192,42.86136107873079,139.66122100851678
