232.5,320.5,69,128
217.6302980247999,291.61461266307276,80.65536616963843,113.43138868752641
217.99436657841187,262.7321429427245,96.94773878226317,94.59195801103529
206.41170720716644,209.55839878200635,87.87931957919737,104.07264030219824
211.18805326358404,171.36041272381874,75.91589901177232,116.07643865148358
285.0309433940147,232.4681249801895,76.3277139657548,115.47623325495306
311.1533097359412,217.70244075586618,83.07305543961658,114.29845329661723
310.73479827202755,202.7141760529549,84.91868170187078,111.83189035624838
307.1985772901935,189.58301498226388,84.71217249747858,109.22785469428574
301.1038620929303,144.39470160075945,76.04874911698064,116.0911986814157
315.5478463926673,116.5850057621814,67.42575511162283,127.26094436247804
315.659114047878,78.32333138263336,60.66352835298975,139.66142935204286
363.7153454946477,97.3854620185706,59.641649260719916,138.82309108431875
362.91972355458125,82.48174948128106,58.68888655477791,142.09362803633925
367.681191635662,91.5204789026521,63.8945785511858,134.0375744136289
364.4111791928283,91.30499269050667,65.01621459331682,132.97883269225937
373.28541597826626,92.26238614187295,66.27653389963817,130.61544627218137
370.77940355045325,94.371894002488,66.50089481864913,130.3426714528983
365.24052944480076,92.5335771833489,66.68249339463922,130.25661025551366
349.9082133772212,99.03228210290331,67.19106817201018,130.5870850904771
339.1512669160078,151.39747382236348,77.50676945167581,120.93398741815831
313.9394054400152,157.72662562494045,90.28409958139534,108.88908647766577
291.5328164251321,167.97374588972394,102.39817711677674,99.70783136832588
267.86972320828716,175.9292466403365,102.10605452947063,101.80526225540646
246.81708507449866,172.75542720097835,99.59575309929369,103.87482400857341
241.98283460803268,177.80442800490718,91.09902995690828,110.11354954304973
243.8473078266677,191.64239015169574,83.4177870242006,118.41930325850578
237.77173113668584,209.14357391602152,77.72920537303636,126.58879547106514
238.81764644700516,216.5345078100702,73.6471537288382,136.26654339036526
231.62847070438858,231.34488316600823,68.58975806746489,144.74313612331343
247.9012513281236,221.2748462754794,64.73555538627905,154.5326535307749
251.97562910478655,218.28959880211298,61.310049745215125,162.23798887057416
257.504954427282,207.27561414687332,58.6896381978195,164.78762375417358
269.13814790850967,192.9067842562099,58.02990063416784,164.7832238278588
281.5998355889351,168.59183940036502,58.44645866870268,164.51716703686301
298.11601963025885,116.0019489009559,61.87264390026418,161.61545084329848
291.545433700645,106.09849562962175,62.71226107962122,160.4742677863574
295.45125021915123,110.25155952654958,64.12129206696177,158.89410787656544
299.7616583903191,110.35658364326422,65.21514209120328,157.48514821468464
273.94732022767425,194.9974708132721,60.71511053075076,166.25444504166109
273.9509519380573,207.579965247929,57.32536219711233,175.50620803391948
272.495447314798,205.28200103252274,56.913603232266105,179.86401634098803
269.77433674326505,205.9874459377771,57.08732643145389,181.46586356623067
253.97384933975218,220.8828714713178,59.51052680915834,182.44832602148813
242.7634925922613,238.54213769320876,61.481926186708506,180.2433990769738
231.94119310436815,246.973679911719,64.10055088881313,175.94596081152318
225.9412632554114,264.7829667300226,70.0316606820941,165.56650193626848
209.3936981028717,266.1996649308814,73.15135573021547,153.51500880145764
195.45627712126497,264.9932148363396,75.84259440668573,141.34828290716726
196.09961244256942,260.21790482937325,80.32061511692109,133.46389391841436
295.2784446552749,334.9624838824729,77.83691309385392,137.5069928922932
322.5199310728014,344.32296098817363,78.77987028199425,137.51902513108703
324.0302609744842,339.78965846538057,78.89319432910781,139.39699101270216
326.1982951518467,336.95603681338184,78.42091052600324,141.57361799513598
328.71137387873677,329.19022655728793,77.98981532808253,145.05249173455758
332.3502010297102,333.0718181029754,77.9129170991337,146.47400007232085
336.23337814786976,335.6299545559742,78.44689111751421,145.81934940448235
337.66822115534427,332.6236050299309,77.89688913119069,146.14762119521652
338.132041379056,334.4721713944432,78.29076782019615,144.18915213959286
328.5227550157248,336.55530542677707,77.27532985044738,142.50193757223954
330.2823547291015,338.1233799581965,73.32519811049013,143.2022309799512
330.8761387927863,341.40581602597115,74.2182207080656,141.08783310663947
330.1268310542453,340.97383243062194,75.30281037180647,140.53215820654043
329.7199075148726,336.0636078872848,76.16643615415201,141.48828749188425
331.92514105635087,325.95228403627556,75.85320904235643,146.31772192180787
332.7291629437642,322.4440574582052,76.08964995438119,149.7847661652899
333.18932068969974,341.83989036086246,80.88739686332806,144.03105278307117
336.90876493942363,349.1078033444401,87.17081270805747,136.63667006847933
327.62667160167007,324.79372778462255,84.26012679445331,143.92196382727462
371.2770812388925,258.944279121343,78.6804760380748,148.90664301418514
371.4201383951642,255.07919147896084,80.4733226210698,145.46774042571957
370.06384196772234,237.05161864481198,80.42508984195078,147.33831196682002
364.93650376654745,231.2362867547387,80.26143319071176,147.82389708790896
361.23677323444184,234.0460453897989,80.06305394577991,149.30100228482956
360.15139664855246,232.52659061601557,79.93514254770386,150.99114419418976
360.72687734290224,227.93035491589262,79.80458192156236,151.52604475550743
361.4751774959781,232.09275610174387,79.7779709151848,152.13953107246462
360.8643877537988,225.525889968716,79.60197061038174,153.18883169026597
370.98589395800803,218.72880435499587,79.79376121099641,153.68578345054308
297.55668072476334,184.4926082943653,79.41570696459519,151.1305571636011
282.3244908212389,184.41215580182342,79.38162218729347,150.5312242164797
284.60903850191517,182.9741393650545,79.33263886359968,150.1105947593901
283.659184090102,183.05029520161995,79.3248469433601,149.37824149890645
266.4175951851331,174.98211310107243,77.7091516148701,146.69266432426906
269.83066023842514,179.43107990548455,77.07089916331523,143.82975535838915
270.02990721901745,186.75843302346755,76.04021282885492,138.19624453410526
273.6578702720686,187.53145924494385,75.59595941028313,131.8242357465482
276.91213418650636,190.22953669381764,75.57876506605729,126.8725117663021
280.23418822172545,190.61614416760767,75.23359670051411,123.9808259115107
282.3272855613648,187.54770082940348,73.23927914792908,123.87679490527134
285.20473398492345,183.64119112758954,70.061804204422,126.08667919995148
298.48652553127584,184.17124043548773,68.56946058315283,126.87594343434432
298.4140066504315,177.09358052772944,65.70131069797566,133.123205083357
299.77571666337894,157.58331772722624,63.64238488852294,135.73679785355284
300.53558160003496,152.35789591342183,59.65784416697472,140.5460928475862
298.9752236845395,153.52117289714766,56.207736805369194,147.01749534680934
294.982818710545,152.1875426515715,55.57870760388314,149.6174155757275
295.3780711346988,155.84793187215962,54.45449017775569,149.73134429931562
296.4456626366709,159.8344374004508,54.71658071430838,145.18371514161328
293.55333074075116,165.6051772579305,55.26265092780916,142.41397061799907
291.14430844946145,172.83629991186302,56.6970108752263,137.7409337223045
287.558481633671,174.6034854254553,57.82694077862716,133.95700643679916
284.3773005496027,174.4055344282578,58.28440525694448,131.22130352129724
279.6386128136326,172.52933711050218,59.91800259549231,126.20913173529974
277.621949341158,174.89705416871425,57.7669866792661,123.82579369965563
277.85776219862606,182.20918100782825,56.55394158938712,121.24084475470394
277.0966659589213,184.18403176798853,55.814059836695264,118.09790122092895
276.6868274192517,194.07887607903015,52.99006444975636,118.15268739132621
277.73671443028377,197.73183371569627,51.54006700564171,117.56444923438804
277.28694552979715,212.42089901338247,51.09725635023218,115.72670293161815
275.16171636072073,240.18806652631628,50.05939462384036,112.29756962694194
274.19978195855674,253.54330440211925,49.177731449561165,108.82647566549713
274.31340938545554,256.0682086296452,48.117463299636256,106.01573357282618
274.41772179916495,260.6434104975191,47.30544622883217,104.14277658390459
280.3973831864815,265.88283542113913,46.86630511008286,103.76369346792671
320.48152266294386,214.49461999381853,52.44162509514637,98.33876934209918
321.46751326004124,219.09314399099847,57.96116716679026,92.73212657349306
324.42816778398804,221.11466073779619,61.4694807690431,89.39607271227526
325.8200815332451,223.98000722261992,63.35803514842816,86.90934751415793
329.5383323824795,229.68664216897128,64.38819585688077,85.70493611144548
330.1312873928259,233.61248727782836,65.47394115730914,84.87076489092368
330.29685735042494,246.41663981976154,65.60668193006316,83.5911627336931
328.4190406240015,251.16642179910068,66.37176033492108,82.32181384764665
328.21227349584296,253.9222696127856,66.50705811267105,81.54858352941984
328.807938085923,256.04290290541655,66.46140924085299,81.10505597308857
327.8505242361286,261.35059483332344,66.97058084112238,80.13675063137397
327.39035069436136,264.0993885389555,67.9000075905337,78.75873109120352
322.19134829090683,264.91158369438665,68.67390408292864,78.1508435183403
316.927899119255,264.61240725098435,69.31485329140557,77.46785509082906
311.93281732482774,263.1947547060078,69.86985910438125,76.66258405659083
307.50553475971253,262.31508424231464,70.50426375029768,76.05876604270824
299.98172247132834,256.0094921223673,70.17986283725894,76.021567142039
292.7029027588869,256.96047304362304,70.40763013079413,75.84194874435173
284.00966288600887,257.07540164576676,70.9807057932983,75.1348203706402
272.4430630093086,254.76394386293344,70.95925962689898,74.53310367312329
261.15038833248667,254.9555090586759,70.10939970625087,74.67308724762654
250.2349310109563,255.87385071753704,69.60968118585947,74.45959552498175
239.1179966219968,255.84098009917366,69.40484642679115,74.61698623442196
229.15856259643016,255.36695142458206,68.5325634311715,74.93488271543734
218.9608771202574,254.327286774646,67.69774792111465,75.3279166251803
209.3645413077477,252.58767921289925,67.38022286034314,75.59589646386856
202.62966827116165,250.84724234323403,67.51598837321244,75.62255992182692
196.89693533645647,247.9490663866723,67.4002317084431,76.3111928904008
192.2514363406595,242.59149248652386,67.69263827700243,76.56888314827826
188.9264641841158,241.34589059798532,67.73881710241895,76.65320249351632
187.60049501895367,240.5180607672634,67.29376413216026,77.0227759532924
185.11470987502207,233.9545219864662,67.96975832444242,76.62382106707187
182.9682406590151,233.74517728148322,67.96755649003792,76.41899481150665
185.44972610688467,232.22825900754378,67.9065407220148,76.35618481206802
185.62817050862867,230.55753490291374,68.09753376018638,76.54092215821467
188.33986815473745,229.302834267271,68.81102887934577,76.48057931939277
193.97871718433103,228.53120424569576,70.16026677902092,76.16468299238028
202.63983289017375,228.68552063851962,71.53121163686673,75.79017650188186
207.79434483312602,227.64644266088757,72.00335096659938,75.36929018457825
219.00739876639184,226.40268522242738,71.35954786386169,75.2787804357204
225.35538134101415,224.10585342422604,71.38383189064247,74.8092402204776
239.10623617618518,225.2882410187051,71.49631899764414,74.9444104336649
263.14446506090206,233.56021788589413,71.86014595721426,74.72776916876919
286.4866399930272,256.13129368621264,61.374431194282295,86.80422260963608
277.0281261737464,280.4885369836745,63.45222161970919,85.19512465606982
277.9325882351673,283.93492828492055,62.36847240073703,87.11236440770367
288.5879321879057,223.15535296335008,64.69786780824852,84.65192276568835
295.814783450272,223.5217067586732,66.25818811066432,82.34086439264777
302.86697213334367,224.38428645566827,67.36583829426469,81.20772980181921
309.9338320200142,225.1926471208618,67.5140141584358,80.76353149313012
319.9082857494757,224.00195739295887,67.32072574858516,80.66247119254255
330.2506365688022,223.49654796868185,67.04944764814017,80.56974592507642
342.8165351246728,224.19207324930957,66.92900307546137,80.48976222974198
354.0409600115409,224.40893419101184,66.84931300021152,80.34954759450069
367.1974928072507,223.31115717247263,66.83608452121867,80.05662082522836
379.59007498215635,224.7695058977314,66.81828848805773,79.8035839009865
389.489979138518,226.89968057162258,66.42123781998782,79.65188857542091
398.1911836422247,229.22103609949323,66.13430732819937,79.41662533462102
405.5825520756295,232.90613751046834,66.08341059505675,79.12979033722522
412.48175947650225,236.3390977304057,66.72106051346506,78.22919143818301
418.3323250679871,238.06014207996554,66.46815721288067,77.96677021190268
420.87465913334245,239.3100779330402,66.82092137129351,77.92110640293967
425.2934297380194,242.32864913323527,68.62496551197619,77.08023780626047
424.50456531183283,243.65881080379634,67.66971678332516,76.58194039363563
420.59496854356297,245.2167454457469,67.52978480106607,76.5659966277704
414.6340832929636,247.8919831311212,67.73024468672524,75.56160156021394
408.07971902590293,248.52534916251915,67.55715769197698,74.96822507679425
404.2644056898839,244.23471890049788,67.10244958618297,74.80871430719667
392.6462657261745,246.90115653019961,67.52463878484205,73.66871490991477
385.95342125230866,246.46596989557952,68.19092065096973,72.9977450862366
382.31950715442053,241.6208582858478,68.20896294662992,73.58619599735044
373.6785079780876,243.03596396033782,69.37580894028697,72.88112173905337
436.1620711836784,269.43999731675683,69.251089755668,72.17935538021925
434.93740845646346,266.17168354582645,68.17625744757038,72.84895277834224
434.694677483897,263.1977803972546,65.52252561943361,74.24076885636978
432.90103759897045,262.18922764015684,63.86437587344809,74.81771981810546
428.44560157099284,264.0038201164686,61.035313961813046,75.22648871908912
428.49016894708257,261.6741582914442,59.85318165866923,75.33788737371566
416.9829981468924,284.06520443257466,58.473047322159964,76.07550944692349
334.05082074714636,223.8122704091189,61.71838356696446,73.54544304559279
327.93173667798817,222.78422317492505,63.05151954738292,74.18823914552651
324.4823878280986,225.82123509246048,63.70111036315937,73.82786553704865
325.34472634589594,227.80777630686296,64.63365154541441,73.25298099757168
322.5444327878707,229.46065522452852,65.05318216198373,73.20340654808956
326.9435436648404,229.1815492318009,65.42830597384025,73.40234396737125
331.07110008417766,230.571233604856,65.82566944589564,73.65903245507148
337.27331713871774,231.5813030833219,67.32995249227197,73.16418327208072
340.5898852993919,239.27722659967563,68.29504319500211,73.80695080236154
343.25048103172156,240.89269405528216,68.45920138549414,74.27109044940653
346.72576994945246,245.28354466126476,68.85875410804624,74.38942509559566
348.1802202292473,250.16120391725252,68.81948746149665,74.35922522070504
350.5521451180272,255.72873726513592,68.46380125052622,74.91667962021415
354.0025814130111,260.13175961143065,67.80167625729914,75.11530602442645
356.78417300061017,264.6387926819047,67.27225744443629,74.75877639013119
360.18284119227195,268.5681227411907,66.6707638040326,74.36782962757727
364.69970982150437,270.341250364294,65.96690153793841,73.83655398227697
367.0659994146179,270.3180400769654,66.21598176409532,73.22890662337478
369.69211722467975,269.951213102742,66.19054038683059,72.85434965053409
376.3627096246061,280.5669614184601,69.91728771588404,75.30226776824335
376.2018548471679,270.0659385275118,72.16211610048765,78.60124767794761
373.2210901332351,266.6185902639367,73.28207467416618,79.63981932716804
368.26915875019836,258.37007648728576,67.73537114843072,87.61361537412235
370.1807400336846,254.34834437186942,64.13451697875136,93.36048522362262
432.4374752226096,301.8588438395572,65.84446579035439,92.5993968717431
442.7915729053608,308.68332693112677,68.49965085698085,88.68358117078179
453.35447845982486,304.6976535818254,70.19650591626562,87.92744698101774
478.7363778675126,306.2055598228705,71.82542636968904,86.45101946005585
482.0136248097823,304.51852648459305,71.87475233225656,85.95967175558347
475.07001371464946,301.64912683359074,71.79972953503439,85.6409225346389
483.8627296619874,293.27366193449825,69.73682819608375,86.28002257513347
476.1098074142591,278.05261299304357,63.670105705456365,91.55038278714437
468.4249453917925,263.41762496076564,57.865131874412924,98.88341770484962
419.9212919968285,257.36253160290016,57.689584965610514,100.6088626374385
421.34380068985496,261.3950446900144,56.59157328062257,102.1766155846089
418.42004103923546,255.76034314432042,57.57854980766112,103.3063692848226
427.0718118064437,256.36641941565784,65.60803706657966,98.26412431203305
431.1022476871698,258.272083714626,71.79054394434871,93.87426593895412
420.8282546119606,244.07973479416964,67.7401738478188,101.00448913997417
432.3644606743369,239.5171499121425,66.24407664921367,105.63174125189832
434.0253716078801,238.03571067264977,65.52713797609691,108.5606129080295
435.8211195730764,225.4195482341819,65.21308640834478,111.83094933586861
438.40452803919027,221.23191443612018,65.55158525675661,114.2814418083958
447.7612616740737,208.95378864397037,66.36445847160891,118.70230787938974
447.61687738643536,199.27609535915707,66.78007824794305,125.69852735001736
446.66288905050925,190.8540530788482,67.24531698282173,133.03495485954866
445.7731602571457,178.33724073415374,68.54525329498207,137.92172896300008
446.707878944187,173.68540766858857,67.1160754073364,145.7974614011983
446.3008800909084,158.78488865393047,66.87239274547014,149.86983693966977
447.57632232296635,152.37573450786624,66.43528639567313,154.47938878495987
449.1136064679866,149.29012357552654,65.76741251786406,157.7639310002862
459.7813020749086,159.2545479040227,66.22832028473296,158.72803430862592
470.57837079833746,170.81600461064502,69.66618814793381,157.15279507445842
469.33598945510784,191.90024300675793,69.97737519466827,156.92037632666623
464.0221651368619,240.66082393588823,72.05049940946829,156.34387846987045
462.70105193885445,223.07402118425657,72.59275236531288,156.80366637669823
458.8824489883474,230.3947896008081,73.61670944125373,157.05060973005754
457.9246794932741,233.6375982452501,75.86285283561146,156.5711588993034
456.62481921075465,239.87442738762792,77.32765339962032,156.11990242424017
456.04557319736,243.81098976951503,78.31470048882287,155.07257331094814
459.7298942730099,243.98679803478043,80.32069021923684,153.24397752474107
460.10616755467305,247.84816576229287,81.50850002969757,150.52686731767153
460.62104997705785,250.94011907659944,82.23999104525659,148.09572610615737
462.12931622615986,252.69378582209364,82.29104353850762,145.17367434486715
452.5225181183056,256.04677095781653,86.11626733295157,140.90758515977092
455.23517107454893,255.42613577952017,85.3492208122496,138.14511520569462
458.18081367196993,257.65877108975735,83.98662452503083,136.5978502901001
455.13642410900167,255.17195805360302,82.60858531829524,136.50805558985618
453.4952019273646,252.92823828225323,80.59694465578204,136.99443464671592
448.1365100585757,252.11104258026919,78.54860039653359,137.95170912019927
436.68883226800943,252.41113208218337,78.96247061084492,138.48413876848574
427.7571772108914,250.48882523976346,80.76954064329375,138.43455570459207
424.58427683572876,249.31018586621428,80.7431132480198,138.59883842660497
422.80351484818215,244.2312042418048,80.3974311646108,138.89062125550205
410.979004886916,247.68510309911454,80.2170443488618,139.18066518516966
403.7828183910687,245.57676433259178,80.1048454258836,139.48267988023304
386.63583787947186,245.7777704732344,79.86514174570807,140.20944426845003
372.2808958959257,242.7582992089011,79.96471038992446,142.3367814389929
360.82277868419993,239.1664690541016,80.19137343276074,144.90097496697564
350.3511175023724,234.25484832986774,80.30648496572732,145.6780099411392
340.6669509071643,228.27940887219614,80.34544193544049,145.96289611966594
330.62673770250376,219.70470041959067,80.22279293582596,146.0891997741445
319.8195835108751,210.55983476314594,80.22561869884402,145.91585926391383
320.0557692770589,198.27747105352302,80.20831793030273,145.63662496746142
309.81753015599963,200.33679574143255,79.94388468865674,145.79183080099295
307.19318399186005,202.41881721845806,79.6751915341478,145.99054028453352
296.5164276654756,203.79554593673367,79.4404530730251,146.21164048615063
198.20823800171206,128.4380896661273,75.87156018375529,148.29630400392585
175.9843808355,195.99133236467094,81.3650203657888,139.57343219326435
159.1203013452428,209.91864569572107,86.72840654967231,133.54975340714066
148.33635644945286,222.62130678323015,88.22413180572973,131.74736893048674
249.22877301561223,228.99690266264565,86.14848141266879,134.94125411409956
261.10426593168734,229.06053246556664,83.09814293464457,136.19765065239977
260.3936120928479,236.7456724156079,78.54628939177293,141.3627749576395
265.4251812716003,226.36597755453823,80.65813596621393,141.01724143148786
262.6283513463743,224.5288814480209,80.97027068162555,138.46103546642192
263.74068320753275,230.30669474676012,81.24118953987512,138.3923664189923
265.1023354874152,234.3277626264649,81.5104222401658,139.31336542520773
266.57710244195084,235.93860480421532,81.47559575335099,139.99582559523486
268.88547441955416,235.87101872470794,81.57315958317848,140.34964490643506
283.428097825741,220.9299084986606,83.30766451030667,138.26460309046334
269.3483589447074,300.22950184762215,82.2123719934433,141.94942823336055
298.03802506144757,307.3111922221223,79.87720632490432,147.78953793235826
303.5096195947921,299.4990394914953,74.02346380286245,158.89403843908354
307.6168193766774,289.96460901193586,67.72110959870336,171.2165491098112
310.2606337045753,277.11675296667653,64.55728575057057,179.19641609229765
311.03419423619505,269.95231996213,63.32379431455887,184.0330068633537
288.9323401640818,268.9122849032311,71.09029619047493,178.8497946821096
289.53727590200657,289.82003721508215,75.4372980361585,180.86203358868107
291.40091430963093,280.34443744297505,76.7294180028311,185.48469996028786
290.7423892721889,273.62839449056094,76.32966619592509,194.60872903375613
295.51646337575687,262.59630207138616,77.23576737080813,201.98416265140258
310.1217560248798,272.33155776349565,81.23070270244511,202.21529997934184
309.69668308005396,277.08754178967064,86.63608397799155,200.26527736537685
310.5369383908445,215.8318831101829,86.87269667412903,206.32096728294607
309.74715644760835,254.23056209046553,87.17062336882888,209.89371125109173
318.8539487784313,270.794585325272,90.26611501638706,208.87927028074643
315.67400898388433,268.9155966192382,92.23654691642457,208.90434921907436
316.31727081141196,256.1602927075597,92.64000662928927,210.4192924458738
315.13717017172394,246.80840068930422,92.66770816615731,210.70769791182803
316.5124456057926,246.98974927487106,92.77355230419982,211.6585398880714
318.0423703594492,231.84925919207578,92.75863349337403,211.892530612744
320.4216013682252,237.8794650694884,92.76670246642263,212.03724466663456
336.9101315429101,240.97255568504394,94.14444329503134,212.23887652680156
338.09697832598766,248.83636662308814,94.48632590075121,212.9827092710745
334.9485821362231,255.78870055555296,95.15417149912197,214.04485544728254
332.59980586682434,250.4042585390583,95.85666669348277,214.6774536984115
331.87425507188163,259.21545876657,96.75372582483399,214.62692404722114
311.0088668368457,264.25052384160597,103.17339847410506,213.07761451482497
325.10878502667225,266.94443715101113,110.45283684420781,210.06140449795868
321.9734207949297,269.4354342314541,114.69500252349792,207.57765152321463
317.2529147368798,273.86860172987815,113.88346928284722,205.32400697512753
310.1764666041965,275.8248604338976,114.46795276745213,203.7817123740192
306.1346185158533,277.1548365729121,113.30727276158251,202.50095197144802
304.0112613284349,276.30695709192173,112.54847346835889,202.1337953698453
302.3162746264026,270.9584492655047,111.14621435899578,204.10470342532824
302.1882335259373,265.26084813503866,108.68364002000939,207.13835344779602
304.73694846959245,260.0227008022094,107.49801218615056,211.7255547144067
304.94800070672113,250.2542090594245,106.20464879742255,220.0732624583993
304.85484835079353,244.7957534969376,105.26057335562183,226.19245458160307
300.5965297440044,239.55964673481418,104.90800700169515,231.41490461708042
297.121281303471,235.1103839591605,107.51110893952469,234.30868468498937
294.43886459538595,240.2608310279117,111.75811958939076,236.24392507660073
294.1341773560348,239.2434218454498,114.11573632711865,236.55806415838242
295.3829306927121,244.59070308740417,117.2706721090558,235.3272124593858
294.5806142513857,235.17386148422915,117.63214832018443,238.08999570235693
298.5974904420233,228.42883133165992,115.97731697086121,241.45194226085235
301.4620686658299,220.49589101039697,114.27808443911101,246.78490683434742
300.90430478201574,216.54159991413613,113.36036998109233,250.4250077722915
302.198319523785,219.42934294035916,111.98149140793129,252.99983013811934
300.6763760550572,212.32299775261086,111.24665510548832,255.25991621979273
297.5273830105937,212.85314846839685,110.74260443217766,256.2490546952947
298.6414957110274,204.66899182979262,108.81109038675811,261.07981990731764
295.1917961117611,199.8720511445495,108.26260311831074,262.9586009894128
290.9495823039319,200.60262335871283,110.3477282513642,261.1551583812212
291.8768578891778,199.41622290969235,109.10799058747556,260.7350105564228
287.09285229359557,195.5180810055616,110.20283435920646,261.58878089880295
281.62791550373225,196.20889046376075,112.84918437936281,258.9492748573894
275.92989366484295,195.88558542340877,112.90289140247828,259.59252821451287
264.46894819417554,202.07115955713948,116.72782799810997,261.0612618440241
254.5053112133515,200.62843926728496,122.96131343131569,252.4185308844265
247.84596155681749,205.90729011357504,125.96229042382707,249.5201485926337
260.2232892404646,205.5473878070508,124.81880677894489,253.98174540767803
253.68204242073762,204.95694020699807,122.73028086426072,254.9600634340736
248.30523104907928,209.4717673097864,120.82067747995293,258.72227266996424
254.85528806365,214.332068965249,113.39376978015721,259.57309765798925
256.734763123777,214.37277948896613,108.27864948244348,260.6346433578389
258.63750460197696,214.08805923249662,105.20173674889821,259.6880748976563
259.4608779212398,216.13701715809128,104.54972564933203,258.32945142966093
256.534451081974,218.66294272398522,104.82635404710189,257.1616909598756
252.0424705091654,221.29422613064497,106.43889433242848,253.95286870107577
245.48096982351393,221.5701956174296,106.50988135284035,253.3936773141927
244.72943097986052,225.45198157027403,105.25972060058723,251.45779171831828
239.02259635936855,219.38555161058127,105.5756763711122,253.75888550916375
234.0930826438176,216.76049668793632,102.58883473788303,258.29229116467627
228.72300143034175,215.47862202504672,104.03769257651689,259.96126772243485
226.26924756502217,211.08815682439308,104.93440662124297,261.7053572080622
228.16932294982232,211.7488870133066,106.68968483342364,261.9693323399169
228.2939064452724,220.46685262796416,109.89580768322176,260.15679226202997
221.87201371752514,226.16830840327685,113.86173116209272,256.4116875847261
201.16692438685976,211.74275174964845,112.53550921917542,258.8149058419341
200.42430695351243,206.56482520726942,109.82169747408419,263.78255482894434
200.94713807303242,204.03760710289274,107.20842997800995,267.2036012071084
203.60800732023787,208.1120189655806,105.78054872427589,267.9478553320745
200.94094592355196,203.09035695998327,103.75395422104737,270.66678034882335
203.32218616984903,207.70852771336524,104.6726985514513,270.68042453694466
200.143110155724,199.84698912147005,104.82723443742842,272.4721433833327
198.6032224181563,203.33912058763264,106.02118618590974,271.8150622671086
208.06820452653687,207.8972067503081,112.23803631546204,268.4217297740636
201.26512468866946,207.37767771120014,114.52747312132387,266.9534593419951
197.71674344376248,202.28596347562618,117.55045316713756,268.530291820101
191.8559040575068,194.08774230565044,114.19482328486382,275.85414714680786
187.60781710483596,197.05983326549966,111.68732459041297,277.6072456340613
190.8915170345959,197.83191943200848,110.77322406255813,278.7445107934143
196.15885013944566,199.33661807826778,111.28577140724094,278.43901574546356
214.5978777593565,210.20569633935037,114.3542569999388,275.9088746651929
213.5796850896504,203.51512728665068,116.81064381635407,275.33726924031885
215.29534990099177,202.76940140309057,118.4608557319099,274.9477805701222
214.62051078574856,202.3074804306747,121.35978563800207,274.2677626135257
211.87486544091587,204.10318237033542,123.91800662170434,273.20979908569046
210.0451553111196,201.69737207204108,124.75945517490646,271.5631076476722
207.08520519359826,201.9796296843536,124.66161325296672,272.1822555528537
203.44573884220534,199.34736842179137,123.77139655694882,273.8768983076992
203.68762154420057,199.12274175292413,121.06242382416198,274.9220540883658
204.05394224264853,199.06771679646172,119.55586403699206,276.43705914998753
205.43359217440337,199.40619798455947,119.05955727078762,276.5097079130895
204.04134758013942,196.72353980461168,119.9472236491425,276.55557723242725
199.294012916915,195.03800963720073,120.83050858380669,276.74538842555603
202.63835660521082,192.94526882730057,121.4727600232856,279.03386341445884
203.18685447563047,193.54630755643393,122.86325016806646,279.363583484459
201.61325096832888,195.9959182925665,123.72687807157033,278.62215458040066
203.20689781463483,197.62457193001114,124.95434687590674,275.3866332092334
205.46798448613578,196.7933769306213,127.75152329868243,273.7776325315147
197.21138601096777,197.96446240364187,127.5874665258739,273.6407442736144
202.17442672022437,203.16683200723796,132.55718855889876,273.0837852940834
204.41317611073603,207.84052867780184,136.18865088322212,269.69985239835967
203.89272544133377,205.34936327453903,140.36236662937532,270.03310388207035
207.58110481395352,201.75342468439595,140.76901891013674,270.84545921558527
210.36211808073338,203.1319901303109,137.22198175264515,272.60305448571216
206.2392015114056,204.04717342077186,131.9039539980512,272.436805479482
207.85176704599306,201.5630182835729,126.6159576716131,272.00960794137995
209.8597480112025,206.12247475561767,123.54762066299291,270.6439265227115
221.62078333437898,199.3135134896658,122.25886071610283,270.33479369572854
214.00453253775794,202.8437020187611,121.3918425797307,269.7337896348219
204.75051040592868,209.1658793769317,124.04399752301568,266.0754407015617
202.09922316130525,207.77303883777682,126.28920635636348,265.74062193055204
206.41340008508536,208.1042887134978,126.02137859370319,265.06199931268816
209.055942386114,207.76333286427516,125.40508099420938,265.53821208885694
207.79497685088765,206.72978720113542,125.04950723907001,265.92115927584655
201.2765131072204,207.39005608008063,125.59580934493478,265.75433295613516
197.42834794527968,207.69762712025502,126.46908392464508,266.24563404251916
193.61641987072215,207.01639208049085,128.4582173641044,268.08153705037125
211.65220358397912,199.89978051254317,128.203494877776,270.1528033991572
211.12205241841536,202.0856370744,132.6641897412521,271.8487143675456
205.74233041455815,200.66235778004165,135.68384760089526,273.7995461562974
196.09443316176745,203.2761219760491,139.9502899183663,274.5881081573489
192.7239977637224,203.12581169860164,142.18489125950038,273.99842307393055
188.93446384048792,198.9133755292202,143.77887028074346,273.6923059565167
184.058445537575,201.81735880285743,143.7104074664033,272.7601919940811
179.42413831637347,201.26213345609702,142.54035842614036,271.734450127406
178.00145589525383,200.83473139688522,141.61888185678907,272.87701906330585
171.73163785107306,203.83047649182933,140.95057784352704,272.23424942395474
168.528867482497,196.15332387714983,138.73133792577198,273.2495501367122
165.4177086112183,197.95214868788005,135.84983200652516,275.04973672359523
162.004223441892,194.07834449636874,130.96138352956498,276.25727743388836
162.85921759880597,193.1735404717572,127.44120406125708,277.25206882938295
159.39660068713277,190.25682391742765,126.30861851814835,279.27138903635444
158.2371573843327,188.85591705222737,125.0179453493497,282.46854797778406
153.9671952330117,188.73435285615318,124.92549870320025,282.60072727086856
148.2537587335326,188.2480933820131,125.1023259257912,282.5299569153691
142.2756195098407,186.8583099607305,127.6832209960998,282.4865724411008
136.53087220190156,194.9399359449821,131.41071028284603,282.47863014972165
132.63598043196183,193.76206573498965,132.21723414483853,281.2647351784712
134.5250591463897,190.95788706733293,131.09993129400092,280.96575294087813
134.02242273408882,188.33943283996882,128.07096196543503,281.4622906451791
134.68957939326387,190.96295578202535,125.24749788452694,281.15948628480874
132.57559037278406,190.06859951868677,122.3323756637983,282.1096890730406
130.2723773209753,187.652850755488,121.16232156950934,281.28671615571255
130.515424024342,190.17998604969387,119.66582476807687,281.14712938611797
128.16699544768323,191.05970714090446,118.20511442032623,282.19522571306567
133.15587766340838,190.42144406439058,115.47447895234644,284.7858597609909
137.48059995352713,188.46182058687717,115.53476642777295,285.1767995165396
144.1980253764116,195.40187000378364,113.46169670230432,283.04941197880817
151.02391362561988,199.25280355514016,112.97986496707135,281.4094121131862
156.02418869727222,193.3514661055083,113.78222086014362,279.19407496563593
166.1248122058914,192.35752756342745,114.48671458082032,279.2237222696005
175.17526234604807,188.13697683506396,114.77522050473061,280.54452915540463
176.7726879275339,192.57260835196496,115.14667760172297,280.08404035255967
188.24906205572313,190.76604625990564,115.39970746729274,281.0428645622368
198.02454881452616,188.52881558583076,117.86756901743568,280.9997139299483
199.08387580634252,196.5805038593488,119.95803626106735,280.83243834269007
210.907755270076,193.58755309990954,123.34824501548522,279.6999678980676
211.50386105145503,200.128487682971,126.76739638683964,280.201876159618
232.82393777102232,194.58184902397286,131.97896947968752,278.90607247633255
230.4900278774465,188.49514737970736,132.72422666765706,281.42100942575223
226.58546911364743,181.51454441553437,126.98934070862187,287.67943558420075
228.46015732562563,174.4245844663065,119.04998520827999,296.0280180307217
233.73532538930095,166.12690385526338,112.19012907474954,302.0921817048953
236.066927422121,163.2393943440056,107.88216988406361,302.00411021227416
237.5535103591737,156.68749941515034,104.09176561951251,299.61605493906427
251.42293309505604,167.0657704780915,105.12515220341193,302.4354901386214
246.67135344086546,171.58822056062579,108.41286456278797,301.28631903849424
248.00550243853775,179.38111752317027,115.32461322119093,297.38290388232616
263.52909238603985,183.61518449800852,120.43116944068868,294.61439971628005
256.46238145083106,175.30487518305364,122.27727403510531,294.3995347951644
256.52410180807965,174.6824702099993,123.40301363753314,296.8439236225368
257.6588593795092,167.0750293741197,122.60156554465426,299.0226791575162
252.41151035279037,173.19908255610025,122.34569902289655,302.20745319516647
250.52450267980743,172.799811270242,123.3956168785518,301.34152831292636
251.85768479317613,167.5686031337448,124.7533949171342,298.69203471958775
251.03250602551637,161.05506210412466,125.33411598833476,293.007919879414
267.5162570521313,156.59480930283607,123.97893769609121,291.7658116132778
272.2459909756666,152.21620239612048,123.31750451698946,290.5123490427368
277.23785128299943,154.5550685654534,121.32866457859323,282.4814370108489
280.1125857446658,162.8134433412402,117.8332714208702,289.87844478349405
286.5362646991941,175.80371442083901,115.16429733902316,293.415373937773
296.0081336578338,174.76227958053752,112.0899327432769,292.9689245704481
300.08668785793293,179.9360283401753,111.22471019589238,290.4184231678107
307.5564764976741,174.68574779513028,109.3269944505287,292.9459112522245
313.4170531281625,176.7914822599306,110.03001168363153,292.96656426705135
315.5910967375445,177.89497198293947,109.70096600310603,292.6790986426355
320.3248786865396,171.78715460619736,109.00490746095076,295.842057195253
324.1705584611341,168.12591436054777,109.77847272407871,296.9934704486982
327.5162171467441,173.35218927176726,109.07312537315279,296.38966025028265
331.0968054875736,172.92280763703053,109.34161664117042,295.79201454224756
330.1005305196634,175.93396529600994,111.0974883045051,294.99099315052774
