167.5,323.5,53,190
162.39949842641892,318.49096211247166,56.88858277896759,191.7707298506792
160.3782405440992,319.719995475976,59.38207300802351,192.45363597637746
158.17783404076943,319.4687969349636,61.412930236561124,192.41331995272373
157.91136923952337,320.2067048780693,62.75101797732842,194.10289026646353
157.60968553724518,319.2084314198073,63.510400420375056,195.59726650103406
156.29757569866098,320.359263968453,64.32261863079239,194.6354114175138
155.8914663014851,320.79634265659,64.6475821200923,194.71862617020312
152.93659029635393,321.7291447602219,65.72304076487612,194.47081504613027
152.4859310910635,323.6650189897369,66.44056017686273,194.65920099795846
152.8767753082576,324.35976395361547,66.47105875848482,195.03717153563255
149.8839057259142,324.97976924038244,67.5584019080044,195.08649692820887
150.83556448396726,325.04456334788665,67.88740708476934,195.42037628135944
146.84415763346522,325.2187842587499,68.7443825060493,195.16804518354564
147.88938453371122,327.86329765350797,68.39688653598635,193.98210105088987
147.1856962879446,327.81715615109545,68.73917368254129,192.9999101978354
146.20602284947358,329.9052887905665,67.93630756776886,192.14152268836352
147.42978973113833,329.55299405434533,68.52704856945402,192.627200498108
144.70491820387733,329.99891598753356,67.68293738737323,191.3909069924112
145.07525266759353,331.6265734813965,67.3864266563901,190.99421407881243
144.839695083466,333.3309167099652,67.54333447939787,190.29060407774497
142.35747642502986,334.63002731376116,67.78426105408265,189.25541239781722
143.56232448826236,335.5032615694136,67.90168408731616,188.929150910133
140.9996441974011,336.02053623836076,68.12094773376643,188.56773583956885
142.3482993906067,337.31088828871236,67.42971988214524,188.60678533803247
140.30837570955313,337.4763425796574,67.56179092665597,188.458986903857
140.442729309855,340.9321924604526,67.36516067999978,185.84826675652442
139.18705174979377,342.29603741129824,67.55679290926837,185.21873592961646
141.65123726685923,343.3415907823554,66.55616793264784,184.81543531695772
138.6117102328153,343.46953487388913,66.85146383728349,183.52789504095662
139.47210482648595,346.1879936533091,66.30104725526606,183.6663487475281
138.6086452852258,347.4519234715043,66.15147276459754,182.98213265724206
138.05867026154692,349.60637394878796,66.42759894272696,182.60259423815148
137.57500483654488,350.8704927234202,65.93968382105135,183.27084196987758
138.43002191707617,350.068045642455,65.81926774680363,183.87206210150413
139.41265484213216,352.2527573009018,65.89372576983007,182.87922355290573
138.83345692732726,352.4228659555841,65.87462623906545,182.0635354920172
139.7908165947518,353.3078943156568,65.56632551383555,182.27307324094215
140.34553027036398,353.70604952700467,65.07102257991615,182.09879253998338
142.3592017872352,355.52292144401366,64.58502871876583,180.9175793284477
142.6139969666926,356.9548504541738,64.8982935343925,180.20091974677177
144.68960947843584,358.2844110656717,64.66841732110196,179.91204231154154
146.075342371943,360.63148559335536,65.00182042294263,179.5366159810888
146.25706204133135,362.3206713885585,65.59331037636794,179.4031717969935
145.95983054507488,363.5100522080477,65.65163829140438,179.9497374590405
146.53816785182758,365.4660158968216,66.06151703216227,179.04081010247353
145.31406798212467,367.9121189035705,65.45100834223155,179.19668405647454
145.05040027778554,368.68844484667005,65.46279450841332,179.96436326692455
144.98527877358367,369.70608130949984,65.24685695861238,180.75539358490204
145.21856244070915,369.2924733722637,63.839853141931954,181.7230733480195
146.26498308686044,371.93816584892517,63.11113733981797,181.92162188544978
146.50877203677985,371.5236764953527,62.148650790057744,183.5541143579298
146.59042806459058,371.9894363538024,61.697312967825184,184.19654600459393
145.80418970170624,372.8176325213301,61.39424264216409,184.6967992059612
146.18910010472794,375.08108220179815,61.330080212337585,184.25730600347237
144.7256552319876,377.8167682720897,61.58414533661774,184.59962690945915
144.35908149209078,379.15689509435924,61.631477601300546,184.83793043197335
144.453827116242,379.51912036044064,61.718216420012794,185.4801972383725
143.9582038193607,381.71669076586875,61.675516976482946,185.248677853145
143.90131091081582,382.8473113824467,61.66798227025106,185.57097157596735
142.848476474745,383.72012547682357,61.57091047314218,186.45917822608095
142.483615081047,386.50396715000204,61.590370246698534,187.30829347133772
141.07544522641945,384.7878453466358,62.03088836553004,188.72293773381665
140.56808199852605,387.9832059924218,62.239900035264114,188.1486217385703
139.91891534016912,388.8340068169661,62.160499406131436,188.1163483022198
139.8627585306942,391.67251029135207,61.96725061830291,188.01971082595156
139.58015313983756,390.9572380556508,61.85993909357391,188.74289735429602
138.38388373573062,393.08253124528244,61.99546934923653,190.42824599547947
137.75929349413016,392.7522725097967,62.068376844118085,191.7676477938627
137.05044413170847,394.3137821717449,62.19374542312554,192.3080517697557
136.88908385133644,396.0675596329866,62.08332835841378,192.5985901662115
137.3102426923021,396.4940312230588,61.77638466224981,193.09053972631668
136.20465817707708,396.9713054180998,61.667975760342046,194.42355919016234
135.65875428783121,399.4770964709834,61.75415793325062,194.6195772011249
134.6029229005208,399.74434963300706,61.995670499398216,195.7419454145455
134.4639925188607,400.8789933969306,61.553640906654614,195.1369549905803
134.08489285945993,402.10078265139714,61.206757236717124,195.40352267038318
133.699158146164,403.12949707148493,61.35060173435772,195.02050488863352
133.6250181419625,404.82285067935294,61.4299008403273,196.83493044725049
132.977277760913,405.2169470039566,61.661907066484204,197.94993830520716
132.08642552574315,407.0974282735939,61.804363284908945,198.27198071740958
132.42200519253822,406.46816190696825,61.717742768724534,199.01887659744278
131.19079393955332,408.2849516131111,61.80314014728344,199.37932885286648
130.22530273630915,409.5573083826521,62.003041544860636,199.3104143974943
129.58558186371772,409.1032688256241,61.98504109224379,200.02887684630602
129.00216671954996,410.13052616439126,62.19379758573757,199.77313009308057
128.28312871203593,410.7041041326533,62.2038494279827,200.26325330942666
126.86367440053988,412.40708252066486,62.32761174779796,199.71108228665372
127.08783287941124,412.358034798593,62.50253400924393,200.21127978396282
126.68632463017485,414.0122878159549,62.06474190156894,199.15952099502766
126.24913064545605,414.5947926701913,62.340435188885266,198.94926855975203
125.52500084035768,414.57843243883076,62.527605831758706,199.49025702116836
124.68378320739942,415.40433660527196,62.49122779754248,199.2808802573855
123.84546447466172,416.89302226534033,62.49449645141051,199.3502606748433
124.07119095600586,416.42238412425047,62.612958783369436,200.32180520891887
122.79165680202352,416.2609058264406,62.64009402210499,201.08195361872285
122.48697167579087,418.0159557564184,62.36360758654769,199.96126663871115
121.79514913736368,419.19992357782354,62.346185048846706,199.76854171024104
121.99438364083399,418.8072800364405,62.774208470685686,200.58715690522197
120.12591513939651,419.21603850134875,63.00321138008529,201.34417153058126
120.15064669334183,419.978072071419,62.79383254183749,201.47571602469515
119.535067014082,420.6103951586672,62.925475270184414,201.99099162029464
119.82714991882105,420.18565613161087,62.64238363773308,202.91386576855064
118.01500343466252,420.96098398306054,62.84761446844638,203.18931399135627
118.58190781413009,420.53894754520286,63.07772115293164,204.24264552774565
116.8425784659611,421.3277697411785,63.191103989436876,204.29196129414248
116.56970072988986,421.7689541534755,63.04901882103444,204.48526831469476
115.75704868822439,421.797732644036,62.940814794319024,205.16979959184016
115.87498051969357,423.5012975301885,62.961330080069175,204.55146099919216
114.70672692501722,423.4154954653402,63.03189564954879,205.2503942161461
115.28771226428015,423.20198627821856,63.055295535483694,205.27972882092496
114.50647508270723,424.1343686241827,62.82095974848306,205.69441335346863
114.22341383954783,424.09408552703906,62.96110539216002,205.8711538027694
112.97501881217408,424.30536244921115,63.012986351143354,206.08266636133737
112.91413443868609,425.0134966126284,63.27682503391797,205.86690722506233
111.35459409247723,426.52359268650497,63.61956404962368,205.26301966562698
111.73191018209812,426.13847734821974,63.6355549582649,205.12145192462924
109.82701072413533,426.9969225927114,63.832537302001114,204.92334428972606
109.61729104152604,426.8151258158718,63.6606668813768,204.94294641479166
109.7610058369618,426.14961502524034,63.39734451388193,205.10391296427815
109.19578119990601,426.6346483176648,63.41802706626804,205.40478632560385
108.72995375038792,427.4016229573191,63.453668347788664,205.40127272763834
108.70411311860565,427.38772010934963,63.55583484978608,205.17509090264406
107.73471356891636,427.70433481423635,63.870681321982644,205.22349252152287
106.16390147330807,428.53585762606144,63.932810560043734,205.47740666044592
105.9727346586007,427.2378862998627,64.27193524019061,204.96891029268662
105.2865807885282,428.2822917193508,63.85498962626302,205.21185342290286
106.04431714616608,427.6039386192855,63.86365047402896,205.230926966936
104.29795940415872,429.1711421884737,64.05778197366868,205.14547169280218
104.4518947992216,428.16094192699853,63.96340792817564,205.02120721292965
104.31240022036357,427.92599012832665,64.18912967772933,204.90214497708632
102.68703326648327,428.5746066622487,64.10284795667523,205.25555168165732
103.22286361377084,427.56404991582997,64.06489166216267,205.28562899781335
101.77098092982516,428.50452506908823,64.00704337496371,205.56326638546483
102.63649198568721,427.34118570794715,63.847905060885154,206.1061087430009
101.43579142401863,429.2134197144955,63.96159933226309,205.64987067222603
100.59543502858828,428.20793306992056,64.41406376535096,205.73644267811179
100.56204677625324,427.9907382993469,64.2973981393362,206.22503587110455
99.99050200037536,427.7372736886537,64.13027460210272,206.95255560941575
99.66215023976056,428.09569465033894,63.83848392739419,206.9759686246478
99.75191418616109,427.78407990683195,63.9276379482074,207.05366141475082
98.28240484983637,428.40176028472433,63.49945195471915,206.74280529668437
98.363568376246,426.0749068863461,63.2516981839033,207.37934452523393
98.62112058683635,425.6012517048688,63.30484984287317,206.73392829993935
97.78586425030042,425.7782787636345,62.96012756874045,206.26486028498908
97.41039333597539,424.0865863913427,62.76271628564662,206.11921041500966
97.30421165185963,422.5225969365567,62.39235216202249,206.161715548718
96.52987769390214,422.45877400079326,61.87142974781359,205.76058328446834
96.10445429862038,420.4898898410388,61.78996023512391,205.9147138419076
96.18853216765729,419.51371378966974,61.58553328256495,205.94837216374665
95.05331926822441,420.18366232787446,61.65046300866153,205.3156843764111
95.50385800493606,417.566076935709,61.41130846690936,205.6974968920042
93.74656176397178,417.35102473161646,61.577671778992354,205.26231733412482
94.22102694613366,416.14485333761456,61.04206213486434,205.1797923204624
93.66744317964285,415.707261584002,61.15933056897284,205.51630540704076
93.90341243837469,414.55670529226006,61.12620055227593,205.49507678683523
93.58359286003255,414.10199970912095,61.16576601377737,205.31554661743536
92.89056376108964,413.3885272875805,61.38031434971711,205.21788070268843
91.93447904306227,413.786959253933,61.46328053774786,204.89620329675887
91.74579705997094,413.12634022018875,61.39844578037591,205.27182857604694
92.26437171892337,411.7235083031012,60.94295214360433,205.16822713045218
92.4968714790263,411.83298853067714,60.50530267658965,205.04107198435747
91.64739684694769,412.45097148449395,60.581452186604125,205.7373367877071
92.11551170240094,410.0996465247697,60.68508665816984,206.36616850036853
91.38883395219779,410.3193055580146,60.843721508856895,205.9268104608699
91.28787068353087,410.9006718025763,60.716677137072075,206.16029198007772
91.12365581748153,410.2705271736738,60.77957410735853,205.82561780652446
90.15779827810621,410.90209254229705,60.98527314149247,205.72192937484286
90.00320511860973,409.0581867642055,61.097539453018186,206.2061255040087
90.10972893444715,409.296441679464,61.006508281046784,205.65580882138948
90.31118994624264,408.655396744418,60.83932767903613,205.89742785293467
89.75716596297514,407.54137243616714,61.02501451008834,206.3040301698835
90.4612206422574,406.36286869791866,60.69033616653846,206.7899732218657
89.64693559727563,407.66662816099847,60.96274668866906,205.76898688847945
89.79335980117487,406.55445083767324,61.04372597671713,206.34705361703908
89.98398147665281,405.0539728433211,61.04714087299367,206.59855773005677
88.81969297850158,406.30734028202664,61.08460997630604,206.40127872422778
89.62310775405464,404.1334243244261,60.91492220128481,206.91868609223337
89.20204685504709,404.0561333634609,61.08461837159149,206.22287626859642
88.7645428137474,404.22012084874257,60.991127508954676,205.4672721848358
88.93969524730743,403.06577837356326,61.017341040357934,206.4772582330643
88.94310603011417,403.0177233334947,60.978535648435,206.19314983714432
88.13058395469167,400.68730267728125,61.070125261888336,206.28384411206517
87.80756265231315,401.71065372607075,61.11936455911213,205.49033479688813
88.39808872855207,400.64849761851434,61.10185753831763,206.27643321061706
88.12490699975838,398.8103706979783,61.15473590278824,206.12420442382046
87.43361191603756,399.229189068323,61.60170546428429,205.87502479067496
88.3146942997774,397.78084492110105,61.58536539143811,207.68067700380482
87.60431651758726,395.7335779310528,61.50482515084095,207.97284639611746
88.26598377608781,394.95248935517145,61.467613551968824,208.55275569128224
88.10111143849593,393.2858619182408,61.19464505948521,208.87003485141372
87.57096624603534,393.8384307002688,61.460812748483534,207.58577874349444
87.27160119735504,391.878138880174,61.17619986450562,207.87727016719236
88.12744325322566,391.95743818011766,60.922634549112956,207.46507418857425
87.50174230358854,390.2086975556458,60.99701113024143,207.71466663403584
87.11976793820001,389.78306058344384,61.44344436857923,207.48565884397325
87.0716127787694,388.2681970606799,61.351965724122586,207.72008135268177
86.89269844434824,386.59223943847076,61.31536977567443,207.81026139621804
86.91859076611911,386.3224317091363,61.219217017810266,206.76311287688247
86.9828560843626,385.9788161152409,61.09133178815853,206.06790731235407
87.17291793669158,383.84360853043603,61.022443064322175,206.04696639523274
86.73881111682117,384.27145008093856,60.89070748722034,205.2952307101756
86.5807369236807,382.71756420371236,60.75971228901145,205.883804285383
86.9727088728965,381.15596807908025,60.883598628922115,205.55304660636347
87.4545857825163,379.4630594817664,60.76107716909186,205.97765402697397
86.91426840744701,379.14193702775356,60.842725913447374,206.39724354926693
87.15219807231543,376.40793558479567,60.845064784174774,205.90098299600427
86.55533847585575,376.3469653896793,61.03740710979983,206.32484225048717
87.11882024545244,373.6747390988759,60.92346146344398,206.31618356500417
87.0742025214453,373.14884290186336,60.72349270141528,206.85635394736767
87.78289420346317,371.2526195466208,60.59069099860393,206.71156244145268
87.04677020312879,370.80663550649297,60.502308320142134,207.1736983910377
87.79531385491904,370.0736172679947,60.42971111074648,207.1134175100174
88.26928341143793,368.86149551433135,60.739540032643745,206.72556013004544
87.75242325490873,368.4681314721752,60.851340284590655,206.99865746656263
88.55417104259799,367.128954951207,60.8937034738606,207.48259613128658
89.09992820655376,366.5549895000679,60.55885169353741,207.52421177839966
89.54634746046146,365.3033669013636,60.44966549132502,207.56475112520707
90.79347265205635,364.2089111688919,60.064329006603245,207.85598564541775
91.50194259940335,363.5522638520383,59.76544898549018,208.59081684395184
92.12726124183337,362.92693135680076,59.57881969814297,209.11265489436727
92.95445535780892,361.8548510936952,59.50723900708542,209.62435935635423
92.46375333836421,360.4330027776272,59.83724849994289,210.5382410537596
91.82205155917204,359.07394132848236,60.24834678431753,212.1262243627397
91.22482851955613,359.50380992581916,60.30251130551257,212.27354340433317
90.28569822250779,360.4704592585559,60.43360288181748,212.43518063287215
87.7259826571019,362.47586614977774,61.43685216219592,212.45542230086795
86.7874097339278,362.6442846707521,62.06183161812508,212.31943534334326
83.88307059989273,363.6503965658592,63.3706734413405,212.87907377389314
80.44351695159574,363.06663493611154,63.632699572620766,214.2612713571857
77.51148488886297,362.5775609941437,63.924715033993294,216.18634821908762
74.05689350822762,362.10563365937344,64.18102952438997,217.72683656134242
71.05299680059957,362.9755628549996,65.09190006519538,219.88526546638525
64.34424128185978,362.20158707291205,65.69279313697672,221.6411330668086
58.98866654812082,362.5192909709418,66.17123653450835,223.66991556310745
52.976841366294,363.1868976592108,68.41412804043493,223.7177253293841
47.533710169129336,365.45437745837796,70.4611122136339,222.24027872963075
26.911660535748375,370.8070126406128,72.37161620451691,220.79874318266593
18.06120275064732,373.6968808307561,74.89879234143045,221.03571994477437
10.986907509481568,377.1598536495202,76.35785531216527,222.17147894286637
7.124318127911984,378.784003634709,76.77648595671313,224.0508893148959
3.1136667760164514,377.6009488149733,76.56754211661992,225.56006422812897
1.3795456472030239,377.22035319320014,72.70759738541621,228.47239043947928
2.0748789199969906,378.198389777628,69.6433773730314,227.1988720520605
3.79182088015461,384.85563598174394,68.23381024043589,222.35625197354057
4.014122108710772,404.81001562482186,70.68792614040974,211.64367303101264
128.79825012625253,381.1064470895426,69.37047882114658,210.75251221949108
125.71457790263224,376.61792970970043,67.05376870295744,210.3537210972175
118.0317212082952,383.13041793532926,66.67468247767889,209.13661074245638
104.57493668515926,385.3129775275787,65.5619034099371,207.14425304591833
100.01553154574282,387.6423099933393,65.5649929398686,207.88419679893687
86.51607442442443,392.89798852102433,63.63458017139696,206.77985649771722
81.41616152515792,393.8386717083043,62.73921401436358,209.4865295213507
74.02411584102589,396.1167146922477,62.912554230589095,211.82101991607374
66.62995765246723,405.7042506568144,64.05114183268199,214.08739810595884
48.19451217055646,407.2323551403344,63.15080782091759,215.47574918988323
43.02602869620587,407.40750820675476,62.48904697115686,217.0932650127234
34.74198315887675,413.5604611781601,63.45789678910123,217.67341406258848
24.59319444095673,417.38366200697294,64.79138006295396,219.30758338884942
16.181197585538797,422.32047721912807,65.54637162230057,220.5659538876959
8.879165422037914,427.685171452135,65.75821259114804,222.77386610374992
2.7233783886413008,429.03672801656217,64.6116939684271,229.28011214390196
1.5086367772596603,430.57569352685823,62.6464838165566,235.9231312499578
3.1995263171939996,441.9903920522046,62.13097790143706,234.3979715649877
3.333847091414704,455.8988259785658,63.72892601840856,229.7457403242038
3.895227100487105,472.848303647436,65.26459037770516,221.48660508534033
4.744144813738004,490.9958546624107,68.12328971835424,210.84872198849646
7.576611309165671,519.7951468823778,70.24286495580091,198.63809607517362
11.189134170873103,531.4977377053485,76.9758651918587,184.93207309775016
0.7690920005423578,538.0784909001013,75.92424878789129,180.42901874224117
6.332579492648485,550.7669064540949,78.71486966702132,172.2506262786634
18.17430638397404,578.9911952609065,89.54165834652841,158.7796411333017
9.595706752984597,579.158086756812,95.55264216966452,150.21152414948628
8.946681587694513,593.8001392056366,104.96642660058649,138.0777946180481
8.353562860438274,604.1345056250232,113.89815079139657,127.03221641947268
15.47119664142005,620.9169306184042,127.51516479986759,114.17313501791567
2.146704424457212,614.6612299216979,128.61257452676202,111.81744809345707
14.079197269534717,631.4885416332589,138.64571353143123,101.73793605949524
12.148614345329264,633.0572886699558,142.5034061550253,98.26954230048015
68.50265703880858,651.0524377636461,155.35927798242213,88.42826526178132
69.80938726447316,652.2327930224648,159.8422263750871,84.72837725486339
65.35095240117202,654.9685449058007,163.7455472506762,81.30606853938455
63.361794664841455,656.6801277093215,165.80619581125848,79.48821778315023
69.79125951438891,652.6718405709167,166.0744185550957,79.13585456758918
76.1161037712466,647.2827906321431,166.19459412371674,78.99597901941604
94.5153610551838,639.3985174723645,165.99520827898687,79.07190792259162
92.41343886711839,617.6580978085052,165.44735654534597,79.87559270929462
94.53450803694508,611.977109680593,164.7558087208293,81.04901610867354
93.12300353982981,606.0508571661129,163.77324949682864,83.14544337121531
100.07665868433753,600.8706801416733,163.01529223515695,85.05660823399829
104.33556661867304,611.4603159917167,162.67999532553134,86.89192202890673
108.0650955507536,604.1051847839047,162.09521076154113,88.38567653284845
111.32632492278019,613.7927029782452,161.88012840222305,89.61209392529562
115.04034485240183,607.4127998123867,161.12848014454227,91.56277817144142
118.8211431420199,617.7180459096628,161.83793783318941,91.87163373995055
113.26269040100408,612.3635239841565,163.3303850022328,92.95428713380994
118.46600145950538,619.2670490965287,165.07405623544992,93.88333615222957
123.00040651898875,625.3078447423196,166.48771281417604,93.98967210674138
125.11038219344248,617.793465653577,168.50878262157963,94.55191569682448
132.13526613932504,622.966197694675,169.60944350178718,95.01388951135681
135.14932197332365,617.1202187864386,170.1498280610543,95.45507103693599
140.33545416748552,622.9419509898271,170.67526779718125,95.73388694174366
137.55662988657423,599.5030334596732,168.282326702174,98.8672685718755
149.93341997633547,594.7463093988289,164.2773942124709,104.38730396048628
150.07388586654355,588.4162966026635,161.2866502677481,108.60964930837126
165.86021361523126,594.9511683993602,158.42580583604646,113.31194131373272
181.35531661242726,586.372983908381,153.91965249973558,119.74981397305908
191.7101419716097,591.1057206308442,151.98387034216174,122.60789265978572
206.59861149241706,583.2886785837848,148.21855277576668,127.17021943731527
221.24336978205554,576.160208278097,144.68646150471727,132.83437707444756
230.07443337441705,581.4068281814231,143.65017736808994,134.1083692090186
243.73798847888426,572.5076964568707,142.21636626193873,136.4853889905207
262.67677335197163,568.7739104482681,140.26486768275623,139.30362133182263
296.27943077305304,443.15997267450854,126.74427574098395,150.3291500775839
305.956400616157,429.8669214217726,122.8838892163972,155.05425252202065
328.7311097618733,421.4982418405466,118.16494577848012,160.16805936208496
335.320639350837,413.2236595829024,115.53766062551624,163.26350855297144
354.48751184437646,406.54838389066697,112.45761589478491,167.48870898529395
357.19703925940905,400.54380428469574,109.929392058372,171.30463279989746
373.0298134079725,394.2754083999682,108.77915023402346,172.92948208735788
374.65109066804723,384.94335021295666,107.50899959780803,174.93185148262125
391.7826750805371,386.4685717355276,106.68741631359983,175.60224626897656
392.88618572304387,377.3933449981504,105.45705843924988,176.97226990364317
408.004609309649,358.6748209961124,106.70980286455026,176.37474530640074
419.3747742212656,341.45787741253196,108.17319504143921,175.92712460002642
429.02137692619704,326.5162906202544,111.43094635765058,174.64674113196924
423.5246982562977,326.4146891355096,113.59682624231,175.23203589189654
431.97768251745646,313.5252060062802,116.92328531703846,174.77769335824107
443.22115250017293,315.06771451337323,119.07007719364648,174.69198802961716
451.9484304267972,303.3762977095289,122.66628923895753,173.919162915382
463.16505647083216,301.3641868062426,124.47948566773333,173.57006557293718
460.76930987467256,293.47133070119764,124.82566731372683,173.7044392057567
472.69122601251036,276.4381104797618,125.6315523689839,173.25322141498577
471.5393067439226,270.4493189870336,125.90793676835726,173.07585902690695
486.20951255618763,269.5632021176476,126.3803074314248,172.69511434542144
484.52680711798257,262.586299749858,126.68035680804864,172.40134332111307
502.1771886872524,257.2249094955909,126.96125870857144,172.21819521789175
501.7987718789035,250.54985739426093,127.46966284805444,171.84666550941893
503.25696927281984,242.54338783640537,127.7019885630751,171.70500448169744
506.19044450696504,234.52348771202998,127.87731209304529,171.592810025248
506.06439405254116,239.3740354282748,127.5814335278253,172.0349097450411
510.37436569911,228.6236265410598,127.76783522064957,171.9671182818002
509.08616914696375,232.87674541704752,127.56505805020755,172.22922350162648
510.1663030614861,222.707289857676,127.3780305966817,172.5002826001059
524.5253714183301,230.46483252035944,127.06994713616756,172.96877595668482
522.0499201843204,222.62329874151368,126.90280618148789,173.22652384274545
521.8053557171411,227.58375470865184,126.07701898196588,174.13455897572985
534.3621907565663,218.3507843210906,125.53403142875037,174.71020472216586
529.6899424621004,211.3496430867628,125.35245265452285,174.94555756435662
379.5175530607788,163.00395078849476,113.66772095911912,183.83483339624425
396.24664674257644,158.12382592735986,106.00287046381008,188.07369363410848
411.15214966213256,152.96430097017168,103.40626586981502,189.44265790853126
408.8729988409578,150.49984961659706,98.42047628749413,191.3376479569891
425.119261035445,147.96321059537348,92.13195618623948,193.9432219417428
424.07925949472167,146.52620520619217,87.1655129442913,194.16161905929303
439.43156531455656,144.32136594283025,82.14909176482666,193.94378274684448
440.0397567932104,144.59713536177418,77.42391473822875,190.69386343868078
453.0758068319076,167.00680208968913,76.25084153156196,187.9470359337786
453.55176305245266,131.36884417515665,75.0160815965849,185.31764017837088
467.37641500937485,190.4721692010258,73.43171145959589,187.49553449919122
466.83721262922955,198.12541234808134,73.03516507185341,188.28299275464065
477.3970988429825,210.52517711030697,72.75576472991881,189.04306787496478
490.1041394603185,140.37080445012418,72.44089804907986,186.38796126661939
489.63476774339927,135.5583306304524,71.73931450614211,183.0086660089293
490.94845338254896,147.90592991250438,73.28083322723238,178.62672466223256
494.5662863920959,146.85214006063148,75.28785252613167,176.1173257206536
495.7675889308699,150.364001243716,80.62691376556975,169.59032411554534
464.99171009954347,159.93602681304543,81.0722413745117,168.034566052448
464.6950741436249,166.44320170934935,80.5965155456033,167.58244827735726
464.60925586921957,168.07399301320302,80.24615011267873,167.40587858240013
464.5024095486949,169.55652588376387,79.9853823605376,167.2538929136814
585.073528578788,58.60921554523206,93.47659766949204,156.0934598798075
589.5553059375031,57.983061919266575,105.01893856668576,147.58090888588887
592.2963242515757,66.68056243356438,114.69208763800356,141.79837562310138
585.5733011392368,64.40661859713029,120.04663644141674,138.38898456748444
588.7466945188422,72.62505648956885,124.24574239765998,136.54562227137686
579.5745561812886,78.33876453636535,126.12407478260619,136.4747811899909
608.8143324804712,74.6133670581064,130.75655602823514,133.75041669216307
581.9045636512483,72.52660409638156,132.84145928726687,133.36430697642209
585.6903156753295,81.2212991041264,135.14850576858433,133.0059170982615
577.5452828570635,84.34324816609141,136.57540936440589,133.68894177248822
583.0264288310415,79.5329148743967,137.63931675727025,133.35635937821652
576.3674717522211,75.9293899773703,138.3907579077088,133.04047425863405
581.5832734998196,84.45957831268035,139.79453592038556,132.91558533520634
574.6561382940286,81.38541015198555,140.41064524493143,132.67972823618578
582.7828081425766,88.48435038055646,141.36346704685866,132.84914590526466
574.8088399422176,87.32601853997811,141.59572237152702,132.85070438660753
581.2327827917337,94.84838060078337,142.22060640973845,132.88014370188665
586.1467554404092,91.23962132304429,143.67517091615937,132.98972539823396
577.0989440750739,98.10445730881938,143.90789005185943,133.54612806505048
584.1894864743294,93.89393885352757,145.417363686881,133.39257715367364
560.3993601598429,90.77701868790228,146.1926465282564,133.19218429629507
569.1838187430046,102.4097672032503,147.2691093820745,133.51609423276213
556.7000362515382,96.18563813381436,148.32760911842524,133.5112912678132
545.2296946092324,93.2785652234426,148.7893972156589,133.47732975060507
537.9428062091597,103.40562034739371,149.34428363494493,133.95686208082785
525.4219431583605,95.46268541930822,150.47070364523483,133.70909927708672
517.3796356459283,105.69518010685893,150.51954825383945,134.18183306177534
507.93063444021476,100.44023002626871,151.28445778501748,134.2045744476262
507.3460662537982,95.15359906989679,153.60605866686097,134.1262698549379
492.45269098211037,92.0632817024375,155.98790961306864,134.0950210449346
494.9447124101879,101.83664758028354,158.0006485829328,134.64203738189389
484.16441536497814,111.97514294820311,158.35137328858667,136.05717387383794
484.89206619806623,104.37242593765052,162.64811773065642,136.4071772919158
486.65986630150405,100.7685690645098,170.08102529050433,133.53033350493305
469.01352819275087,97.29086511215274,170.9285759281767,134.13902405201168
463.70568509608046,107.83289174349413,169.75603122552153,136.3598909858621
467.3702529379541,99.5273595627057,170.63874666176932,137.60797641219727
490.1496710128789,98.05724771993297,175.02376961226156,135.2942700058848
496.9708521288264,110.75603791681753,178.35570967223669,133.388766485895
484.0854571003597,103.29247419053742,182.21702630998058,132.39771347275698
490.8372901618202,100.11957384573508,184.47306859160065,131.5976339400411
494.2312657134337,98.4472080352669,185.7979381136788,131.10796133085967
499.6854644192588,95.96012141181924,187.07430556408914,130.68953928661728
504.10774029995156,94.28944957904625,188.6550067171323,130.1049324249721
510.93532872187893,92.7513039472579,189.46307335777468,129.80516701740623
516.6822997591474,91.74774242695881,190.56796722836705,129.145907029974
522.1212650562604,89.26145403403417,191.67166695945835,128.63639429632255
528.5821834117186,87.53938668015807,192.73638820905248,128.3204865751044
538.0226605548238,85.14167755739939,193.59788082225595,128.08340836829024
546.3897994297936,83.14912474824054,194.667243437917,127.93162643625394
533.6245792366901,77.8338608301734,193.7971596847196,128.70653865654347
541.0601885315267,72.6177452198556,193.1654907318873,129.37054134629528
549.3129423404752,68.51789367734074,191.64234300015977,131.04111826402766
556.8054346585236,65.28583464151114,191.20354576488074,131.71722335427205
565.2155855974657,62.87666707719529,190.80295976834418,132.5129225461667
576.013838241475,75.57335177060493,190.65429993931005,133.14036424028004
583.1193038722615,69.16002696225821,190.93005061590839,133.64811184128743
577.3302111333089,62.39354400456682,190.6076623633448,133.99235896089385
590.6575005282974,75.0623062612045,190.056416092899,135.0794064385853
598.0044963294444,70.95051390757015,189.7330213762864,136.31192516685007
602.7550765514937,67.67558667019794,189.83643608935313,137.31562943407496
607.2941497338553,65.27008378468395,189.96378746632917,138.44960225756267
611.3067413814241,64.42821043619058,189.76360350361963,139.97561697446403
630.3645159673642,83.61307766937662,183.72769758125105,146.70684610062125
617.1650942196702,63.8882402035816,183.65660852048666,148.37570972239683
634.2982930995702,61.59689783511699,174.04182781085768,157.6814336095641
625.9316177701319,56.74011409989359,174.9015956297684,158.1997238659606
623.8185572832284,49.83554002031818,174.28551584750247,158.76253699550938
622.4957858096914,42.64566274264402,174.07335129411882,158.93018389247146
640.9558547726433,39.6069921566058,165.30318437651565,165.67050723036135
632.933740220441,33.913695872240666,167.05158847634263,164.3362850941966
648.2678122425317,33.75816183241929,159.5339952744464,170.437674523937
644.9465820012927,26.3141633614499,154.43140532662653,173.81476620006768
644.5316317658217,21.69785627866601,149.97638081359045,177.7036642210737
663.897458273325,47.2899589432667,140.39285249340782,189.48469555569068
663.483886208712,19.967639024372588,133.04199998719687,196.72186087565663
659.100090788633,-5.175763771529347,132.24365664614163,195.85410637834917
656.5657209637096,-7.385884069226108,132.0107538780805,195.19398322328493
646.7872913791945,-27.322402715092252,135.31040899132475,190.50389490466566
665.3200155862049,-9.90104804083353,133.02603510122952,189.72926645824782
670.4118993518905,3.0610215612924208,128.76977592404555,194.46183311031916
671.8673667160299,-3.973604366466759,124.60550941533305,198.29614729799084
672.5456371522558,-6.706769127793308,121.0959071529581,200.42777933567385
683.4039700914765,-7.541853957176855,120.19913797251485,201.13638189057818
678.0662352596682,-8.208858584304423,117.81286008516682,202.88114847787355
678.919225139319,-9.801053342885695,114.42075206716024,204.25664121502206
679.9109493692026,-9.433247953713064,110.8875699686296,205.0921849118889
681.2456326510395,-7.551429893919135,108.37107394080633,205.17368376582704
692.7861899633872,-10.790276405608125,109.06193387970964,203.87365395366425
685.4161076184596,-9.582088189692683,109.2037156197356,203.18719635938066
683.3182289169584,-10.907255777422279,106.45040018490836,203.68514200847267
685.2928610486491,-10.072106450601666,104.0993580580246,203.75865222037862
686.635604128889,-8.661689370971857,102.21405543216702,203.96595669866173
687.1239270173963,-11.673523030953476,101.11433979511119,205.19474935050363
688.7230166085546,-10.52056971946375,99.71887186119241,204.38475527940406
687.3621664032768,-9.929379930531269,99.29266024629652,203.8012840663119
695.4779579612012,-11.200393340120996,101.8498325473177,200.66212087160585
708.495050335297,-7.402230843126688,111.9391676965871,190.47152064148747
704.0848971366356,-6.31564624121043,117.73111444234416,184.67243900975274
679.4983004299867,-7.987266096677374,115.4792094364527,185.93624742529173
677.452811497506,-8.17766868951486,113.2501971433331,186.4446031831236
676.5946437222575,-9.394775510480542,112.22972391697454,186.63194177737125
672.5921413222219,-9.109053446777395,110.29600896759501,186.20292510932413
671.294091478843,-7.365189628508077,109.42098114428211,185.7601145794139
667.0113848677594,-8.652118411159606,108.74859186095611,185.8601164108455
725.2962413649985,1.9034077907057707,107.18585976247394,183.891308346104
665.9352220073382,-6.214903372554176,105.38506369996244,184.81148532197693
660.2989898396863,-8.062522799659462,104.82509242735622,184.66887193657874
658.7114700449201,-8.510291935403615,104.15790765737624,185.1787606163827
655.7375945868038,-6.588091103583878,103.87110142181447,185.12348177264374
653.0404425091601,-8.725742113428367,101.58322469560164,186.6681212080279
652.1847448123495,-5.6631896196738865,99.08264451472938,187.70427444119156
651.1476772981499,-9.953041583385925,97.134033457008,188.78556480584098
645.9125769588385,-7.201952964601432,98.50081864643411,187.05401673582875
644.007519792856,-10.273314872535892,96.51970849872365,187.3297080237741
640.563069211392,-7.857210960056108,97.51796177346827,185.42213775489057
638.1543212931529,-9.531744277183208,95.76362972145759,185.4527284274596
634.3873715942417,-6.531440300756984,94.68202390077406,185.0507981098
634.0107193032693,-9.955832250645784,93.14075899037874,185.1257420590161
630.7100622399512,-11.187169412474802,92.15538555216526,185.0048864334859
627.6417500220849,-8.018643936058908,91.54597870356551,184.313104874575
627.5141514152352,-11.031728021309732,90.41286572324934,184.09751136065893
623.5184852116822,-8.724045969880265,90.00568052171269,183.90536121654023
623.405179112786,-9.659584709503065,89.32590485396199,183.46727917849762
620.9609323681753,-9.175259438068494,88.11055846891557,182.88280584357526
618.9454210348893,-8.576666300714095,87.62548215935257,181.90147483949062
617.6618059153305,-7.086211238154178,87.88918051332281,181.05798107713323
616.7006618295219,-9.195911668069797,87.80297383096668,180.5619182986588
615.0169314974357,-6.215066474758586,88.1429870330571,180.18752249058863
