475.5,402.5,118,119
483.6658047378605,353.1265023359913,120.21624590147624,121.38388192469705
486.1228877132909,333.73395892635244,123.55602625493682,122.52661950081078
487.9031935946888,314.51485411299984,127.35948776866073,124.09059206696912
485.2377946231155,301.71749062646984,131.1133153729859,127.31953153392558
488.58637762933114,289.7391677372789,135.07205222310347,128.92298975127238
491.2790895733241,270.6860890641861,137.2490782672159,132.49386496244813
497.3594874025258,251.97723248092117,140.08488752824616,135.30708594147796
497.3464542803878,239.71082684556495,141.77099653527858,139.09989934842088
499.2996770269963,227.84486212151,143.19920394275726,142.3770119782935
503.25832476382743,218.0140633657016,144.46634049881914,144.33249758195132
507.04400078896185,203.88589533202872,146.0902380060454,146.92586215271498
505.8428930833035,198.01640963178,147.48618432003386,149.3762373999532
507.8306296249783,194.2617864454251,148.93892817088846,151.2660203289069
509.90109123156645,186.73721265695212,151.71012148526953,153.45001554684407
510.15744029140336,182.39166875449448,154.20290246296202,155.69404896562042
513.5753387850906,177.0582335691077,156.45714472882247,159.44362960250726
516.2005245218168,171.72134252471346,158.423603032134,162.67583854829036
522.1059187555194,166.1974132733178,160.9194160890818,164.6712382879591
521.7674080807037,161.4942655856111,163.76481841443638,166.22348493442968
525.869057492352,155.425449271268,165.3313903491964,167.47759934412173
526.0974822470296,152.13384046756698,166.60321215217343,168.61077899528595
531.9969851769683,147.53405877884356,167.32993451800402,170.39980226882045
534.205331921275,142.8759166759788,168.8581529861776,172.30975588907023
540.789826644709,137.92132924561278,169.44104323138723,177.16206553450075
537.9421506985151,134.5318827666044,171.58229556399124,179.73580931878092
544.1186723934712,128.93675578771678,172.95485718506524,185.75324413898298
543.2800386207143,121.4449175892859,173.3451650824469,191.4813682439746
540.7785777476381,118.40050133919124,174.88659166754263,195.5815042882084
538.7257225260498,115.56380998555392,176.28397267155594,199.17975176446498
536.5056749683682,113.11156321218178,178.92750606893225,200.7712529768434
534.5843942773953,115.81557478553434,181.54679095494456,201.65141590344152
531.2065343225973,133.39839204988874,182.9507762263263,205.3468424709241
528.9035747574283,129.5825383153075,185.41059817343688,207.5490121669543
525.933004985513,131.44842610077666,188.0817644392219,208.3481017884293
524.6947067846534,136.13441025870208,191.2981477638728,208.0836154290604
520.0309311307932,154.19156250047067,192.74399855584596,210.2874261798982
517.7514523483106,153.51916425238522,195.1340899632794,210.95354231575183
515.8695248286439,155.55481306081774,196.1875041285131,213.59578620660778
513.9604734332474,155.81894615315838,196.57270053006965,214.27211093856008
513.928201076193,155.98637511289112,196.37440068164796,215.03300585436835
512.9247800418088,155.15475576318,195.5126085264783,213.37388308452185
513.2930459686702,157.19971040577792,193.79213523694182,212.1244686704655
515.9249507344385,157.71317117905542,191.14366665350994,211.53530321526677
518.79452096484,157.09493867417277,189.18209691719426,209.9344250090897
527.3422207840787,156.9489959824664,186.38175076077252,205.4512449704443
530.6887852893695,156.3625876225457,184.01634429962922,201.1632133588343
540.6484406955298,158.50686804390267,180.05367277716482,199.8352848403391
547.5497381973123,158.70011232543132,175.7749415660192,199.33193950110393
557.0371118189738,158.09837954414152,172.0514398213533,196.72047557836248
558.9720639458606,159.61493530774055,169.13098999434527,196.58183951121694
571.0143205459811,160.7872193875461,166.55979771695576,195.54449169138095
578.2859789266763,164.00742919577368,163.34194806524567,194.45592449191793
585.2771624059818,164.46833799831902,161.39110862586062,192.70083466812304
586.5892228345278,166.07984316530008,160.2740411440127,190.06924945499145
589.1627752269147,165.68910141369003,158.50350825293097,188.9723784088036
589.1426692004964,162.93059690894694,157.4685164101988,185.65025224830686
589.6018304784251,162.45029161971826,155.60191739417067,182.6490677351352
589.7665155491635,163.05697727377563,154.72372920087872,179.84659654298724
589.1553387287356,162.46605594246307,154.68092108903386,176.62829844328323
590.0417260497095,162.09944023504872,154.7180888117786,174.39858320474588
591.1814488766688,162.7059138326834,155.56977242269159,171.77480205466543
591.0105056393141,163.4824466126571,155.80514594853025,170.016872097073
591.4346345908247,166.52426823735652,156.4364586727218,170.948178169421
590.2629923728249,169.009753251353,156.98400274273916,170.230824951273
589.6499070844231,172.8142115117243,156.87433047171874,168.3227040810126
589.0930751440599,176.43268004634456,156.15467456923437,167.55547211659996
587.4365234158639,179.01035151936227,156.20676094150468,166.75618729129206
586.5216533068304,179.66201388882087,156.645910491847,166.45509784576325
585.8619090613868,179.12863000374503,156.94643648025468,166.1413978434311
584.9834214879205,177.3647852893289,157.01784710921237,166.3573115879067
584.3379933423348,176.7877251876949,156.40755949188326,167.2233590561035
580.0003813603652,174.09838758206536,157.0153834771848,166.623447593626
577.4696061819413,174.1551126477648,157.939327690081,166.5098492312381
576.0674924836287,175.2271769898448,158.75434269294544,166.37909106099417
575.1783672019783,174.2679803287572,158.96435595155899,166.65889535862556
571.0321718973943,174.17496428814715,160.24959924856253,167.80977393165932
570.2850899570712,173.9364634237844,160.33804611394228,168.8793518661153
569.2793072718873,174.2829045408319,160.9577914111824,169.7103672798779
569.0394575110013,172.96029382604266,161.05300619484302,170.06380156193444
567.732034228769,173.7258544973248,161.57088577741982,170.18410474653842
563.7975927415476,171.01974509564755,161.3853396976021,169.46302276864293
560.3036955262394,168.2930991142218,161.929275027877,168.87103284443998
558.7013936090668,168.70400024462708,162.51066127951927,168.7775852164839
557.0471227761842,168.38289616399987,163.71412710910292,169.4109418262875
554.9607179254723,169.76004796081705,165.00514712623107,171.74730357307675
553.5487161094118,174.52463565009487,165.36321075972558,171.56840132684533
553.0973021474409,173.6291908805946,165.0376453673982,172.86182233471413
550.6444687363588,173.14375242570765,165.4506616806819,173.47442403959113
548.3923941282726,174.27752051499957,166.50526050661068,174.21975793432574
548.8410441742815,174.42030127185785,166.8686922308849,174.1269052407138
549.9550771697677,176.9035516387505,166.19213490499718,175.49184590936375
549.9176265127787,177.64508475591796,166.91490598473368,175.98903849746995
551.628678349065,176.3341223627316,166.66159169891029,175.97341221458305
552.78865333049,173.78559965713157,166.87387139800194,175.19111793080629
554.8986056365766,170.04902046562765,167.07747209207275,175.07309217456242
556.5868877444284,167.8475899365723,166.7832195066179,175.5009836072001
558.6509978951798,166.4457701294538,166.36102766657152,178.26545122397937
563.948871218379,163.91585753224058,165.53718024350073,179.95020751543643
564.7340750152598,162.11339585950012,166.88595781132963,180.92538728486755
564.7937621208708,161.69512399961795,167.02257219797747,182.88329583655633
564.8870086065808,160.72136803044418,167.27866251928018,186.4535852369095
565.1469873861669,160.5937576416277,166.91221305704147,190.296455598359
566.1620433083169,158.84648228042062,164.17514381289635,194.8802765548811
566.3751295542654,157.5758262574071,163.05572257222,197.4176984606932
564.5638612212737,157.07323058142143,162.108493670424,199.7199103672071
557.0528548008369,158.86255737212994,160.8790054279235,196.8792416218916
540.1481446843355,159.8822670453276,162.14509069998877,193.20589147315098
539.3027040364228,158.64787955496135,161.60738055370604,191.93314461855635
529.6490504204376,160.40830822738025,161.9828487964187,188.980080941035
514.1172197211695,172.1417436896043,162.43062350672244,188.90367670665037
527.1158174296827,190.46796187089728,163.2179358411608,182.54594096662296
529.3447126766321,199.84791903074125,164.2507573772915,182.46792857869778
531.8247444323658,208.34252392438538,164.99109040360457,183.53826812307454
537.4770759851184,216.16616107591938,166.41998786023333,181.34080384808271
535.7383546469288,216.73829802107443,166.78091943012143,178.67509445858133
535.1364636192557,219.33200845274408,170.16665515406203,172.88516731529666
535.7361679189532,239.7677936801089,171.8364660962166,170.9702084938678
537.9338629736618,256.4911750390394,171.61317557710086,174.74760883142682
541.6049116114519,256.84269877113513,172.82219238385719,174.93008230229387
526.9436153851582,278.0894320006641,172.4271849676701,176.66894616550152
534.386889012662,277.8351985452704,173.49568341273584,177.9143083990887
522.8556302057623,298.43638136782243,172.39071865043655,183.88730438728533
529.8075248613353,275.0854090205712,178.13167611968612,178.98541302221747
516.372647459052,273.5304753198438,177.70685618670382,177.38175941994916
519.8291175290702,275.2169346160918,180.14682799582505,172.57163980435132
518.9911684621172,274.1540769408464,179.23954117222684,170.2579301632345
525.473541623688,271.6416049128634,176.71681240432218,171.99478565909612
533.7552928978432,259.06413112516145,173.211904559686,177.02129619226372
536.6735876496642,253.00025365132439,170.5701557256759,178.84593243418828
542.0043790256398,245.29687419318827,165.9809454102484,178.3031683783536
556.8299524758013,237.69201362989295,161.86126404032086,180.4983507399906
571.078880932614,233.8486386249366,161.1468810952012,182.1264707602793
574.1904197588958,234.19280216264596,162.55792533747396,183.99917550325046
578.3126800107749,215.62140407807655,161.0005867833313,185.299984062526
578.4118893569591,210.9763964770276,160.99225162448818,186.39616782083723
582.766083616207,180.15187011781342,151.29604099057138,196.7832423898516
585.4916768752273,152.13314863830618,146.06213307226966,203.25080009495983
585.8343556677719,141.1524025261553,142.69127438854767,208.34993613334848
586.4050470441197,130.2070940145955,141.45990688361442,212.3095781961409
588.8707809066236,119.32967823740401,141.19992458264835,214.46637775284324
592.0320390869648,113.32004339165084,142.17975540519348,218.35106778584128
591.2324676031026,106.35190035885402,151.72917427089763,208.38995967113706
593.6291307148828,93.32324578821337,156.33480529983964,200.96880277848283
593.5842456727954,100.82710592142766,158.94693046366527,195.89661985031108
594.2514365382493,108.87942612690426,160.4219140052795,193.53153956661617
593.9839435336261,111.64083925190882,162.02880979979665,192.01371390788515
603.4404854203632,131.26541274248598,164.9059768045206,190.5385690019261
608.2551327894876,132.82522486193676,166.30658452446278,191.4030648935635
610.2961233181833,151.91139334338652,167.15619450100698,194.2126691538085
609.7083804732501,150.33022354080876,168.219721649897,195.88318246311138
609.079041981595,151.27982543713253,168.8819916369573,197.14174787364988
611.9926761449614,150.80771687714906,169.39594035124006,198.33240383960893
612.309149421485,171.40216061801652,173.11742113583932,198.74306469771773
611.7623610392026,170.00711468764615,175.6278229564802,198.3217660631582
608.944031649288,168.5695750562056,178.94611282456617,195.6069500776262
604.5820514097419,166.62739504247114,181.08468750425044,194.99714945293448
585.2144527516176,164.46046245868936,183.7849498229404,196.44986842794737
584.0472297095389,162.92509496681743,185.3606716348468,199.019542150991
579.2744512396617,160.24807300381644,187.5299825991066,199.64649285723593
572.110599565861,158.68033425069598,188.9104594223552,201.45218096337612
569.3245216960072,157.7873650526266,189.97061650865078,203.70545839836376
567.7079914479704,158.9583480322446,190.51498109713185,207.10788244996147
566.484017035552,160.8151061769746,191.75086792074012,208.96472825156593
566.5442032715199,162.2303437348879,191.88359554598375,211.05405866247276
570.821819790227,163.44494261494853,191.25493816927508,212.10974874071513
571.6014068167415,168.7813205128909,190.91604941268628,213.86790591632703
571.2022444003103,172.37107773760067,191.12117093935052,213.85557105141058
572.4909283538831,174.6471891910423,191.67706161336645,213.91736086272803
573.2657042494061,175.6305609758161,193.61399387307114,213.4292700088634
575.4818865251871,172.26598622557822,192.87871446364477,211.47878827612385
576.8569173310116,171.37100269121478,192.23609451573782,208.89426937530726
577.0117606227052,168.8966790767102,192.5106108179785,206.75455486420412
578.850396065759,164.88064547353164,191.2938485168471,205.41730883050997
576.7399875444419,163.96423161303574,190.34274049157955,202.39734810316804
576.8039833410943,161.12443658176213,189.54982832980858,199.78956271558098
574.4879518968295,161.2289882315369,188.44017387977618,196.6625755430456
569.7060392692595,163.27295665064716,187.95334281625165,193.73347042040888
565.2945904168531,162.94566272923836,186.440853291145,192.10767777578445
563.6557910045043,162.62021155973522,185.09329523641753,190.4855786823719
560.7377975492228,161.63959990794774,183.13318582205983,189.35607012673975
558.009805486033,159.47418725578842,180.45138594422818,189.80985742904423
556.171590474925,156.6607581368056,178.1144640491773,189.87376219487237
556.0176102042713,153.75026068245975,175.39677718867506,190.99766218626672
557.0239475862684,150.72959589323065,174.06634487777904,191.3753689085848
558.4592048882465,143.41698373271683,172.40134077091608,192.34194950707825
560.6522164417156,140.5230899865835,171.60474370462734,192.12907324202067
562.4123074467968,137.56871108656372,171.9519888051367,192.28299257541596
565.2199931582254,132.6387356364631,172.0465501863872,193.48802766598584
564.1344807051257,128.96140903835746,171.5161910250513,195.6977896001427
564.3316499845656,125.83830989483795,171.60362730295023,196.44532589224764
564.3388098845437,127.6258776290906,172.51972426582267,197.04090957047086
561.7661073811214,131.37153877578595,174.085503904549,196.969481495525
556.7243133422153,151.9369817224459,177.39674596261654,196.86834261148243
552.6714813092701,152.3928635236823,179.66505346112393,195.50153906078458
546.5010664929295,153.59588670790623,181.62627112481118,194.71072837863892
543.9209910386365,153.613014442989,181.8897407246506,195.9254369797472
542.703666400816,175.57637521420602,184.1238028170547,195.77915290679556
545.1419131093512,177.78312706769796,186.67579765453132,196.84595296415495
548.9237352476073,180.47009168006633,187.11503538180335,198.2036378522722
548.4068224703861,183.4755335181539,188.24061367400623,197.98754730506437
549.1093649792999,186.24143563384274,189.15396170251952,198.90324664042862
557.0449472203787,185.68874103319,189.19933736623597,199.93546080631702
559.3065761930654,185.15391912113301,192.01690497857126,198.53098353668102
558.7169352170808,183.48897391291052,193.06530599356037,198.83109952571203
560.3707232158009,182.7927412983443,193.8501334079853,198.2029069770582
564.0958980860356,182.0331518254576,196.8528171147816,196.7866043745223
569.6503949456829,175.66451570927964,198.1648534400427,198.3435711259212
571.0867649475408,170.5417959442397,199.2699285875415,198.1630463005323
572.703227494596,164.0817461220615,199.78063104164883,197.46402057867778
578.269251954782,151.4237090502079,199.1876455749512,198.30616054880102
577.8347682670247,162.04509089857717,201.20250616659877,200.01441232447456
585.0683410531507,151.71550418008158,201.82809397752567,201.00922190038176
591.5356407252038,142.95390984386765,203.1158647811243,202.34869665984576
595.316324361723,136.34847050391494,201.43403890518076,202.22157504220482
596.1665083319313,135.25800530235833,198.286531582402,202.90766971095064
595.9382135943806,134.08547911270244,194.1561149654317,203.8101884780111
597.4807621116762,130.6393338599682,189.41799027714646,205.1128488565265
597.5009310388367,129.89274622259802,184.63668181125314,209.1263888926194
598.2820918113711,130.1028030281796,182.13028676793533,209.94564884617634
597.4256816445563,128.65213068816595,182.44843625748672,209.32724364636664
596.5617387670388,127.34289370101823,182.5116545253773,209.3754015443834
595.949512499448,125.64382210473323,181.4249193164183,206.0724105320889
595.5546004059156,124.6659800948969,178.8940457190592,203.98562791128916
590.5866616711864,124.40882316808691,176.2792268155318,204.17906835539947
591.7410219226247,124.72143329060705,173.56703219036936,203.9946542905979
590.7163430190705,124.59352678665836,172.52273631858375,203.18897819327069
586.2597966217193,125.08382301320611,171.8518237574513,202.368899171009
584.3684348597722,124.21805409983821,171.7494609833567,200.99882609877324
584.1115064200733,124.06972092200247,170.96472362638053,200.156958623802
583.4862001893421,121.83152114998171,170.864036325117,199.3460132352874
584.6151766097776,116.31551685583615,171.1569271999138,198.66164170425478
600.3181231328742,110.24374049398996,179.1333316695895,197.2189927601615
596.3131419137641,106.1908637558962,182.33331180800525,198.64624033882706
602.8501798061739,106.12158766220763,182.74802272057343,200.66305838390073
608.8310318348191,104.7340030963114,182.79514015070964,202.52286921071578
610.1937867106349,91.93246620357496,181.32977546724666,204.05732231442596
611.0613001658422,100.85478318174722,177.54051738999246,205.69872656608925
612.6097713791042,106.89400108704814,168.67047840203648,212.0505523674259
615.6301581350305,113.1340329273904,159.68129676335298,219.70306849020818
621.0733437988656,116.3717137118345,152.5005452476944,226.70046139977455
640.2757238148245,101.39067499069165,152.6384716781791,229.13240273366182
638.3414838897012,95.53168583257983,155.99228431546248,230.55644432045432
643.5464748266672,94.576016534788,167.5254310273457,223.47565645119423
637.0793867769927,96.01269304881805,178.48983884094358,216.4775809423602
617.5980334235952,70.67538723442259,188.3929447176603,208.4587683462976
617.5161180568714,71.98246489092833,196.44971835653416,203.7174901542578
