145.5,419.5,70,63
139.28239231948493,414.079984675977,69.58480585327868,64.38457677536535
135.05124443347916,410.944402607381,68.69913829216037,65.80971210777834
130.24306663334048,404.5611571982759,66.95631439567255,66.81856494838836
130.32596067387135,396.0852863986494,66.86170484774765,67.0069188675877
128.13046569338363,389.7183361355108,65.91305657553829,66.23964065240978
128.32953228461702,382.30443399210014,66.22189205819451,64.82576288661875
131.05505017402916,374.98662822595725,66.03168334388437,63.68775762813317
141.60609520537236,381.8832386799026,66.66921921198409,67.39554761501782
144.88990039216742,368.6991413543723,65.9195519345549,68.65055447616152
150.1748403794427,357.461037308697,64.32329714310976,71.14186495398668
152.50014621261494,349.13745678449425,64.12480816505874,71.20032666157175
156.7340695545502,359.20576107692625,66.75623802385182,69.326100584032
183.26315887032194,369.4687976785634,69.30691940817744,67.90879965858967
184.71024761553542,370.0666757752843,68.8449692908737,65.57977451277829
181.76209870451305,371.2794923964676,69.6340192834812,64.66542538334188
177.41298807889513,371.26167170541675,70.96244330495017,64.1940578552645
173.99938398445892,371.4900805909032,71.36704311827327,65.25889385569215
173.39093833074438,369.7441901494577,71.13917767941024,66.76639236420105
172.7930870020813,369.26039230561867,70.2779588546502,68.49715960549085
174.17249117820927,368.12568056215196,69.94503117294178,69.3871769978732
173.0453605776878,373.4949519861511,69.30524177584019,67.45975895151072
176.0204223656501,374.182208087711,68.98113052520246,67.02355552381584
180.32720066583056,372.3641091767192,67.38085813123189,66.87357928688532
185.21387069177587,370.47376245791173,66.51980293041551,66.32750146519228
191.49788179438343,367.65939854417013,68.5005859620168,64.81355246238377
196.67693485889725,364.3405714106699,68.84391396842611,63.87105755564764
203.62033285809994,360.9270118147359,69.07361214879275,63.701824551775864
211.59615548537874,354.4259642199539,69.02437167939141,63.63045439404988
218.29976039053315,348.90129716516276,67.03799736407768,64.28440276144464
232.43904866067462,343.9399535760091,64.99371762250082,64.56465295855085
245.1692477382839,340.8220025309379,65.11287879345414,63.545694170702575
258.23426222126017,337.9812284310376,63.29534792015298,63.475709339039454
273.55437756381485,334.4194681799151,64.234798631528,62.66817811017482
287.3437469781942,330.70142286976795,64.15300804495678,61.900271118469675
302.7355194583414,327.0847328074722,63.48775875421807,61.89499043068311
317.43802135765765,322.83692492751254,64.03256116896446,61.78016784373977
330.82818261508083,317.35056580746834,64.34820117853214,61.23297241042729
345.04521798374344,312.75935940436744,64.01062511588948,62.02156922236638
351.71986764923065,307.1733059745565,65.0914052450591,63.93685826430025
367.03430406798395,303.5441505957259,63.71454466036011,65.47346644627788
379.74510430614384,303.3869810571157,62.03666328499256,63.72214337788367
387.27148032915085,303.3307399837734,62.243286811183125,60.98285369305576
389.8771930233328,299.0334135621033,64.57831680611997,58.65613984480656
390.378433833887,298.1985676116107,68.76760049339168,56.104493473697076
391.9770854252207,296.83658435106616,72.23556382454872,54.80286671399396
392.8035481466177,295.7278939771417,74.71169769648256,54.45554757361343
394.84669459031943,295.37842010267383,76.32693955715644,54.57027866824857
396.33379283137225,294.2063432302231,77.16321675554703,54.303486473132246
401.59495980174336,293.7458974452132,78.03304895250022,53.44941764447813
397.0979129578734,294.056046645779,78.89337551224939,51.69081202956315
384.0447186384626,305.62515027612676,71.87103719184242,58.0922070485308
392.1475638089473,307.71831366538066,71.44121145200828,59.98083811761822
395.07690289504865,305.80732211341365,74.16540757790126,63.2212229992965
393.3667352931507,304.05947991080893,69.46197016054234,67.08615233763425
403.391965284781,303.6176222052109,66.40228433194493,71.10677437267064
416.8870203998754,303.9446006463644,65.05716502277667,75.22627072598993
425.23186161003935,303.54991532938067,65.09892410025147,77.32159700837963
433.12033106172817,307.23529730020385,65.66014285068243,79.39197419527333
441.2038239274918,308.46804590223974,68.08402702271964,79.4260802626859
441.2496050779795,294.50490905241054,66.40462333018077,79.29741850702207
449.987341454196,290.6412084405206,64.42872810002564,78.51090276150263
465.05288118449886,291.25167293586065,64.77087709400976,75.78357962294956
476.0161449755029,294.2673834255629,64.18869079007781,72.84653592282663
486.34947123670923,299.75606664575156,65.13473396163491,69.19398761675721
493.3200629864766,304.0877617723087,68.52845799383837,65.81762424581461
501.4266228320806,307.21960272321616,72.76910607911967,63.98348726968935
517.3653738798995,309.93811828303876,75.77159742220259,61.82169108771194
523.9280404229092,311.53667722402076,80.1436970449233,59.37473050240557
531.6486102108928,311.3946239154977,84.38835611397566,58.70525489222168
542.1401362702494,310.5940372215665,86.83325008596083,58.4576806690382
548.7242514120085,307.15737367612275,88.44060688435178,60.19701270377336
557.9155314241451,305.19156687602396,87.01241354403847,63.84691761642708
567.4265268251083,303.4103522773911,84.37390662883081,66.50702142192333
576.747687950698,303.97054172199864,81.16323072469736,69.1273821166774
581.4036551998448,305.112826994905,76.84599808873897,70.6867682797728
590.6440829690407,311.4000788422074,75.45611926543512,73.68430895772656
586.9350612242284,329.68765593096987,77.03104074959694,75.32730968742814
582.7312876693811,329.27878563972104,79.45466490091758,75.82550455387852
573.8525382717029,342.25853588018765,86.82708049772674,69.93150814704205
591.1360575310182,340.33456704774426,82.03236749484316,71.83926360291392
595.0900543019084,341.41015189782075,78.20033935757337,74.30374312608849
594.9312630093146,341.8741051859561,76.76418294339405,75.78484147649931
591.9311946888547,343.8582893343379,77.56855408901365,75.30518882838693
586.6285673333484,346.5907440355926,79.26814435605638,73.99592384268655
574.332029016221,350.92181241323,80.0290485965125,71.7716552056979
561.0297676756253,355.0493438573232,77.89867557152704,70.5251415309209
547.006075919584,356.9178550225848,74.7538746353676,69.31344282977707
536.9948805898235,356.1710871781429,70.92664829049383,68.4235778400262
527.9996777767906,353.46973246882857,68.92585060845437,67.16939305165405
519.2561757345773,350.91757962594437,67.43833114856943,66.58287327508117
514.8021886883342,346.3144557371948,65.56179367489335,64.44970740969698
510.8910200486266,350.8456770810739,62.91010236696732,64.4085516863553
510.8866047652384,350.8936486699716,61.40908588879893,65.51647558638741
510.3678181605872,352.90935782547945,61.147876153422075,68.38253204114926
518.5041280016353,357.63742791645666,64.25868695228291,71.67232825293262
513.7664296730434,355.43676380089266,64.24355550277741,74.13221697466885
502.1856455606569,355.99658003296116,67.20125486158352,73.06948966839589
493.27595722787834,356.98332285828724,71.17874977512648,70.93294679478142
481.16305807905576,356.38949166104834,70.79429378505188,69.63251748202958
477.69320278794333,351.3174969104466,70.35972725240855,68.95669420857487
477.1569712518715,351.2407761489428,68.37628665138024,67.69243758666973
479.67403847038327,348.98650939480734,68.28524885208255,66.05110403714036
481.69429122018954,341.94601714293174,66.36245298915821,66.07907283196818
484.72986689091346,337.67161737852285,63.66544739394146,68.00878990991933
485.5272141173904,334.28474847197054,63.40000971398264,69.11130885095356
483.37076365533926,336.8427243321279,65.32297919773148,67.51050505506213
482.3763405065558,337.85832153803625,67.8374544792729,65.33990054981871
479.94434280454834,336.46991096304754,69.78438903123691,63.92784697826899
476.72752112847803,334.71623938421453,72.05781080668692,62.724148685434585
473.0842905690887,331.54195242562827,76.06091597415644,59.9394990689767
470.0097129057717,324.8199784504812,78.51660058431393,57.554654447249405
468.36517980635296,320.8427365692265,79.84922073155383,56.03772173637017
465.3073253784048,316.9215889943175,81.62056399067892,54.768297754718304
465.16173795487197,312.2712916042809,82.35473975041086,54.42636400085601
464.4298500049212,308.48594905734143,84.00156824974246,53.943840743599665
462.3780437114895,304.57668346335987,85.5521126755951,53.399588499555946
462.4516028018624,299.651562107531,85.98955715411296,53.64077569210973
452.59280777040584,294.6162283668612,89.01550254844702,54.660065877001536
446.3287348762248,277.0348014911649,85.14950046388424,62.179456493628585
451.1369963693019,270.92050154164815,81.60101069611385,68.0770851516647
451.43806135025307,263.6846797848045,76.7304671905103,72.55269881153126
453.60362697926496,256.4689382249573,74.0667836186819,75.96941237708745
454.2375122915489,249.75143192549797,72.5030600481664,77.62069256176052
458.55002926301734,248.30998419926598,71.19626913196299,76.74573355255454
464.5354051686188,239.11227905671424,71.3706655980427,75.91126827308283
456.1335798837873,245.25670820991857,70.21775603281796,72.2146264583734
458.5056125923487,241.45264211119206,69.55508433441474,69.094455700199
459.50357507012814,232.56151204717847,69.01241670116728,67.68786542539414
463.3291086526284,225.9585247152632,68.65857691882665,67.47749735393413
470.27224856377313,216.15385505430135,68.69356174497463,66.28355679914884
474.6832750797201,211.94130022580927,67.74247371704803,66.79780496397602
488.6267078095563,203.4876957995445,64.9333842125758,66.67306000486005
494.2396333232699,194.7115124313658,62.29266483035116,65.70708949146157
496.7374420492696,186.39214005666616,59.65757703953045,64.10522602552888
499.97179086893345,183.47087219201802,57.47371807665535,62.91351578696013
502.6337499395006,175.9248187823186,56.223310105503955,60.99324772842928
506.8381963570979,169.7558653713321,54.87966099131762,59.50348826774848
510.54202281338576,162.8660461707869,54.32247480695244,58.57693369856304
513.7625157734425,159.58125924868438,54.51374682522389,57.873156350293726
517.7555874927904,151.69160914991076,55.06813263762686,56.24477603636633
520.9065220720995,148.1223991478813,55.634249204411475,55.574408217701816
524.3923103439646,138.8004174546096,55.61748041901245,54.86435053185758
526.9244446131981,130.4342703705442,55.21791858754602,54.52035838407038
530.47361060191,123.2077726370913,54.10311045579519,54.091312873498154
534.0211483494676,118.75757938367788,53.74300696080198,55.06940476362579
534.4343637018915,115.58925983407579,53.07555141011568,55.828530644903935
516.3016663926891,132.8005734435013,52.470897505571294,56.255341139676
519.2166713282102,130.92869029444648,51.701894657386646,56.03425152843806
520.6352895641543,127.09783172048549,52.27697665359231,56.293214846404005
523.1824479872128,120.31383327904298,52.13822430637663,57.457856130839296
523.534566581401,114.52731880610249,52.04849318384563,58.02571806927401
522.8168615859332,104.32876849525204,52.127911334418776,57.511573344905564
523.520865893991,98.3501529329935,51.92965337061656,57.34486972363406
523.501770988772,86.1328598781138,51.521354592005935,57.23131053920401
520.1359745346306,79.01915791049684,51.51191537672324,56.73792551874944
519.2519885516191,73.09499211166849,50.38863554030164,56.30276407441396
513.2261849998479,69.42402681057186,49.836164350997365,55.17791878244218
509.61441186743724,62.1877451841266,48.78822910184168,53.54347596233467
495.17844219272064,54.71723032514981,50.621958536113794,51.94507315465347
477.35287441383974,49.18326916649457,57.52594939477892,48.14368223191269
469.36805547270296,45.179831671849776,61.02923290693526,45.980166138438605
474.0897758420825,43.692947537397124,56.83499298909912,46.74193046103959
464.67999690450625,37.141413517067335,53.58293945983261,46.209988736074166
456.6774915079974,34.88872576774027,51.61119320328977,45.43259789256521
455.5727133893268,33.630431085602126,48.43164364381701,45.45643708899482
440.2850048020508,31.11067192938028,49.127176098520266,45.77659981824759
433.8092162660439,31.49826854711398,50.37641972021669,47.68443003553898
436.5854407558811,36.9747030475834,49.76177639316073,49.517142623345265
444.7865496356749,46.96813663602374,50.65099578262107,49.64009676604466
455.1860023482945,56.1484671280827,49.94147252901266,51.536632208318345
464.48901431510575,70.15472854147342,50.876921984062065,52.18975879559939
473.89378640068105,82.74105377253132,52.67988658671517,53.41124666966524
480.62023491811544,95.81294480601926,53.724286838833734,54.82814499209364
489.8682064205478,110.40079282638527,53.75925051121514,54.953283607123346
498.81259566955885,126.81881740702912,52.720266401010406,56.195012308384484
503.2874785537688,142.74333407563336,52.81871173030779,56.75925945823653
503.7616846021581,154.91452724578494,52.68068647005798,56.63955034876835
500.6624947051462,145.2306389534678,52.260254179883745,57.33792957927663
509.276588309265,129.25600974690838,51.177458435879586,59.193392216028315
513.347767870931,142.64247397213447,51.19873361277948,58.6734449514892
519.1861036920436,164.16636660645685,51.39177766116695,58.67082569846943
512.921128588075,185.39345068865666,51.54092285354025,57.248449221081536
506.4790117635585,204.84471513077204,55.181198029367735,52.919116747983566
514.6389746931997,210.59202568309746,52.87208111478759,53.634875243857664
508.33960491882533,223.2202755668729,52.42096066292585,53.06713623375305
509.40115325048004,234.63970664663515,50.545587862145226,53.850048747690494
509.23569574470525,241.71070564633675,49.18042719582314,53.437679311214524
505.95467505115784,246.6560762174725,48.8739035003679,50.967284429013844
498.7214650037146,256.52240175123876,48.73186793729532,50.821705733917796
490.67821239700373,262.79197038847144,49.73815960396417,49.53590918058284
482.6898820473837,267.7324472871604,49.91873399186382,48.85006379690122
477.0891355048856,273.60345902850247,49.613187053056386,49.40671585132641
466.06876084469445,279.54990664232645,49.60684775039181,50.60072801045824
455.83591689931444,281.89634024862454,49.688376553017015,51.62176851652056
446.68395561221246,284.1562642836913,50.2495203491449,52.07339795493195
439.14485020106673,285.76690437211965,50.42971138078687,52.24473118902499
431.94148905322055,287.9293048892957,50.512226370571064,52.180235559336
424.06595010587307,292.8017998029492,49.56309178662836,52.56569025870134
417.99061317084767,294.13134664220297,47.95695356103702,53.68611613814662
378.1865802180848,299.4226473261882,47.99991021363303,51.40248117795204
372.8953323823001,304.8989267132257,48.34873946521949,50.104320368354635
371.77424926720164,310.91303374511864,49.741492360093126,50.653506512088285
376.98982341239935,310.3980059013616,49.70716032335987,52.110362033376866
381.8338342932993,309.79606027492173,49.82964252121578,54.42931230439173
382.20077949883796,311.8597579853362,51.72146188224838,55.42838601884719
383.15715541698023,313.6462382475866,56.019030518681106,55.5643297607038
383.5338023842642,315.14103515913223,60.963548187659256,55.47220307399559
383.2950171709417,315.43776555353645,65.54841746531743,56.39612013858069
380.81807208789786,313.78395047937363,64.90111992541156,57.09533659061733
379.52191953488096,312.6153401356142,64.46184625222479,54.6142021946706
384.4840389816451,309.6777635015953,59.394163774254324,57.84598578802584
391.8026039767717,305.97859913426544,56.41866536816855,60.68923363203001
397.5706769026458,307.3222230868036,58.002260956239766,61.82007330477343
401.51283845897586,307.3914097572018,62.145641128796925,60.77399477617956
404.9186537997066,306.51620367859306,65.48093637354393,61.56669541558615
413.01160033173676,308.8458662573952,72.11225636795535,59.11789624751441
414.53513085771004,308.427935357242,74.16564916961593,59.847623364927045
415.5295071303665,308.39517460458023,71.46420972797887,60.00628532335077
417.9418203105185,308.2111088867923,68.0222376769476,60.500408803733094
425.2373327350776,309.0177579805078,65.35353986945545,60.69229414615597
436.83686289543266,309.42006361388565,67.00877337198742,60.46809538645745
444.66665793314394,308.6227726528824,68.66577646673095,60.764495178603966
453.98676507015983,308.06773060197617,70.8522452371327,60.73257991651729
468.4268427790581,306.97594808708374,72.40061383667006,60.140920737470346
477.07260455474045,306.8353228605854,73.10476632595487,60.09149701901926
497.7354648219588,307.9041298561156,69.83941337574677,59.914343333172695
501.2727879401576,309.74685143242965,68.07862469473838,59.94122098514061
512.9792828731726,309.56069561659933,65.52519102682874,59.12230744571211
523.4869817062967,310.01438513706626,63.49163730894478,58.23307700769598
527.743718581716,310.5292510260069,61.771145659546484,57.85330205221014
526.6562346173089,309.69617529752963,64.01514652564909,56.882782681299034
525.1148365486923,309.68601236929817,66.19397963349762,57.58212262448521
526.072822983666,309.6038769575996,66.35325023660302,60.92669773674652
529.7798674262551,306.3110318808533,65.31842809031646,62.65791429938824
