436.5,265.5,53,95
435.4466679480391,263.6926673370876,53.646420401987,95.48786860341272
433.3277868691998,261.4733309639735,54.23483596962346,96.24899699424839
432.657633650215,258.85619281086986,54.43861260431697,96.967022213267
431.34506588839645,256.77516725905554,54.928296095864894,96.72150343164176
428.67626718901886,251.562363338317,55.80413297368498,96.63489565879998
427.17489838814515,236.17220972303346,56.213927145485485,98.03386476986017
427.2396987556285,223.5843982019147,56.62307205222711,99.7648886604864
424.25896504378113,220.5445948012583,59.395233932022435,95.8342777951732
429.38265757180386,207.57889563086303,60.77296522424352,99.23682176584656
420.2075588733967,185.17841849076402,64.37928616384346,97.66523271108366
414.8468406515793,158.1635193856627,71.02917796026145,95.17699503261439
415.3240133009592,155.6711603233136,78.47883866583511,91.488992248194
413.6518323817923,147.66066925502997,85.01023081956812,88.82264223144088
415.9918091606997,137.883814355916,90.41209298135793,87.80906649194912
434.28015938260216,140.3979708193206,94.0910268454142,86.15305132896442
439.98625987800085,132.3954284488241,103.49634408886988,80.95324486512341
444.6225043648689,131.3834530833261,105.83079729195258,79.84134063663151
458.9087913126358,130.5002561160025,105.06425939190218,81.64632930892762
471.3641260376595,132.14609752315346,104.46014473616628,82.98022442126147
473.1039817944702,133.80331571597324,102.97699153114633,85.62831769489317
480.3888656436121,152.74628423195767,102.19002069260367,86.48868040657662
485.1884399707701,166.0904739949318,99.96995614854765,88.65453366871428
438.0744432587635,168.9779280799944,92.34037510967032,97.38877981835228
437.54258462721214,171.41245001761166,86.95316273104937,104.06339992169441
445.0006056897438,182.77900539439676,87.14313390402074,105.15045098758223
435.2287968780193,215.50697908200232,81.25828663794337,111.50689680084773
465.119277988676,247.62806259488053,82.18746845959863,110.28418091644869
476.42670197289976,267.8173344602784,77.14723024762088,116.8607343841393
474.59057475734676,280.6381232038154,74.65752026222302,121.02186456918449
473.2738475322108,292.4448688878595,73.04370889676002,124.31219133158933
467.8788916681915,308.03761898281255,71.75714071299441,127.08693055208363
463.780678250364,310.87586578987305,70.97927956189407,127.597136328374
461.5980064764674,314.68583118454626,69.9545250147471,128.13669612435478
461.10583534360757,313.2685070826462,68.09595436809795,128.9745666744608
459.0313698716081,310.8855475655751,66.87723909475076,129.27118591535952
452.9220552934513,302.4231426844077,67.67452635500713,128.85187946675677
449.2905395167198,296.0300417628431,67.97802564757544,128.7893969989729
445.46515160168076,288.82382324868485,68.31872381041711,129.20680171680362
442.11530744286915,280.5662243494912,69.09373189503864,130.26612221111367
438.7459040911802,273.5010962294259,70.15137481057477,130.03530304993814
436.1818496636032,251.2984811124466,71.00317751338508,131.23117888326203
436.0859417622295,234.9263604545108,71.61460545559595,129.45718976090123
435.7385883791354,224.66737361934895,72.16999549903335,128.8833322239495
437.45069617279665,212.68309757982067,71.15623943014353,131.13429206362622
441.6198825353657,191.8717434377445,71.8484443646123,129.08980979602075
451.7718810239575,156.60956967505945,72.08467718479203,131.4091554903362
454.5597752816536,142.08123558240135,72.601334042935,132.58581688549123
462.7729021657209,134.3621840145907,72.85047814772517,133.08518787389573
463.23539989269364,122.37305393754085,72.7444176112297,132.15211303654036
465.02968157551277,118.68506931014181,72.47076298849603,130.17315522835014
466.35320659680264,114.51323314200594,72.74056065175743,128.04533956565948
467.53410614444323,113.44105134151224,72.13018205437048,126.91082686202043
469.2608826398622,113.36677360047884,71.65591358845012,127.02600747575389
469.9976874014328,113.57800628063129,71.23743514307539,127.56991913533118
470.02769926561496,115.62002281219951,71.01635212454039,128.09603783992546
470.1093023673486,120.99710757751134,70.6923857270099,126.6833867114014
469.47871000851126,124.83685761682025,70.33916612396777,125.90706723199622
469.73895410156786,128.33320155676526,69.97074907111048,125.04757665969288
468.83952481058543,131.93441301691678,69.42122518008338,124.25448410743181
466.5439752452831,133.8909896009634,69.02913663521204,123.29596465210713
464.39125506957276,141.87621087325738,68.50860824426209,122.84876505795864
464.745494083649,142.97498615850097,68.56201007746442,122.31530893556106
463.6093804212058,146.42655578024562,68.09369689789523,122.6398522825564
461.9918734942941,148.42494201836507,68.02545590896041,122.7104464063541
461.2009356025657,151.57422673446956,67.64928537531671,122.95347052578087
458.326328323922,158.20753104001187,67.26331230671913,124.51520339876603
455.34172512145267,158.45046992541205,66.48474363383802,125.18164076773624
452.78012635430304,159.35243027094361,65.80958892662112,126.09544678413161
450.7144161056859,160.9509449157354,65.33730640185216,127.55771639133758
448.46951995573664,161.9015600814974,65.22270378903102,128.66214754739295
444.97435582152303,167.40693201640343,65.63845186489232,130.8615772844534
443.4238884864204,166.51532488886517,65.20122096579213,132.56174101285134
442.3932167895314,168.00609634256276,65.54450017061302,133.18288045752223
441.12818572345117,169.65009091478638,65.7174186622552,133.62432914113896
440.6831446267911,169.20701734534626,65.94888371671276,134.51638793481192
438.95160797665665,172.58063456201802,65.9899072561632,134.12561598010612
438.5100095245093,172.41288362773878,66.2999517375529,135.08912573745855
438.29066357453223,174.4243960049115,66.74901027756073,135.05558863112333
437.64527243255907,175.49791301843283,67.30476661918142,134.48459415676928
442.9828422454715,174.20962821282427,66.83119559687228,136.0125956384469
440.88153434873783,176.66636217169406,68.00851589435258,136.14863676916926
440.206719457248,175.0546076002422,68.6285495989364,136.25021269025592
439.35205150868853,173.59110573631227,69.0478677720182,136.6591576412603
440.19794138793554,173.37022894845998,69.15658864485663,136.7310144772436
440.70803998046557,178.54713431895146,69.53845590243108,136.75794771666838
439.0420924614502,173.09334155678636,69.5630785062273,138.82849043246586
439.30264041980524,176.5003604181507,69.7312549336295,140.15863682228598
438.9306669985042,179.1366228134128,69.77555244227777,141.6490810487906
438.9844667054115,182.23804287129929,69.68313832779272,142.63595393426883
439.1607151450014,184.12520348979112,69.74329513322891,143.37352501601077
437.7353621096409,186.8459792703698,69.44090595858859,144.96077584972036
437.3033331819836,189.1980112896022,69.33002321589217,145.88275131626045
436.565580592894,190.9075254951554,69.20073091158083,147.00692196750146
436.5267087437534,193.321652367255,69.16580678106385,147.39911862460838
436.70604625392065,189.80624229494106,67.95078211368413,150.33222815980028
435.2321512556279,198.45141798057594,68.7922598353367,148.2857513383962
434.75658815126485,202.74661394639963,69.87881587342186,146.85126656083207
433.5143760139096,203.9600753936012,70.91129865795907,145.5721819013304
434.35830458414557,205.7157457928005,71.70297209037832,144.8774774268606
433.7146234470892,201.17175364852324,71.54753455789624,144.60825823183356
432.9590633425681,207.23287215933556,71.7074897107099,143.48526876117327
433.3853065898147,205.07497361562656,71.91494140858416,142.62029306721922
433.3996275195866,201.4400587935441,71.861000968513,143.09956103535873
432.40288747883767,208.2074028799576,72.18241674565911,141.84354889555175
432.6182786607675,203.7401370832188,72.72554685929273,141.1753850239415
433.64920116355825,210.01801306374358,72.92150553222379,140.29136978011604
433.4068172680116,206.48336384408438,72.60268022419982,139.9065785778634
433.09539726858515,206.5494010255914,72.21342942086007,139.7610166579001
432.9521915103147,204.68164541152385,72.1532685978661,140.3174376245759
433.20560116822037,207.0366942477982,72.07059527862539,139.08515367273023
433.8122614529024,203.06294494309947,71.78693812898489,139.72590341509283
433.6440916731977,207.08065746987683,71.70902385748455,137.59672550051516
433.7175264537317,206.3602527169962,71.52757951580334,137.7381287162221
433.7867951993873,208.64817152495849,71.53314340579402,137.2439976241928
432.41273386379896,207.74851572605223,71.5726641253716,137.5367605788931
431.8245880186146,205.07514354405419,71.27202567429144,136.8844676771116
432.1859021032176,206.82148496974276,71.08772567586175,135.18835774939473
431.26273929954084,208.6332904884908,70.50454665026537,135.42918190782157
431.7255168140688,208.64024995982464,70.40236923046241,135.6239285596124
432.33471604203845,209.32841157076695,69.96686329971915,135.96958388291674
432.998397927863,207.96621855027485,69.79918251719066,136.44022293751175
433.9233003664052,205.95855515379785,69.68877743086998,135.91867782037053
441.0657860246858,205.9224845119864,67.65574970256571,140.0038548782244
439.9857020953897,207.7934716450624,66.30932910214304,141.94051191776697
445.5203483628561,207.49489727523223,65.62535341596502,141.72431546356438
441.8859691175482,200.14793406928783,67.83188656478401,138.30299224166413
446.10838247033723,194.64814358696833,68.32849090473809,138.2647476218915
443.7446358633121,192.91739044107553,69.6783238442828,137.67742435816564
442.13185878730206,190.02632035462744,70.93560721764689,136.56270345470682
442.4207562464302,189.34103064842637,71.45227111782631,135.93814636770406
443.4068179289049,187.59309575106215,71.20770004760801,136.0395161452664
443.3852928833743,185.30818776081318,71.34467848321701,135.60602382956068
444.5936677513358,184.7596173434652,71.05171948826076,134.67412051295048
445.8527321463979,178.9021443207962,70.60739793766899,134.47057233374017
446.837671476793,180.0552404890673,70.44737354590654,135.07634918207344
448.26605837715977,173.63971286430183,69.28578922118615,135.14701319625283
448.57576977810186,172.99449887733422,68.94695695351224,135.99402320382222
447.9208887058516,170.56063232261562,69.46494196407107,135.45865057748063
448.8037123005676,170.55548338233868,69.32047423611826,135.4208067140467
448.3232765996875,168.83780545303975,69.54550728424451,135.18843367173514
448.353536983633,163.73161891506385,69.17529323947142,135.11394818903213
447.5955938494105,165.8346387238284,69.45032142991352,134.23634303881875
447.36163642731447,166.87784385479807,69.74641444144874,133.4097859014979
448.3720293364587,164.094630109199,68.79216791072741,134.0726103157613
448.3668754657564,167.2046982767513,68.7039172411298,133.21574521707635
447.59914895281116,166.97292779326932,69.27117989503004,133.40953278752917
446.34329117231505,165.4459755094357,69.12310422486685,133.83988765541312
446.6340915177,167.0873549250642,69.14776013829155,133.51751247779686
445.2026073325901,167.7684381410598,69.32610836652842,133.35852564366033
449.7365799136312,167.92040837307877,69.19173311258828,134.05038710528152
446.2201937060138,171.08452563894477,69.53961621126422,133.4843381471274
445.1004311376163,171.78308838037157,69.61493269747034,133.1141136709724
445.7076260357671,172.55188878337572,69.19433479131305,133.2437810219694
444.89135104836987,172.82899105919535,69.43756069708438,133.7405664557962
444.39171416106785,173.558999627673,69.74603165911202,133.17995575194635
444.4190568225374,174.58264967105484,69.86373937504192,132.91003255536515
443.50516256108114,175.87998375897598,70.13142102444212,132.28178765260944
443.6642764913757,178.41548482053992,70.25319217799226,131.35327257858432
443.9342579970578,180.05795047021786,70.2362269631635,130.4407265426714
443.3264047298369,179.51756133765392,70.5213960949755,130.1734847310476
442.05232966016456,180.70593682604024,70.95664359302373,130.12356247246038
441.22772393440033,180.15487549404796,71.70874493999136,131.004297571309
445.8201047326275,178.62063772633297,71.57619415133732,132.64111066643898
441.77635737778104,180.0102429557406,72.60759230722775,132.85931789599346
441.05868896973885,182.3184449906829,72.43854183998687,133.52491961300458
442.56973188025916,185.44952042361334,71.6165604939677,132.87137127094746
443.4990718916048,186.09833977655347,70.87076344303999,132.16542334379946
443.6221721474096,187.2139000108443,69.94090087450756,132.33241517227594
444.2636603222603,185.17062508257573,69.35753612901979,132.54085462003013
449.54832865198483,181.24419894350044,68.00568299007855,131.86770973631548
446.3867880923258,177.9114361680481,67.72713151433439,132.1889927144357
445.2515735458589,175.5029578626855,67.73099933750805,132.07547313650127
445.1662380627276,176.31242036955092,67.58424773497254,131.1368385237523
450.9589970442742,174.98776994093913,67.07833010604678,133.4917340100252
448.69929597466876,173.33422037428116,67.61883753471699,134.25254918299873
453.7507893401687,170.77147060810296,67.39203335986934,134.6704419229052
451.3671472233831,169.25322579301363,67.72299967275578,135.24877663632054
450.20151494054016,167.82190706516826,67.32203238304922,135.16700662893751
450.2629243506589,167.67585443816336,67.72609364827994,133.52210707833615
450.706857775053,168.64620261272717,68.01216638517758,132.10259952477506
452.3826565632316,168.23516397445485,68.29279098441855,130.08641162073195
453.90796000615086,167.02297677966953,68.23541134200346,128.91358442453293
456.8353207130987,164.7298115896575,67.61688024716901,128.94303099260634
459.04818495711385,163.1514126867024,67.39506163310111,129.66998036597562
460.6146949824978,163.30158201725618,67.41546513007806,129.8216674462068
461.03366694059696,164.1924107994838,67.10184259115702,129.02776476313352
459.98499890064346,165.35360458515868,66.2181067220589,129.9601729815024
464.50010287545985,164.57049414034276,65.87636579818295,129.5743210123238
460.87953353538705,164.5021374295049,67.11516988360194,128.79605736033008
460.7228772073537,163.98916622170347,67.58853024961056,127.68159817414157
459.01239971558925,160.64187280009622,67.28103302748146,128.58647354198374
458.2982771442843,164.97008829582506,66.78192466877142,129.8824665999035
459.1773227887039,165.3070948356928,66.82454024333565,129.22120246939775
459.6143218223784,166.7527526402439,66.69914569876421,129.20540518228654
460.47680285868194,167.8722773193855,66.38966733930717,129.46880581332218
461.04590500067826,174.45126286624856,66.30446290940229,130.3491295117714
466.38873316424474,175.14798625935248,64.71158478814095,132.79401061023762
462.8214520782735,173.764089717206,65.47145022851606,133.91323673324212
460.3309601809224,176.89561806528707,66.55482455094355,135.2396265817272
458.7864224268309,175.45253581502743,66.82698526229734,135.28618908868566
455.696212770969,177.155551055503,67.47514606343147,136.51064223505387
453.4991721165988,178.95029361491825,67.93094130611658,137.62367605619528
452.48943139216897,178.5399689261089,68.28221940109437,137.84193639620486
449.23392083418673,180.19676596223246,68.87518116799878,139.03192098683007
446.5243350042405,178.04356690062957,69.341248331889,139.37988095200058
443.4446992245418,183.14680075823256,70.3453270392662,140.75644775217546
440.8481308669086,183.78791261231794,70.87180344569475,140.3757485281623
439.13472423772953,185.85215016091814,71.24443727404486,141.1507062770312
437.61302881438365,184.38534711957925,71.11590925171808,142.15429929913924
437.0480298052562,186.03789669144385,71.12384744789047,143.3988522550194
434.7773721006872,186.6824818217343,71.85054903790618,143.08347973299053
434.03310975249826,190.73255123877107,72.76497937917776,142.13651863710672
433.3747800022854,193.61972186449452,73.30241341096796,141.7589130538422
432.4358851640825,193.43418181247537,73.41185618166537,141.86219747592708
432.897429968884,198.50421413558982,73.38494082409557,142.63034167674408
437.5771874514041,200.15631753635506,72.64621061857693,143.63847084323118
434.2299038074716,198.78560081887295,73.00335744287989,144.67909468022634
433.0278525744871,197.24348629254376,73.19714182031733,145.46037048962913
438.4842343147743,194.96050891087071,73.17407636830734,147.64950468870518
434.93036636870016,194.46360258797796,73.90545470506629,148.6811390110728
433.8508135276753,192.46251959892874,74.65017411468551,149.47770878059885
434.0024489635463,190.77935822288066,75.04244027364041,149.6588530143997
433.5147309595394,190.83497315045076,76.07014056599684,151.08964526829118
434.6852195309053,187.74856491469274,76.76910163470606,150.9149075329591
435.17231394378,184.58156636214318,76.56965964418836,150.88649886108064
442.5724261669611,183.81118166780675,76.4618180103262,152.62311477756842
438.3042433013694,184.1143602671754,77.99360181325645,151.77999270079644
439.27917689205043,185.09637983281394,78.53657611405684,150.32038910876503
439.4638518962628,183.30859978777673,77.93480563134133,149.9736014147971
439.7379514909985,182.8589680215504,77.66060988797199,149.43086169712768
445.35113520558633,187.0563981220845,78.65016386077392,148.82169895623406
441.95418219215173,184.40449809571138,78.78210976267354,148.42434382328082
448.9788512385211,182.3584146653633,78.29012659699794,148.9077248162859
445.56733345282686,182.66162870921076,78.44558680904184,149.09366001460938
444.9491867742901,180.58270318560915,77.77555732923936,148.25855299296495
446.0442870994958,181.46338843138017,77.19840618596913,148.3627431522484
445.1892407306158,179.5250612015438,76.03685847992739,147.77756032020366
445.6375263039724,179.15717393550713,75.44096570559721,146.9727636395084
446.311114492919,176.86163138515164,74.96906642969759,145.48530793821743
446.0874948531954,175.23654674038005,74.16332011248801,144.36451079328185
444.36957581924236,174.42147332948747,73.55832804504857,143.48132739389087
442.55329944776975,177.16157987316512,73.8341102725519,142.47057097920398
443.0282805003824,179.61899103361915,73.10993974085109,142.14457102310308
439.7103289087569,172.4854238437236,72.15836905477835,142.62819138006705
439.6945665518498,167.8917768284448,72.15584623949118,143.47670596116177
438.4365660718304,171.01856622227007,72.03282103452146,142.63754014882247
439.0997093223213,173.45974829825582,71.33777329210366,142.5611275921574
438.21715576023746,169.5127296494191,70.89909642731871,141.01297281219414
438.8999838865473,171.5935768365124,70.58917647802846,140.4437278646585
439.1275862571435,174.21376617840485,70.27178311448063,139.50696618145344
446.8883803106422,168.75377688315962,68.32368705765407,141.4173288738116
443.5987729709815,170.94277925791016,69.21397980856972,140.58097227380085
442.8064793882244,168.93794370098237,69.85055629102436,139.55826566777725
441.1390019771689,172.12614396289513,70.24701666924179,137.86002056616243
446.5312040561848,172.76147674247323,70.21842420249422,137.89382447321566
445.6751198201056,172.87360357011832,70.8826737589041,136.7421494269152
451.1592420669216,173.79895955630946,70.44072492719832,137.61150543243818
448.3756886463508,172.98838434767913,70.79604072982669,137.27878257298838
447.2712436935375,172.88693372875343,71.20397224044905,136.6093003355361
453.74083384208586,172.46641658328278,70.8181166427541,137.50570843670909
450.8648353789753,170.91577181638644,70.79666367120919,137.62274742500009
449.5532382729127,168.56440852071026,70.86658778178713,136.4563724919994
448.5243185715548,167.6420697926597,70.91745415632002,135.23202872312493
447.8334241839297,168.12658825345704,70.81760771867191,134.70329876306664
447.7604224710472,166.91866717802083,70.27661081017403,134.34538941667043
454.8368893814213,166.4999067858046,69.65957996641559,135.195696306378
451.683464618564,164.67090262784885,70.15683343042355,136.03657548715768
448.18375670924024,164.26256481462553,71.001529896349,135.73051167936205
448.60357213760335,163.69690291497818,70.93793637501864,134.131626604908
448.8318750816761,164.43278249821552,70.60362018171868,133.04989621317162
454.5664467667186,165.98557670564958,69.79362788890415,132.1462311686648
451.4730355885714,162.44655130745332,69.77141198759973,131.7857362611694
456.4791244061934,163.62686347405503,69.05843154931615,131.42369655607115
451.94887575564354,161.10732278556105,69.6647443182504,132.2030156459192
451.9309543951428,162.3693850868819,69.20381764080103,131.4641815229376
458.57169015191835,161.2842238531137,68.17170716545803,131.16943946486973
455.6807816438817,164.2135355208536,66.55605942933406,134.04873498314964
454.66641171502056,160.33609859616453,67.47339379522731,131.96135991590182
453.2095929387994,162.28725463182568,68.2367205928937,131.8057922388819
459.4779922086726,163.14307641750975,67.328770129014,131.34524432009405
457.0241326360361,162.96593688660442,65.82275293090319,132.9441779181519
455.3447462844348,163.1540121859048,66.33818046885307,132.43065771663254
454.77774378749,162.83534557359982,66.58697155120934,132.52222846193723
454.22828884172503,162.7464511738413,66.831738478853,132.9773572563616
461.63017934756374,163.31297502733173,66.54002716932403,133.54601703171875
460.44384125071,164.47467895718987,65.4524403491918,135.33765138162772
457.97807484909026,166.27004779671324,66.67604449489951,134.74282053241495
457.1470906064458,166.566238315141,67.15452651854912,134.1509433712239
456.57899293089497,167.64240777606074,67.60338697451677,133.507416400068
463.1757025760477,168.08942640988226,67.59279372638656,133.89871598449864
460.6012283950304,168.9793180115127,68.00495095454063,134.38688045503534
459.1562952673944,170.7442392937575,68.11133894977226,134.32615767776196
465.49657614463734,172.36341722093664,67.99936545212236,134.16994513013583
461.76900108542145,171.6943007376827,66.86703597918444,137.15923438631654
459.98254744821554,172.95009410909805,67.40973728855415,136.49364402333816
460.9272271796088,174.05143549911628,68.24026484397142,135.4118177668155
460.97649448185564,174.71788927553666,68.44219707497656,134.72961447861553
460.6881059120082,175.16690439480166,68.87787924694854,134.3226444374389
461.3491896185138,176.64408288804242,68.92538651655455,133.88253439157018
462.67517129586304,176.87702462610292,68.84409042870169,133.36225626797008
461.6956652293952,178.51447820489778,69.26911337058203,133.2429599101698
460.7345210199465,179.63072373937655,69.5821542242101,132.83646094860362
463.1332537581727,181.00935235056158,69.49398640477054,131.63480496543795
462.61241946877936,181.32768760518996,69.17577715877398,130.9124421398875
464.0006639284831,182.41593262718766,68.64467007148922,130.39928992262094
461.5544464813338,183.34594097323173,69.11061370525931,130.70303413103025
467.3809109822671,184.83349340690467,69.1748573260734,131.23951950607025
462.5397061894422,184.6560760731936,70.15435744211872,132.06929736430544
462.88396354091793,184.84419621504685,70.1362245236063,132.27826180109605
468.5575450017907,186.55559048761597,70.28123765776901,132.5172049759285
464.7384289243922,184.52035249498834,69.38780210321535,136.30515920668051
463.32492474517016,184.8075138635233,68.97919711555966,137.6676725930771
463.9472247658922,185.20400834006801,69.69218944224141,136.61560102461212
462.8139465253266,185.61187116529408,69.17813869986189,137.7977938607552
464.18121936571237,186.45252899124392,69.69956969603133,136.74674612696535
463.6395677686043,185.92467813506255,70.32151592255977,136.1692214446748
461.6632722003686,188.15394513631816,71.33939798691807,135.575121207575
463.69903995507,188.18896343205114,71.01821271440808,135.01678196804153
464.11553568802844,188.00528091597147,71.2902977999286,134.66082383383048
462.1911437091821,188.4325024105852,72.23695973689985,134.8276672129731
464.27214840312877,189.02091873174987,72.35053552356702,134.22532088589412
461.6524711239373,188.54959143919427,72.90689285523496,134.47265414951787
460.80216227833444,190.52583996648377,72.95880470632979,134.3507256469561
460.5336197066219,191.4448928634818,72.84328789243378,134.1729693412184
465.72547144697523,191.54211957759816,73.07362287913426,134.0279457841276
461.18847919013507,190.8703317472287,74.17602974846646,134.02581784302936
458.62580513939474,194.15356034489992,74.822243767153,132.84108548212905
458.6383707355707,194.32316902899672,75.24495651386701,131.87590418762016
457.91697807585774,195.4977053560957,75.49677498873413,130.61563101004575
457.60521590167184,196.02729896366722,75.18053960581321,129.66124294632328
456.08377431994415,197.20603368950228,74.6040251290403,128.73298880665726
457.02410938864693,196.8815687585802,73.90710073347898,127.86309206461198
456.5407157658227,197.05752348393779,73.56693395290516,127.04543311171476
456.7627392607787,197.13382841808067,72.70104364286188,126.27875562935047
455.62184646007904,197.75173019536032,71.78770867121739,125.65831746080038
455.9003760753467,197.68395564989996,70.89104235092415,124.86895588716271
456.0528695037601,198.92290209422902,69.88059232309203,123.92655005428307
456.9695620131987,198.59981837257743,68.94742358562888,123.45229716086294
455.72305237369153,199.72831828233683,68.76707846377963,122.03343073606231
455.513941607572,200.53843229604803,68.3069902096989,120.86472127405622
455.8004727301022,201.93193042892688,67.57726481504332,119.70042915659113
456.5308751213036,202.3906626108133,67.16787452238655,118.75226206962802
455.26569420624156,201.82733868385236,66.80329263836884,118.15758023452406
455.14292397776705,203.24421102106714,66.31842979121782,117.63374251962819
454.987466552222,202.236534485165,66.55841842308303,116.85286742103753
453.1464299499146,202.5024150033818,66.81942748928537,116.96123398384331
453.18903507124946,202.9344245694466,67.31511493548126,116.54405036959704
452.74622560957994,202.28341163708643,67.27299382137898,117.58707888338617
451.2252697720595,201.6252902730755,67.35722336369892,118.30818127346402
450.7331104450085,201.38686411995383,67.32790137563487,118.97776643538495
448.3123175066459,201.59646205237897,67.55420805466714,121.81746048409366
447.6279735628079,201.5404216535412,66.80665448726505,123.48888652713053
446.8262066173263,198.24895996721514,66.42623525990393,123.79094184634636
446.7868161247641,195.56190961620382,66.36378771819771,123.7743403007494
446.6979286554174,196.12494924274054,66.48328320590824,124.04530034191879
445.83615267603847,191.62786053974452,66.89089251959317,124.03127424144114
443.6214230827687,188.3891363011199,66.91611062108029,124.17371219012593
443.8150976508848,188.8138997084459,66.2038182105884,124.78878701140687
442.1213062484768,187.73426816049465,66.44534650910262,123.96154722149083
440.81997914864183,188.97717207706825,65.96955885048094,123.74705400931529
440.3007987622221,188.05117560129676,66.00584931558873,122.76048709490675
439.2749053992559,188.51691557322562,65.93153001773267,121.93179847530692
438.7845661867137,188.47831610379632,65.47643971932929,122.24163948362445
438.2135771039466,187.86772225462425,65.04784836963523,121.39134595409382
438.52982828202727,186.99866277338475,64.86924912230901,120.39394693790459
437.5900196851914,186.25074565671304,64.37359571089351,120.66450863497028
436.7147843117564,186.3672953199105,64.07995329858386,120.64659684326523
436.1460869053258,185.97010891509626,64.12582923250827,120.50001884198446
437.93327932695,184.83885666677534,63.25200281325583,120.24117104751913
437.0273741024524,186.43717638032467,63.07965724971588,119.82800749627498
435.9931501364537,187.9289866713387,63.03106621648803,119.522816279405
435.84432611284933,189.5755904328513,62.4517915370657,119.26896236546487
434.46096771613,189.9241963880451,62.448538628737346,118.79170324700651
434.81872472986123,190.64476522726065,61.80948719047925,119.12262453235103
435.46740400563465,190.91113835198342,60.029653298566025,120.39909609353626
440.17682498743375,190.75108102810412,60.783148867011235,121.03345855809593
435.74781540033035,190.850038934324,61.24165384291486,120.7141991329853
434.02805529615364,191.2545075386604,61.27911044309868,119.96659024228254
434.29937841549435,189.3588672054258,60.836092086659534,118.25024532891776
433.5953203813202,190.32619144215877,60.69910627398055,117.38951746301863
434.9109986011862,190.82929998244086,60.44260869044981,116.71241571362744
434.9707071787885,190.66700578385246,60.23195892251614,115.58432817219797
434.426647578243,192.33709975219,59.66549192766141,114.85774382744184
435.42220063930307,192.30397098378063,59.43320812743298,114.28702303603255
436.5968743403821,192.73298678853925,59.07491120707114,113.65096755771611
435.90791921831817,194.53896193998528,58.5729305324674,113.5095131940788
441.694690754492,193.5042281675248,58.52133341348888,113.22273045289748
439.93537697733245,193.44028787598964,58.676393138675806,112.56258720650764
440.76674821395545,195.03972671005323,58.5618363715685,111.90214022914589
440.5923458178714,196.17344381086957,58.415660560280095,111.60202027082981
441.9945364420882,197.40830923996396,58.59525829858661,110.9871507913108
441.8460512607046,198.00044143405614,58.56016021805541,110.8512331610152
447.0472276587224,194.5256848500598,59.65764815840891,110.76536119717198
445.1201748947476,199.28200019576138,59.52997506468505,111.41048349649148
452.27294906011616,197.84359342854168,59.85461853692644,111.25720216894659
459.2289529964157,200.47325591030662,59.278456611592944,113.91326149801927
466.9682531737151,201.27611925139203,59.12866218045605,114.72880327898321
472.3938626778081,193.96750945976612,59.816763164335555,114.5706885040197
469.8651715881173,194.7099395575318,60.59522421639778,114.56368709030292
475.0087942800235,194.32953668833142,60.887666904789995,116.93042279944498
471.3474285440234,195.80817260343088,61.817341507283345,119.9549024112016
467.30164378617405,196.03763343650752,63.40289572223131,121.65447331020334
463.3693859856768,194.5004618313706,64.40759715620317,123.3600981347808
459.6961872202998,192.52120583476454,66.23284648215356,124.65553682667758
456.65211648449224,192.57291617432276,68.08983065091226,126.75508689074044
442.0954936077275,191.42199177493956,70.08397964846031,128.4296477652172
440.58433997773545,189.29803463254402,73.1043132626828,129.50975971617646
427.6789189206356,188.89314760614474,74.73117252776134,132.1395519412391
426.55103930341375,187.6946222112731,77.05917868624783,134.49536701210627
425.7470378638484,185.42839651326693,78.99823905429689,137.23253783236635
412.6380799752275,182.9176278154577,79.98733212340869,140.37546700120865
411.9878445687944,179.29999322145284,81.0847839133334,142.39527255091275
411.10553012868996,177.82888911585252,82.07494776907093,143.70761547337892
411.3885499893847,175.99542892893268,83.05825842857894,146.1247894053775
410.2555335707871,174.98669915749278,84.54175130205195,147.7199658054522
409.4717687230041,175.2995890337457,85.37988620410746,148.51144753423145
409.53785059116575,176.12775114834346,85.70130001604971,149.3542931315435
409.43032042957714,176.89635747281986,85.63041981131097,150.8332099763041
409.3621116685292,177.41856781638955,86.04317671533998,151.27587415473477
408.048806443745,177.1135746826663,86.53553700087645,151.26866654448432
405.2701667207363,182.81832610146643,86.89236602651418,151.7511457854363
403.42158413318964,179.49786499840417,86.82824041295709,154.0960608351887
400.7194595913455,178.03635522771862,87.53744640963967,157.35564250343475
399.5805857366266,177.9690706416423,88.80806874142253,158.9108679990203
397.80008472532063,176.58640910309543,90.3160116629297,161.58011070586664
396.37519284019913,172.56162558883875,91.5683994170517,163.12684007645157
394.4524855529674,170.42081791355193,92.88225929257116,165.1368389681324
393.55454725583104,167.0546090064686,93.48663987224876,167.0062931058464
393.3873702755421,164.20584053789258,93.7621464389862,168.88563398472516
392.56348438307776,161.09464060063442,94.47406700759862,170.6403877372627
390.60381516067196,159.56240972529434,94.89254309240957,171.33682799975318
387.94568140395575,155.856961757125,94.96425227149146,172.7266544094195
385.8318302175598,153.6816318392212,95.02563908871078,174.69110165787046
384.7380970731016,151.38303095971926,95.38421493477901,175.4617698608899
397.95167582706824,148.6137331580354,97.04702706185543,175.89477559761946
397.7092489891512,146.27736146816122,96.94486755266533,176.16950300141565
395.8010811108966,143.4514636546677,97.51260974037264,175.89094832475277
395.9258013753677,140.79985643581253,97.44902960686193,176.4364942672849
409.77071177984766,135.38738483265809,98.6085320706071,176.1479788401709
408.62576770038856,136.1631340296395,99.1515444665859,176.04131348644552
408.7714438553549,133.95969113222998,99.33390585265616,175.86305619197012
408.24731754534554,132.91374608000302,99.47506560339308,175.78110291263502
407.36673022491857,131.38185194443793,99.43302366767081,175.7583681277349
408.0596837354067,132.3085067604409,99.42446399681512,175.68805431577442
403.879118484846,131.27322564684806,99.70137170435743,174.55478963866327
392.5325852531232,133.27134398509986,98.346680065386,173.8836674507613
396.5015646609188,132.51476047639017,97.43487243006206,173.11232528620442
400.6050666996938,134.11219895507708,96.53260305939085,171.36688547024903
401.40068158844514,136.14605629387714,95.97464983981048,169.42759639079344
402.2008787298899,137.8829043001976,94.71706073389434,167.06371895591894
402.4731945667645,137.0933024663338,92.81147775570936,164.41584132481844
403.7576581450012,138.7244902746687,90.9359783407636,163.80858321989788
403.7951273300724,137.1241386043592,89.77962026427659,162.83406464050344
405.1506949461786,135.6561215594985,88.86592126939935,162.45328454603603
404.72653599586283,134.5480755394371,87.83185796924045,163.0621579629975
404.4213762872927,128.943930777434,87.15361723432687,164.78268026746025
405.3328736340351,125.95037046204392,87.41656623972523,166.14938616435367
405.0312448702903,126.04180228201996,87.84348995235533,167.1317920184583
405.8032261145155,124.82710754410463,88.29591828345457,168.5787249293857
404.70894403982146,125.90470967396111,88.69416370534928,169.38390503856922
405.0575537739962,124.63304388811198,88.98856459880484,171.31449204048903
407.7953674620926,128.99036934803087,89.52980867494352,172.46374607365416
407.21670440777575,131.04942411545392,90.18300257236885,172.93679731303905
407.3453378083353,132.95901105365348,90.84665298421295,172.62309538144888
407.3797776531946,134.02923226355847,91.11826086406484,173.1105261439357
407.6883069940919,137.46192159075846,90.95365841815592,174.3660743465303
406.7666234575073,138.45362125694794,91.01243417414823,174.7107580524814
407.02144564424196,139.6978276136479,91.25529766610785,175.3364119398811
405.7216158155024,139.9228347949547,91.44246099523305,175.6946384677704
405.9326993778049,138.85510292494595,91.70076123780025,174.49241376174297
406.5039432471834,139.38108518667823,91.80892247441567,174.24776113078786
405.86893157993796,140.08665523153837,92.10108547737114,174.39933573699807
404.47463500786773,141.1056665735246,92.36206355116862,175.12129182423536
402.8650623897839,141.420359019849,92.52017005480765,175.923394611068
402.51362403488173,139.03435405609738,92.82301400589913,176.14514494842234
401.9402623168174,141.7537127251904,92.60772851277518,178.3685026529609
399.43816250874556,138.26480275670178,93.7320608136265,178.24579816443156
397.8851154058428,132.8801290828518,94.89235817208862,176.47339937260517
399.4211199618297,132.0258929732425,95.41460021596811,175.4968838083918
397.8515573678448,132.59741510211242,95.7414771739574,175.46132377211035
397.57394804367226,131.56899576271599,95.85413255674038,175.96594687473134
397.6945749226336,129.0461504127638,96.1530426138392,175.5568560423481
398.6110116859307,128.36111200110412,96.49880468447411,174.57582622199072
397.7240765640992,126.71325385801359,97.0367410282576,173.7585063524711
388.8305187219099,127.44420778235708,95.82508313780706,172.9125073649444
395.8376289848857,129.32393760941494,93.7166062107934,176.55425658839218
399.3359004683865,129.50119463568126,93.58284762947301,179.4690289299788
401.39291685058754,128.79911759509952,93.21056105228101,182.97042202862883
400.6604805797459,125.92575617234681,92.66738839743101,186.17975464204807
402.02426855344794,124.38467518511052,91.57642295799211,189.16886891569828
403.36493992086315,126.6203972460691,92.39405716903876,190.61135473305114
403.7282184457478,134.151398149526,93.89913235193549,190.53755597484343
404.59626162807126,130.00810521740556,95.51632820049969,189.51902137094464
405.353974787211,126.64811357876319,96.86670130925262,188.75790408899476
405.98492231558623,127.565986599099,97.0644047937619,188.0386544920716
408.17032819032113,127.24568742438257,96.84190227509663,186.0686888480505
409.89978209773784,128.37084349251498,96.75539784351811,185.4706210412382
411.6098195534578,131.5528429044516,96.26348503000918,185.17457961864054
412.0370009992422,134.50327307229045,95.93193820041391,185.15157410702903
