277.5,211.5,455,243
274.0909808975815,204.84603989149565,453.9381549154998,253.29820418307315
268.38773656575665,195.18031786420494,459.1314806801322,258.6385498337239
270.11214336818114,188.1784927610466,457.2441169606516,263.9215350620132
270.4418093010102,178.4335910124625,456.5523785376421,271.58867811301445
273.79977432495525,168.81832694470506,452.96962433966655,278.50575352788724
273.2913052829574,162.1815434914014,450.10435669894605,284.77025194541983
276.5028505879974,157.26476415287485,443.94783603110204,290.54903633811017
283.80537951446087,154.88357413619377,441.2819413861829,290.2802421885805
288.97247415954746,152.2385724286976,444.07780084784076,285.15399918938823
290.58407819663034,150.14946332610774,444.71298548912915,280.9515516154542
297.87299872483254,144.75501574934998,448.0271484457862,275.64410086748046
306.8649611939629,131.7380130020416,451.2126666380187,273.66760450052493
318.0821247373644,123.67566716254166,450.01606004071766,277.3901546084799
316.4888544794221,128.96565498006817,449.6035412132642,274.61371348117837
321.17309169196494,117.84059811466472,434.132640736085,287.9500469995829
326.3576181012453,104.66649730194615,413.2755193368968,308.2413805486956
332.90257408055686,101.42158781794802,394.1143240378197,326.2305967945239
338.26170675174075,71.36187552463673,385.11818601383413,340.4865684697695
353.569274703314,84.215592121881,372.5728342751163,352.62781386414815
366.0301655459704,97.98992896793078,370.16858684578494,360.65570496086696
368.4089773047405,94.33077369775071,372.8939912632728,366.7279570371768
343.8372332631641,107.62941306310225,365.2107848579003,377.35838140095615
343.3741171347257,107.3830461697334,363.20724712194874,380.8177322950852
344.67133526631324,120.76058745146352,367.5956509199614,369.72596741198385
334.7281003241036,138.11611822388232,367.89954405267173,369.6212252946365
311.9932573701271,141.16013938916822,364.76924674529266,368.40091930363377
301.6117344849046,143.5624181968885,360.23650279710967,364.5744784389104
303.76375861584796,148.64862643836096,356.2268663434753,360.09346009973376
308.69830473730934,159.21650546394454,361.0682376244173,350.5473064263132
305.40991391879885,159.64107788201994,364.8497664614505,345.3244600177442
299.07542966304646,160.05751669245464,361.51704315471795,343.1019209655622
304.1343701326084,152.37876009602306,352.84987167775995,351.5284005471278
303.08166808448067,155.01524672312758,349.322558641447,351.65081875715214
303.25812113678575,159.51026905191162,348.4474051627791,347.8554972288565
306.19556599064697,163.44472267313017,350.59226223545215,342.1625843826291
302.51041724407673,164.8532949780619,343.78014376637344,343.3542579223323
310.7615872018299,144.40507349238905,341.7642330653445,344.15266317395145
311.28580861612653,162.62862370756378,342.8490306981008,344.653072509227
296.5884270756929,159.4801570020524,346.2558272414925,346.27188006194285
290.81938897185705,150.09429337958127,358.2432666808231,345.9625697855228
293.53120635470555,148.0750979652625,373.7964404630998,338.1673662919558
304.4746563622941,167.16367054166486,389.77186420890894,322.27654468651434
314.1759851807601,165.61731887608593,406.84464373628356,313.2600771039759
327.37089462826594,172.0146444379766,416.4193405273071,305.95271683941695
330.8838890553152,179.60745361738853,429.59634697350157,291.8264418186058
326.54361661420813,189.44084842217012,436.69171801042455,279.76469418978604
326.58492606720495,201.00966752605444,437.4146218443181,273.1457804235457
338.5552992265713,192.30263382893392,431.55914163886666,272.6746148923717
332.25623224511594,187.54201114201106,436.2352375234693,267.6587709183781
344.69897071971917,187.76800434346382,430.67194990531755,273.0765726853334
331.17722672999815,181.89247876408214,442.75975989861456,263.948778629253
349.29209578042895,188.001251794802,435.18926442775785,275.6001233301424
350.6798960122335,181.95712952749943,433.1549462484086,286.4941921445327
336.95209321965183,180.40939960283276,417.9792003626246,298.09818737899786
340.6611583562815,184.24852041782816,412.0847802210105,305.0469179474934
344.5854003633177,181.0424170674878,397.5168142619002,313.61446055134184
353.5977515890419,184.85647455030067,401.40211547256126,310.443756398094
333.66317991811786,179.77313355462545,416.30911396272467,296.04368690934194
333.31336148947696,178.99859226791352,422.4036091802971,289.64893803897917
321.83615370392863,180.3864505924317,427.1034947983908,284.05808138101645
321.9680360390217,182.45675148882316,429.28354631320224,280.7374355928531
314.2050027789166,192.49386532550005,437.1623702873309,276.2269963335008
308.52197386117524,188.97488107225217,435.04012875300157,279.1665251465456
306.80146958945653,191.18084673550754,430.6553178040989,282.3147864050263
308.1018607192374,199.34138866600597,430.4460860854613,278.76454032784295
301.38139496528635,191.52994562610718,430.788254127482,279.2072477653676
304.71842808385003,186.48896775935202,431.0922772229352,279.32268795780124
312.69206132223894,181.63688822586818,427.8019264108303,283.0490061243478
311.8866445453712,176.4460279127815,429.60663788507406,285.93578980746696
311.9127253962907,170.91488613696333,432.01317374068446,285.9464338022185
306.5122796071791,168.64852535233112,437.5009497221364,285.6743744113999
305.569196292975,162.3177703269354,440.5047382491958,288.2910980089443
309.60112385842626,156.8851141994678,440.82412191071256,292.52695994268197
307.78278018049184,160.46864031989674,438.05505231620305,291.17969043574135
321.7366534092746,160.48370496967294,438.143542659785,286.7570473842053
319.9906936057121,164.939983720506,437.7995126075624,281.99316580111827
326.6337539656552,148.43244018309548,435.09074631882856,286.17346169246764
325.17433441314347,142.63222650311116,435.66463188686475,288.09917591767066
325.79602191185415,134.74688700644347,433.39572845850466,290.9996938544875
331.85748891828416,129.9276093849232,452.48211069930676,288.1675268990417
334.8110257152282,116.25312682509849,461.9041377142443,291.79080499171357
335.5099043287705,99.32408819123305,465.42633669443507,301.8573745384972
337.53494682536893,58.95402362111216,452.935986999395,323.4124412702917
351.3268072674392,62.396487075339905,443.3379285755816,341.2247666353958
327.2730279479042,86.54084269033592,436.8540336624056,361.6656391456381
334.1824230229414,67.68352282512194,433.19263029211635,368.8760312106608
337.6231751643227,33.96622717663243,436.00411345137036,370.5335915628156
338.8387111197085,41.20764180621663,434.66724882743347,373.67795575457495
331.60641776418163,24.47047260043132,435.43754823837736,375.8537426066973
335.1684027515953,44.4131488081361,434.25936664703386,378.6348101741979
292.080499563583,47.341289282727956,432.09606169493355,381.9684191328511
292.27062205342406,49.28011443953804,429.4092178135026,386.23585129298584
165.03232437683124,-34.984585719827805,446.57065813739143,370.36286208535034
143.99083822877088,-19.30541315641284,460.1794769148354,358.78036343984365
255.08468274849787,41.72712240885312,448.8926667816314,371.1270049557961
322.91825947689176,26.860985254468716,444.75311647425775,378.4557205334858
286.07839940387316,38.79284948440119,439.39065369793155,391.87110202845486
282.35008115865503,35.15825326831089,440.29355445533565,399.052068090122
285.0598701972017,40.18974373300162,440.66164174536885,404.9522371851546
235.5608163967221,74.94712320447582,433.3725941949608,406.5516597607609
239.94544134261793,58.2718987030747,422.81471608261097,408.7491298664684
251.7150857318505,118.59704128812211,414.29259058081817,400.2384168399283
262.26094621645484,111.06537599505049,399.3333168543463,404.973858937302
262.7885159769653,105.68183073880505,389.0989847902956,404.823837099329
268.1598931115522,115.05590203800156,378.4771030559333,415.177594601644
273.98304025172797,138.0028452701145,375.8181859423298,408.46446756734974
270.21401977083144,126.16190896425022,371.5684432813812,407.1787059780285
277.3306124151743,155.45956570549959,370.2087941026197,398.15930115641845
277.6518987193467,155.06843660391058,370.70597805460056,389.9544015379412
277.61801630414357,152.86538348124938,369.83838996352097,385.10951214727726
319.84620116400276,190.79490127469842,386.2665646163611,364.2297665689241
266.7332429132443,172.11747314096206,380.42510593477266,364.2299780610062
264.7732666063327,186.458247340872,378.31530963196985,361.77949350395977
266.22337253945295,195.64152638824626,373.4636530206655,357.4508754345408
262.64435663337326,199.49864895800218,369.50715140844744,354.99473986457855
255.458794987447,211.42261009351682,368.0010707589548,352.4079412507758
153.79610513964684,-35.710242840142655,395.2657204740864,324.9437887196573
72.47498263563915,22.46028673458744,375.638739407883,340.9169843309393
304.3800650926813,52.35753527981848,343.3616860660643,381.782353573485
314.1104503868924,54.91040912914593,314.50592646397024,426.5982176607188
321.34982393658066,44.333098460800954,291.06747496548485,459.3258999867886
328.53647202267166,49.84351937050948,280.7555319999373,471.8038641671274
323.7998745124362,71.06398697896418,279.2219330445783,468.00484713259107
320.5272707262223,68.40806082746082,279.2258379360368,466.9029917024435
327.33590907713585,73.51823599680392,279.1781527564265,467.2003072267944
201.24096120746896,131.91698215984465,295.85368997525245,451.16565517170903
189.4171709248717,178.37724820413604,305.42388177701923,440.663145238888
172.88961169604008,225.48506543045974,329.99722113617173,414.75780589122104
172.92498396675091,236.0383816425045,352.1049414842764,386.96184193560686
161.84505712099136,245.65680163726003,371.09500991464137,363.5427533537191
156.1061063545855,245.24046496329677,388.6022569598432,342.2501539507911
162.3927908388364,234.47529749090356,406.2387554687584,326.88281814972794
178.14837258843457,216.52539413274934,416.3282656450992,319.02017750885864
167.6016743973575,172.4323881451159,425.1344534701244,313.0040944523872
290.77261090962827,198.9654537053278,416.83516772585637,319.16587623479546
296.07852499769257,184.79412505463662,404.07814287347344,329.7132092106163
349.3203375570584,183.3833113862482,386.1483507625543,344.9173448252862
369.80167309479265,131.42314564014197,366.7158310542733,358.5979149649596
416.3393391120851,102.32086287498299,353.34929265982504,358.9340684774553
391.25653614830526,40.158788201259824,350.20925359837116,361.2318353786126
432.12781044621454,20.77707165584934,349.8734661719861,354.1275392824218
438.3411821200113,49.15290123070332,353.3593252490142,337.0604771480947
445.28664735373366,61.987558404265,352.7832455887594,325.9514083148874
454.0056267633744,73.61203917685663,348.5990976520463,319.81923563383987
466.22544838682927,80.93785081738832,343.3983002303318,321.8783076195001
481.4742973723543,90.68197435784754,337.33128348791956,324.90122043543226
483.41133948219874,100.81311813394157,336.1405677126734,319.8908268804366
486.0508606244564,118.73256105620871,334.32918966994885,315.38983929029683
470.60458155033655,124.19679854306764,329.65272087116705,314.74353842699156
481.85440758717095,128.5112162841499,323.181156413465,320.9279840040922
486.93533328966,119.28472560726829,318.33546807153635,332.47729075534687
475.7179625515021,120.49862830151815,314.3915531605229,341.57903210451803
488.3594200417948,125.47605685469216,310.86804140869737,347.664515421754
494.9009123082777,112.00401709685812,308.2799461350699,354.07829098234396
495.8839072887786,103.39353590270102,306.53350876551127,358.15491857756734
502.52552863984033,94.47059839924412,312.60471628921783,357.4357758842858
495.6221867355273,72.71367276912093,319.04279066943815,357.88346884985447
512.6658510568603,35.049445791918686,331.6136346341939,352.9896480239855
533.0076861358888,-5.534349358129646,342.6111854844378,346.6246226624611
337.4743137568223,102.0842445241368,310.2217229671801,380.9704884867954
345.38621378740766,99.53933836533798,287.5198558894078,405.30139730097505
309.96073372092695,110.25285847835087,294.5369117560118,402.47161087438775
266.6053484610855,100.40653405100619,297.45137185089004,402.30395012824704
268.2328668983053,60.17269462108666,298.3335606043496,401.92615474492203
466.39262762224,67.07427766417089,315.04855453733956,384.16840024551504
426.53397670441694,100.03617733132393,326.7407175180052,362.4603601885527
425.34919983939994,119.6447190227899,326.1541915265884,357.928510875445
411.6887375457106,118.99303184381085,316.9706948798363,360.30684367704475
424.1983455089611,134.1666023786883,308.5730876874661,364.27314483751445
441.5112641667033,154.759919577745,302.5200367031585,369.3622787194304
419.81487541290494,165.95594821040436,299.51581103692706,371.9334935488382
432.63806774106854,173.99136505803716,298.20386088987726,368.75192109930015
401.0330025352843,191.0187651796309,299.8956197194144,361.6804315555756
400.0470595014116,198.57251381463448,301.77708807423295,356.41090883390825
335.781746168017,196.2663772552215,304.01264790752606,351.8885221855833
395.0703327682876,191.24483931942123,301.54102738032475,346.5561059612366
452.7858688619483,188.70343574781458,298.7361224903666,342.94850439778486
388.0529702470485,175.38565250301318,279.26576249360375,356.4267003200659
404.5760195750091,166.25459912321605,254.60065481973805,369.6961627696626
410.2389014639898,149.76822205651806,234.6203786363813,381.3732244592109
417.0372738475951,138.57669289330025,221.9248645024295,391.2063131124898
416.34664559829014,121.84870615521413,211.11767495611755,403.6236017436913
407.15567494439495,119.5434402018094,206.3353706584391,409.6084731118274
397.8630970459401,115.323172280222,202.66078371853246,414.59396659278906
389.44385134749564,115.2623832219378,200.37849798529447,417.6260156718819
382.07761196421507,126.34421414268678,200.87775474410404,414.5796405125128
378.63041115989955,118.37933538961369,198.88427125904616,414.75903943711603
376.62357795326477,129.26362269722514,192.48665131825075,415.41477169139995
371.94958851072715,104.66404762601309,187.07323474891922,420.5883519180526
365.99407337614844,96.20263446866755,185.42801635322073,421.9424087777876
354.6349739755131,95.18178346472217,182.4636094110832,425.6280097496066
344.67161422656005,100.40796080093429,179.94285347563974,428.0005804998508
339.2652758746185,108.59350850958083,177.02563649513564,426.565240812233
334.3921751029763,113.86280973913085,174.41563019082483,424.8719371202228
335.47166512517765,111.64670854140616,171.39881813186145,425.206533810411
335.73353238038186,109.79338493259587,167.7820836863028,427.408062896394
332.7238597079712,106.1023540854797,164.92964577459344,429.6099092318922
326.8199072959514,106.23184214082536,161.34795747424337,431.9286091790164
319.98913353875014,112.94665734772613,159.50409097955162,429.1763555123462
318.51173746924593,131.0374623352405,160.70754177563398,422.4537928548224
320.541041194118,116.46304006098899,158.83715744944027,423.36724960120137
339.71104012554844,119.71532051006577,158.75883256021223,420.6165131754752
359.17782068599985,106.37063352243499,159.2255857703641,419.17279617783635
368.58386121965145,92.68772590562821,158.4164744448821,425.3658647531247
389.22482132550454,92.84218338451848,158.64335473976777,423.9862926612881
387.8620375845001,109.28109738816116,158.18431495439685,420.494246895824
382.8063130131792,115.44148377519593,157.90134633428238,415.5058620459488
379.1409322562048,109.09851093469302,155.7926308813732,414.16083429250637
380.79191997478483,121.82064220638023,156.17279078776477,410.5911731132677
386.3212842312673,106.08710137633858,155.64284988771493,410.5340447971547
389.7560664304641,117.06730207076313,155.98830900693002,409.69705458689447
392.70759557337436,107.27891696513541,156.00576816572004,411.3193455806206
389.40920896146537,110.2639484139041,156.44171232230784,411.5372361552207
383.50889376512885,113.32075553258625,156.26168418379194,406.24851831306285
374.60521829515267,108.20546042757508,155.55086381331947,404.09046811933763
405.32589194506033,96.91794816144687,190.87992514387514,369.16549265159404
397.8160232024483,107.98684153850013,214.43714012238533,339.5076286689414
389.6483748319182,116.45418035997301,230.4730173709625,316.2766091299385
383.62172688480086,119.79110148383484,240.72427423798314,299.1734436858037
381.09824913538546,119.07402146392764,240.25737475634514,292.44971626681684
380.57932591074507,125.16070486985598,237.95691573229828,283.9125978051036
378.6878557480911,143.44599568933836,235.12084894701047,274.18298334448355
375.29000750018395,153.48386814915642,233.2838759939723,267.86305774552613
373.60165281774425,159.01826957720252,232.29857154201812,263.651692023223
375.9386371209147,153.9294857888473,222.49768795765004,271.65314027238827
380.28763101383646,147.7069819821055,214.84569910273754,279.51351215131376
384.45700555067276,142.36457540308183,209.6006561600464,284.87842527350296
407.7023622584559,122.7262899286983,216.26814968417744,273.4489339053755
382.08608029276735,119.1114504473262,209.09174373640403,280.7406378228261
386.220836775688,110.69988863433596,204.62756128547068,285.5408589600981
390.56712390411246,105.20320528936455,202.6006602845421,288.0604650451825
394.3682050746962,101.29942806472499,200.14474342295833,290.02832022612057
398.33770972148574,104.4335086164833,205.52889430088806,284.7640020724712
401.79996737583843,105.96433927414498,209.14083796129887,280.6330056541129
405.97280267811993,109.22610347722247,212.94582691789316,275.5034597775981
414.21103701253463,107.77332918042632,216.253370089884,272.6662195795339
387.43702563862524,99.40601190903936,210.38789491289813,278.199257862237
387.68756006261293,122.1427323467313,205.77296736512412,284.67648913651135
391.3818257103172,116.21385848700552,202.02766293166943,288.10691351459326
395.7839668758644,107.69321820076553,193.78711513197752,293.80097271256153
399.1324677271708,107.28351379104922,189.04774084502174,295.54270994452696
404.11704936710095,107.67688305123801,184.73337750336336,293.6857535763253
409.18416258037826,105.74801282601325,181.32739299728001,291.94929055463734
416.55350148413476,101.2435648635514,177.14162980921276,291.199511857979
423.76366007904437,98.30490448547368,172.27341566199607,288.74353488464226
424.87563395547676,97.8196394785482,169.82869816103957,286.53919941425556
424.60023794799764,94.45952361775221,168.13156060293872,286.0269034029984
424.56012478794315,85.29791526196678,165.76911276304406,288.9937501423403
422.2968123803777,75.8637450352052,165.1025889651989,291.70450926651773
424.86902253716113,69.23896755678925,165.12795367436763,292.7867783041602
444.24104098989915,73.00965743342124,176.76722899423334,281.0593505200429
437.5057393886276,72.06960445891659,182.44288600308138,275.51658297204295
431.603959044482,72.84088098004366,185.27581986031794,273.02634254232237
400.77439808063866,73.34335852894145,186.49412300138346,272.4213315711328
379.48577734407144,101.41284625891879,188.1487532379457,271.06052765048474
385.47687871743415,93.18845264755979,186.42648682392286,272.9840558552584
392.70099455713995,80.77898813555535,179.48329006806478,280.66389148021943
397.1498331923559,82.9790657237017,177.8389964341074,283.1079674326194
395.5038139003577,79.6534657414017,176.9645258666451,284.92061635275525
395.744678878238,78.33857867884575,176.98221431856317,285.32224225589755
388.8957686157879,95.58196383363023,176.74715634920057,286.4951856914458
384.29014487280125,83.66902448197106,175.60503984439026,288.4603103817026
381.9626853902339,100.88256721037013,174.81083542695663,289.8509586895529
380.967759623519,92.7621242608048,173.74698293702517,290.86313059942574
380.82097844832776,82.55786276993493,172.5696139958274,292.84386007835786
378.1584906808449,87.72666718424935,166.99962149795624,301.2496937851294
376.386833972896,71.27219535521579,161.54682971976226,309.1080698162434
375.7195796841612,75.68580457740876,156.4859153617461,316.6460704880684
379.60475669004757,80.60386465375257,153.12144656954723,321.3767103985522
378.7107934551375,66.3165231551501,150.63662027752662,324.5457804502005
378.67149033450875,66.45272299414506,146.68122087684685,330.09601356182236
379.7900195034621,70.53251221346676,145.0682516607588,333.6224950749612
382.04160013106684,67.51378593738542,144.0954568262951,336.6552336149779
382.0383925174809,56.989042346440925,143.54969677003496,336.96593791417644
377.4999609546791,67.35564465339766,145.25627819931893,336.0189538508001
375.7461054047568,68.47511149834415,144.63468012176486,337.0588638021882
376.1136862166596,69.34229562364519,144.0839239440119,338.6578373885155
379.7689326568039,53.25941730312837,143.79919743640394,340.7206601458821
384.64389759476853,49.62199779079077,144.05551126622407,342.57118467165594
386.21547514858673,50.78333687980813,143.00799824843153,347.2131804895929
384.2724371667905,42.064512368295226,147.12941470296113,345.8412344045865
383.2513571863381,46.503628671287174,145.6798859355334,349.03044087788726
383.0336705584473,35.501664453569646,145.1132831781315,351.508959614836
379.8030176639441,31.979593956805246,144.93366308289103,355.19722058631584
376.9119466719467,22.10929408811336,149.7455842030667,360.4665116155087
367.47495524892344,4.710168842367864,165.90686143693063,352.64679259406023
330.843767847639,11.734714191776334,188.04783731371828,337.38685511351264
287.72849247546395,-8.684846165174974,191.11641601216988,334.68013461037424
270.77299084935584,-12.016497159841407,191.5006667924623,334.3519133338685
311.9139735711007,86.84047302467016,197.1015214783671,329.25120843847816
312.63917069766035,90.13312828418614,201.77364719518803,323.4891414182484
314.793384205431,95.21069972975815,205.5028493071492,316.8550890346117
291.03314574956903,99.06471526139575,207.330481828004,312.09164520201887
297.10391579997366,109.15109246415071,209.54828620961655,308.2424209936525
301.48992642942244,116.4091667485171,210.6543863267566,304.54620250151885
304.71072262176466,121.0263870924476,211.18766510067198,302.4093269877606
306.11852731708075,127.3961353323757,211.28230565854147,301.7218391367496
306.3422956453399,131.79298969104596,211.4335750852255,301.153028757727
307.09364033884674,141.0951238090562,211.5242295521623,300.84016143113035
308.6824818844715,142.97142771931087,211.5427308576566,300.745765795527
244.66727638675806,8.035371682948693,216.1372974316967,296.1833685909076
246.06479374262128,8.49947633042197,220.3260726679378,292.53753415481725
250.76283507122258,16.256302379740646,223.13537617253937,289.763001585904
254.90757350391806,23.45576954518586,227.6241814726758,285.64111822699846
273.5121913911978,33.93427056188102,230.97420320544052,282.4848592966355
272.6470057652874,41.30751019696456,232.5127122764323,280.861000609049
272.3303723964031,42.96510605769541,233.30021981613132,280.10879263888427
292.38539139963916,48.22308849479347,235.08049018978613,278.55180737131656
287.73759658531577,50.620119055210125,235.7323916165286,277.91134598955796
285.80792762097377,46.78743535910505,236.4168979164132,277.3611362562188
285.9931410446967,45.562911178589815,237.06417472134922,276.58759536287
289.00098060423846,46.66113182451258,239.8376305815137,273.35074796312193
291.94904577906544,49.444565293427985,241.02616696083314,271.9901150035626
290.7720512275672,54.94666243683909,250.9579754112113,261.8193191184776
283.5288027555037,73.98862551260834,272.1926303333961,238.54580155916324
275.01666653651046,112.95045452907385,287.9156762746861,218.47195889488455
235.51876811046824,115.75517004650374,300.56972965753226,204.79356004081092
206.40102810523132,118.89810805423699,310.89252808841627,195.64246443229632
210.12822156029733,125.3305691894009,311.44985420623834,192.6463060856135
229.25656563672118,124.71206951591206,310.34300354728714,192.71703672626947
228.52648389906807,131.26092716878415,307.8732921255902,193.4771438387382
234.96450027721653,140.4740467090327,306.73795818368535,195.24572897699107
243.85484778884265,144.94893731775088,307.1393863446372,195.76080962936675
245.2979205434357,146.13661296209426,307.28205014445683,196.394048562085
254.54580383086406,146.13513201648192,308.73743827846243,195.753497667875
277.2192868627078,147.76990954198163,308.9862554484176,194.0870988258675
287.49215836208964,153.15471150255357,309.71085623017143,191.32686856957963
264.83661131225824,149.93144513604437,314.38086375146503,189.58680824687292
274.58292899825994,148.6066094648344,318.19033905145875,187.3903172701095
299.9413708895295,154.74879763629616,316.6136835404041,185.07901584021087
299.6520040284388,157.5039053207649,315.68251705029746,182.3750515203152
300.4777120698566,160.833160879793,314.7994134812903,178.97372419246588
329.42759525693714,166.32902465793046,311.6159862184573,176.08664522627885
334.5720084118372,167.9301902432431,306.88137247884754,173.95848202249624
335.4734783464613,169.92390307152624,302.2366993923599,172.30165853496683
332.1668716352617,170.75517904829886,299.9762374683847,172.17997283718177
324.2947332429546,170.28479006614825,296.30668826422936,173.56267602912504
315.0987395120536,168.8318992221583,293.00293025789165,174.17866446416
308.31852472534604,166.5649421359708,292.02278385016666,176.25211868894894
316.7256126141524,164.12295832592457,292.0712484534133,178.82711466559348
309.4906662355196,159.505870273586,292.22956627476583,181.09666255066617
324.66529191513325,162.0323450407799,285.7072592667348,195.33674280143464
333.16570075370305,165.08093536867347,283.3797509157671,206.16924583095022
314.11124676441443,146.5391965108677,291.3268203628501,198.33611282878832
301.4615736973354,152.46012460966148,300.4321147544546,194.35833753711506
317.6269888653386,159.4051696609938,301.37920418773524,192.05688574011447
311.62889208957,161.32252839498096,304.8009272192529,190.37107497990385
306.7674743926101,161.9682542226386,308.18297901713385,189.69090972633722
301.3467106502416,162.01891849122893,309.20391934366774,188.0107726430903
297.17640299448044,163.19819428247925,309.64131066379605,186.1261707909859
323.37725840240716,167.42552379898694,312.77759804740555,183.25878201782768
319.28793856612674,172.4089288101728,314.3649815783038,181.17874701224065
321.3707338214331,174.49352179434717,316.6593748933746,179.92060635677336
330.07184295942704,175.0821837580033,318.2590029308633,177.67542909789523
333.3574280938068,176.43827569537515,313.8828750338537,175.73707331238876
339.48709842121366,178.3925360115231,303.9498400068628,175.0153541136561
339.99758931648034,179.13124438269188,294.4141811685999,177.777751175945
350.20424206870587,175.5060922189014,286.4784976963144,179.1946562077191
366.0800598610515,176.11201596353746,273.6811601310323,190.02399886584686
375.21954556707317,179.60699364620322,263.8012689954783,201.35497207412374
381.56821360694295,175.59613574082948,258.52041917901386,209.07034888917613
392.2189742128825,171.64982315256523,252.11984935263285,216.3664558471873
400.481621861152,173.56893230705148,248.3874283923364,221.72567863928901
405.5353461154144,172.36290525049054,255.91981714882633,218.94519067630006
406.0859076199811,173.33311398998828,260.14716389295825,219.34990316404043
404.47741213649215,169.10699784196964,260.91391758576634,221.58567332476275
400.3550483516319,161.92226885732086,262.43513632064787,225.0996787565237
395.3892656248742,158.6912182417001,267.0986682696772,225.38993407483184
396.4916358288016,156.42249299621452,268.9750369087585,228.99127806279324
393.7445858946361,155.56446992293473,276.8507643367514,227.0773238564933
387.5915136447009,158.6902491259616,282.46540149714417,226.44626649185193
382.02634518615014,159.95542736510535,289.34464454980485,226.06419874037107
375.66439929029815,164.71639642472297,290.6889682415332,226.8993782740289
376.0963668892234,160.30432214786495,290.0346991915107,233.48203026478717
374.9679216929035,157.89643709684657,294.4597531221298,233.59931213135027
369.0555274322593,158.4697443704686,304.5786450274361,221.96837885089093
361.0976973918255,157.82060873191278,305.31197879147027,214.00330440961875
362.61037098268594,158.82246152666897,304.1821623104329,207.62711508979024
366.5539696669187,172.69706505749448,297.6215526189693,215.59826401568802
366.2388337708787,169.80945737348617,293.1942296348957,215.5077676947093
367.93506938847304,168.25080297818735,290.1092522353947,212.17124719682425
367.2853905680073,169.74941941314032,293.31338764160023,202.58505987821837
370.411229544007,176.8857951055596,297.03621892879755,194.81910533023284
367.1532321668484,175.9288347851807,299.42213918207716,190.47872823768375
371.09067778106635,180.46584160779537,301.19913584731813,186.60561228608844
364.5465527019647,178.4065164761579,302.6276665383583,186.80620796867495
365.29187270734815,181.18985875703467,305.7063152582128,185.3521027526245
362.57296956026505,182.23885578292294,307.7380584725449,185.35240224370992
356.09110604290765,185.7178813224179,308.62051147466696,183.54213539781327
360.83636457085834,186.57042503192773,308.2718401218906,183.4019561256518
363.7610923461734,186.62007247004902,308.11891014499093,183.9873204324346
367.28626656142217,186.03964176622998,305.12012211640985,185.0151305340634
368.48395925910654,183.51758207157775,303.48967424106837,185.56122545971425
369.0649210712338,181.71322026885062,301.5256473357927,186.0307262048322
362.9391680974069,188.00614976603484,292.22655704626385,197.09503658302236
369.1720642748761,175.82766759594261,286.55876311967023,201.50030834203005
369.04171282766606,175.448984104938,289.25689496535364,197.60719457681634
