340.5,106.5,52,53
342.20402028535506,104.40678489196142,52.4297518258353,52.3683292868169
344.19816786192956,104.9642679939943,52.010770914095566,51.78727389369858
347.52311823548894,104.6538915429228,51.937011047561555,51.410724919296605
351.20965366199556,103.00808003667933,51.95311704009882,51.19871276370799
354.5904707575568,101.32746576121201,52.153932399605054,51.174064420645436
357.9726785171972,100.31599335621115,52.14294152479438,51.177159215006895
362.00044158573155,98.8717267217379,52.60477416763299,51.00410586552992
366.52789697862073,97.46256290272513,52.794918580524,51.03320625631733
372.3207312596805,97.36662259298994,52.901173159884024,50.989920162192305
376.7447931613225,95.12895775279875,53.54198387350678,51.03824836628683
383.71088769411307,95.01910822649663,53.73151893664871,51.050396654807244
390.12623211520554,94.3961700916524,53.554502312786596,50.94477634723281
396.7294001224109,94.3221075833639,53.645109009252344,51.20168215020488
402.738597106043,93.77246771038577,53.82377848803294,50.93768314955621
409.44851420898044,92.63749572512324,54.03225925408192,51.30746871477733
416.8924888774474,93.04917705106391,54.66824618881551,51.33461916352007
423.25400532121785,92.16970281875442,54.2658777070974,51.375911373370684
431.32144555735505,92.22765407781316,54.02090221071407,51.67978106299017
437.45046890459776,91.11392206209516,53.41264628008367,51.570450718052896
443.4389572532838,92.11310286237398,52.53073469959397,51.31482951018019
446.8292307574926,92.55224291106968,52.33683091017039,50.94086604076804
450.4816676857831,93.43642297316953,52.04796400015312,51.05377668282658
450.70655942017754,93.37703767591796,51.9765682805594,50.67773249399498
448.3481450689597,93.84641351956151,51.817492422905914,50.8198575147386
443.7611140163553,93.78324952995064,51.24693706595661,50.925789255767434
437.8581142193652,96.81000075875448,50.86813746560085,49.776817323367254
432.3086222228493,104.26433170152829,50.23009715138164,47.421962696425595
428.44672767188285,117.80374641672722,49.9201166457706,45.881730372961336
427.54295577057286,131.98779989622255,49.546598703700624,44.972714600494115
428.3409143823943,141.2468388866891,49.48100140918061,46.33343987273484
431.17419777110405,151.47946251178723,49.70870076030124,47.373210856791516
434.5750070416693,161.417724817106,49.39612450127518,48.76270988201821
436.0407145526852,168.54274071836414,50.376308876902726,49.99138539303952
436.3768047766056,170.16365968546916,51.09902743972022,51.076372600736235
437.95480111411223,170.25205579053605,51.15894209998829,50.84925454616558
439.5395977511775,173.58152955187626,50.68930381242998,51.110459210832595
442.27972142489426,179.34440682753,50.440564720001404,50.43615844065303
446.29876676382236,183.93580186781682,49.9707103931584,50.3843269172083
451.5102515394999,192.32534651815575,49.21456327527493,50.26814426325893
456.5504268108277,200.83000987545557,48.69441533119123,50.02478968611049
461.64182166693786,209.56532151283386,48.45877584937848,48.732818221046244
464.79673849866475,216.88638705384403,48.77158517985177,44.95993362187504
466.76331209402315,227.31470780486802,47.8819601086571,44.60673488410927
468.6285479582323,235.37246381953176,46.06877811412554,46.155174728561136
470.4381259829375,240.63834882758738,45.18185225117751,46.89345285392939
470.1133797772664,242.1262259682006,45.72491498878835,46.678734730310964
475.93487665683125,242.67591671540706,45.0742622712236,47.50790359848505
480.6293767240595,241.13970602045396,45.570180349657704,46.94618425848707
485.14004344407726,237.09796671089248,46.79747934065249,47.721808225205194
489.40090638906673,230.95283103948663,50.76091046361296,47.60667738448421
498.48466690281145,221.91866756261697,51.29537384164115,47.28769812484464
505.9111693826856,212.74784151990207,53.66133822698552,48.76274635895608
512.3312708171662,202.26456154313422,55.4788482944256,50.009747596671446
523.620299553682,193.63107722438,55.47088588365008,52.08843612858908
537.65781995829,186.09831745225188,55.64720692135782,52.36267874108261
548.6592885600318,179.35893153652395,58.23305679673166,52.68467509799011
558.0397952690307,175.18988469153376,59.023589475535594,51.994606785407015
567.3854705916419,174.22885007754616,59.9385944974275,51.86212465039094
586.312997113693,175.11670162253856,59.767047465288115,51.53669674313011
600.5074259516576,181.92132307929322,58.087877976004485,50.36883909878585
607.5260601001048,192.64097420857098,59.38013753402944,49.40261461427818
616.0235048722857,213.87229828909142,59.51670245744128,49.7732031475732
625.999494898953,239.13367768311056,58.84919582329596,48.60811418985719
628.2794079738165,257.3396627762243,57.507372231323345,48.63201894259453
629.2168145032606,266.5669313024139,56.79143988303719,47.697003603472254
622.3335157736218,272.62168994068475,57.84349686074728,45.46324545168634
613.4062360636402,279.1927203559496,56.69535738239503,44.33882664233589
603.0982369809938,282.95531203455613,56.81230159260974,44.29348451742263
591.6729834459063,288.57874941902384,58.80598378790688,42.3303002010629
579.3046111212177,287.9179103069027,60.035703672269484,40.31605451516415
560.9882063464592,279.92923625195544,59.1604680252533,39.51575942132327
552.0549736024121,271.53997537787507,56.11511024064229,39.78373734624185
540.947283280298,262.8178139709926,54.27440148362536,39.514183435763655
533.8983581719646,259.20458334175987,52.56651229752139,44.232672453781156
525.1215910621232,244.99782952810344,52.19901837999687,47.8442773100979
517.698172800263,230.8785342621536,53.002230025787604,48.63054965046922
510.5239168989651,210.4068756615539,54.37430235237022,46.337141998153044
524.6998648991324,205.33387190573285,59.880079997055276,43.28787897146505
531.5106461647279,206.28442767605193,63.246230325971666,41.67508606486008
531.1495913010064,209.33589919341065,63.13487179503383,41.845574808096714
584.4963175081406,231.8622537514793,66.1081826864295,41.888961730777794
612.1539283485386,241.32042478990965,65.12682331032096,44.414966226793084
641.8464561051608,251.06885103627147,64.79269782026984,49.017402674499124
664.1180545449811,256.69679768382764,63.164520929643096,53.001128634452755
680.380868871488,253.5241706680732,64.90703497682433,55.2147460463937
694.5962883683013,237.98859840463692,65.81118362357866,56.646810525658864
703.2858207644952,217.33607075729958,64.81508964112754,58.2421528381558
706.3455977007662,188.21383512238916,63.425796617584425,62.68045269074031
706.6057597792302,166.05599686935014,63.473455909161856,64.89365879886914
708.0842914133435,147.62165539537432,63.83588283525586,64.6928494067329
709.6050757888097,145.3626250967007,64.08576935318351,64.72191826671437
711.5372570276379,149.37283553603652,65.47410911170257,64.56051189915112
713.5807337064465,162.3667626867694,66.51814959716404,64.8481817370897
716.9597851727854,187.00480334218076,65.814070407162,64.96323278100328
718.6906390885135,212.3995334723316,65.76707786577518,63.80414361445159
718.821990534222,238.96919661027158,65.99444224773673,64.42460966645248
719.6549703098157,267.7942367155565,69.52016169740384,63.12089633820689
712.6613893800741,296.7902506825718,69.52909308050772,65.27834731652976
764.6904328605071,340.91859595078745,69.1885048989383,64.92075803742267
766.4861270945162,339.815788071709,67.19091983668204,64.21615960986489
766.9740563542748,339.085106438786,65.07180059977273,62.94324348156111
767.2940403245707,332.3832447244001,63.85459535115564,63.29689328667576
770.1107696874104,331.7222637960777,62.717757280536134,62.488594914209756
770.7839399092617,324.8357619779404,62.335795312976316,63.744148217842735
772.8450192100182,319.4840717330882,61.83005602680154,65.05480943874846
775.8966506984601,319.47693261414344,61.31179928694764,65.23874627792195
773.9913533466412,315.454719647399,61.83175649745206,65.03572996592742
775.260201437153,312.22744433844923,61.3876217273323,65.10320945116705
773.5903777570824,312.28344151879105,62.60766259257003,64.32723544093957
775.5097178921512,312.11316924658286,62.07493105671576,62.93665057747336
772.9784389926108,306.35013140725135,62.03671027608466,62.75101246524278
773.9499111937708,306.087810095347,61.37621213898514,61.548991618783255
770.6989868887173,301.17765816161113,61.82005732349417,61.723020919604565
771.6339773649842,296.70204712664696,61.4851559693872,62.3095035715031
771.4030637587285,297.69998146875287,61.3399153584886,61.77027381951936
769.1625614745574,294.03732004501666,61.80102771110196,61.720911856353425
768.9333518482024,293.9679621827676,61.639862164999236,61.163268482893876
769.895538378302,292.2608636583463,60.41555769782511,61.046790597349286
768.5317813546056,291.22630352836103,60.34389028388365,61.17514476120468
766.3423220593337,285.4297491003799,60.348336733161645,61.394299797892074
767.8012955490269,285.68022983775586,60.05282699246843,60.383860826992944
766.6317481930631,282.8068189565894,60.4139241629684,59.91153347662447
768.9462521242424,283.30173983493967,59.55633391840782,58.966166332845475
767.2913613753332,278.7276692000752,59.782123650250256,58.96658917300894
769.4278671935083,274.47718449154564,59.21266783627247,59.30402633298793
767.8701278294576,270.87578151275915,59.266543018231296,59.40875308600161
770.307652403201,271.22175681561833,58.97847230626077,59.29652047401957
769.6737744354466,267.90075750149816,59.699891054479444,58.958807092829986
772.5051102319399,263.67218096307363,59.298944410375896,60.13416228378423
771.3688891939752,266.0214516468417,60.094457656158426,59.363959205508976
773.6352859835184,261.690207690506,59.44653675201402,59.99283582057302
775.179921951447,258.948975775573,58.99847918688435,60.499903017290805
777.0005229153545,260.26137103150063,58.64594827576262,60.15124008226351
779.3536037600973,256.29353375132064,58.18427339505391,60.98584900694234
780.5497201628349,258.5254421378491,57.78785443616668,60.18748519103873
782.4744723028821,253.85092042338943,57.70601911855104,60.584016832543504
783.4486558739957,255.16330216892908,57.58314483521043,59.95943430116574
785.4529709728015,249.83076870835495,57.16044260085572,60.88674258583937
787.0862111463346,251.6647059242779,57.221724619130676,60.37094272941766
788.9613462097184,246.37981614997963,57.27633296564491,60.995356372252516
787.3053271788875,243.78066987088744,58.202714670495226,61.415475960618785
790.9084621357895,246.00328696556892,58.411329323952096,60.91135786584502
793.2365312845516,246.52709167886184,57.611913619735326,60.38570661158053
795.0061565340347,246.74466821383976,57.67084198429431,59.86868758275523
798.4187927980435,247.80253771933542,56.981671655831484,60.207642604432976
797.2132509133074,248.71982865089808,58.25447241100588,59.855414309384756
799.8959516846154,249.63173269151318,58.24010407914435,59.420136720937116
801.3305082165543,250.49774284495174,58.15164854509746,59.74819908808652
804.9943439936801,252.62752213907464,57.24231862750358,59.48556656910037
804.4896961873899,253.9668895950702,58.5451972457509,58.79365330856794
807.2766039136056,250.25633864731526,57.88097823649551,59.943504002448215
806.9062411700256,252.86107853463832,58.21560580490678,59.92579096669366
811.6044221623583,253.56142346271952,57.64882794194547,60.360718056751665
814.7699262424046,254.36197663864507,57.287532039238215,60.21051130588326
817.2001049253925,251.41423799984102,56.86929379481391,61.1006694649916
820.3575029926021,254.0281044234045,56.578881205316584,60.506359946264276
820.9744264386272,255.50560958057648,57.071361732547246,59.576810351982616
824.7837908200644,251.5786362104562,56.669868058021294,60.48317150948996
828.8728347312375,254.0670462709814,56.46892256965947,59.97863427494474
829.8099351124932,254.33870347822986,56.951050532962775,59.72634710835353
833.6728258405448,252.1188893040147,56.6422989344954,59.99286687905559
838.5778686645419,254.05187942880895,56.71959293280216,59.48079540670403
840.0897177773778,255.02182893148256,56.541322220253136,59.485692963551614
844.5492394840943,257.2176829371673,56.1764761182215,59.067049851626685
844.9556935154292,260.46886786096775,56.27246456138431,58.240318202878356
847.91171453148,262.7156638624488,55.617899335923305,57.941034480861006
850.1824487661806,263.3354769222318,54.64309508542462,58.81570145974476
852.0866913950828,264.5762197597041,54.17816313229272,59.54210128856918
851.6863334657471,267.1143398525018,53.99085469658753,59.721904537116785
853.7957280368621,270.9679862880165,53.234675322271514,59.91251558530739
854.5500232368612,273.0257912157231,52.80707249494331,59.68683216345748
854.8436787752669,276.4955069588597,52.19358996297198,59.804692184905136
854.5898774136261,280.8067400527285,51.597651550465514,59.48389797897897
854.8600049445274,282.99143213718037,51.14465076702477,58.755878384507724
854.1061633268564,286.6548505199035,50.69233730208006,58.544286007641794
853.3448158922637,290.3819431653956,50.024184297577605,57.579785298414066
851.2567724742761,292.0671198243935,49.95189381040223,56.82502541379846
848.8112742253113,295.18859057026816,49.400181339215536,56.191637735983484
849.3766310449301,297.3472327916556,49.09355096862038,55.56252920988033
847.0717475172704,298.9353878094576,48.18511285807685,55.51019254387475
844.1755724215703,301.8433015423268,47.467875761574184,55.103374534770865
841.7225918060033,299.38217334366556,45.05638074728583,56.35700486207074
840.1387165527578,302.64682378582324,44.445336011467035,56.04348518960843
837.4658181092386,302.04812121680243,42.566781492408204,56.56201696749304
834.9856996700832,305.38782746058916,42.58545524129378,55.54305684579484
832.2243917256143,307.79698240140567,42.497823518232316,54.4416890360765
828.0035751658356,305.6037436168679,40.83870666830728,55.16663253418331
824.6974126695729,306.540031482236,39.76407000998412,55.70300021813535
820.2664784189931,308.84146956693746,39.01357183481326,55.62457339718209
816.2842174032504,308.1527490733223,37.970602754543236,55.75055001749961
811.8853048409043,310.7254540692017,37.3634281462643,55.363294417983155
806.9694378210639,313.27090079126924,37.19613493374784,54.44454347949387
801.6156987343476,312.23724657240183,36.49777604815958,54.47409928890231
797.3199958905752,314.2355736665599,36.50454218644886,53.51983854655475
793.0636387395384,312.5248012684496,35.69640897723089,53.769573192628854
787.736431681141,311.4237767349775,34.99146239914055,53.87614420171178
782.870461423959,310.5348368358779,34.56717389433938,53.9793369719797
778.2613787559202,308.727337602697,34.3359812439668,53.82179939898909
773.0672857824246,308.72098767777635,34.07941659586524,53.62244282063641
768.5782413571527,306.9881146252835,33.9683864888895,53.319890776513134
764.3027900641213,306.7229878402896,33.530044613892954,53.31478830173168
760.2645168102016,307.9676524121992,34.0594486160865,52.24223772236562
755.605612258055,305.00078589774915,34.0063251413391,51.992519098738875
750.9704281386018,306.32709196921184,34.25773719585829,50.88341310129074
746.3521598354877,304.47910026674447,34.06603493337322,50.53473641482536
743.0274842580503,305.0949360372329,35.17177074706129,48.57352690998134
738.7789488061752,302.4501265949262,35.734867384759326,48.45622822257321
734.0065670603196,302.44060492136055,36.035936571050684,47.79319553277449
730.3226406705131,303.25543163418996,36.2099951001754,46.61458532548993
727.0549230883469,299.827199141911,35.2978227472655,47.12109189024799
723.8110906490082,301.0756824606168,35.79066798482958,46.64237476455515
719.5567619366848,302.4100633654306,35.96949619347288,45.809990217996734
715.6843279832168,298.26146077959885,35.241634417486445,46.2857313279231
713.2192324284649,300.2134234730592,35.52978718165343,45.6033230270315
709.257467847081,296.62984457741413,34.6311146156003,46.8161155648731
706.3155382910874,299.2867356789568,35.46069344652078,45.4778573104572
702.6211720849411,299.8106337076165,35.64829785283179,44.54309039039157
699.2992165617688,296.1810831321131,34.901036490118635,45.483359143937506
695.6316311262954,297.18453872282527,35.39557826026618,45.074316762676425
692.0653952641296,297.7410850143629,35.739966908120664,44.70913897070825
688.6348219891411,298.41755209599387,36.05142273467849,44.23942029444968
685.655799563703,298.68125493326005,35.78572796153106,43.843980033606925
681.7981203066531,299.5654041547202,36.231817486067975,43.91884651149354
682.4027519492059,299.40151891740317,35.981757623031946,44.24742481998543
686.6157805780155,294.8969581634857,33.85536009441667,46.806390115967375
687.4320015545053,294.7940695048012,31.85632054860646,49.32485602243236
704.1301434738011,294.99607662209917,33.240500882378065,46.78884754039993
709.877691602535,295.6582079017182,34.06092586514455,43.791111265379705
711.3450443600052,296.347848304096,34.255791788039964,42.52515648116298
686.0478231001155,266.77749053639417,34.598563470417055,42.023225227015814
687.3845651510657,259.8489415239149,34.98553111450361,43.27163966585373
689.5845614340267,259.11287642776404,35.015012425534586,44.499596629414796
691.3855027750253,257.36603998078925,35.09531110187491,46.68302508233191
697.6835968269072,255.73966363283805,33.166529080264354,50.300717467870584
689.1547069894932,276.94450270540375,35.31671216695753,47.8495392311864
716.2646156337769,289.01709623202606,35.94007267380038,47.045737065637105
718.844062295416,285.6280536349158,35.94383994927689,47.04280304904233
697.074597170273,240.78085970004597,37.046975369240684,44.446816162922495
697.8608690992086,255.76084345941717,34.161044951883184,48.43589573280312
698.463290010832,253.7802618880414,33.051848571241386,50.823164851659456
699.5542196486012,253.21755827346175,32.38830687592588,52.18934997567328
699.1134289882972,250.2209105065634,32.15826610142605,53.44035978101537
682.5446055588596,290.9648108376267,32.4105331690415,53.09995902123253
682.3159912981911,292.23010664798966,33.10425308740184,51.133811584809926
682.0693482071782,289.28571421718317,33.29536744306485,50.08108100071363
681.2127882223303,285.568102082201,33.309722492525815,49.2697041659417
681.6969802172422,282.5010035675802,33.12662904196688,48.803422069206675
681.1021560401838,278.6328461705817,32.963856231571036,48.16479026896549
681.086443525812,275.17005589078855,32.89613665253234,48.1639992541499
680.8059899392249,268.3220856880507,32.71185368212127,48.18194779256004
704.6246649302811,236.36176866410804,33.58959464239162,46.12955175011343
679.0924971928926,225.16861614612782,36.88876669553785,45.105696721376574
686.9436564845821,191.96165767592973,39.207396522192916,43.94667665005405
693.4120897508648,164.02026304008524,39.067101721195144,45.09992032848129
710.0044042657526,126.11223452085767,40.25080460059909,45.28775013304973
713.8913268130395,104.85076334676779,39.5495279226206,44.40444248122947
686.2199501031447,85.80864749893738,39.502560425662246,43.960369123179355
678.9487597690502,78.1276567789708,40.223062660623896,44.9992933884299
681.2240644723421,62.461049090539305,41.726986735637894,43.47241278750969
683.1105643179623,68.21897072764091,42.75676052004445,42.92627509497152
678.0524692761228,86.11970667311562,44.047874500513046,43.78108372160023
704.8149787696972,99.11543545383876,46.22028135564933,44.923749008664686
721.1976347331195,78.3387397321351,45.82862284067006,44.74698069255052
720.0346385075449,79.78497231944391,45.69218076156106,45.131547893268596
725.4393912807047,86.23158753090632,44.75431732797325,45.443325023444345
729.386778283324,91.3274763197906,42.262670993022766,47.33544503631298
731.4422124854366,93.7120430343414,40.60384421477426,49.03719116195991
732.7562545305492,94.42765166087786,38.91331597410105,50.05055470226777
732.9435830592415,96.60618508842558,38.24609976983543,50.189170086704785
733.6968616016399,99.192454334294,37.253917596823825,50.48770522243987
734.3104207750225,101.65702685639006,36.537684607915246,50.83960942980414
734.1699307450975,103.99683994806543,36.034531829515984,50.782433598168495
735.3347954200703,105.78273116739008,35.42799767476835,50.65956378006363
735.428295989996,107.89340010902313,35.075133333895195,50.551651151619296
736.7100956242,110.34935862399277,34.89229664254387,50.455975386023276
737.5364050203277,112.01150705665509,34.540248576683005,50.20507925655373
738.7877746607033,116.5620582809235,34.28616747616876,50.04259737533872
740.828940325033,117.6214961134564,33.80295771809632,49.6659287605964
742.106215025863,123.27625126912542,33.5062921035917,49.55916293320611
746.5218926142882,124.95991723849417,33.41635767259085,49.44291460691063
746.7294523695622,125.05886637483567,33.35683291626201,49.355514285735175
747.2511312525494,130.06242806966836,33.57511760634233,49.01146062110646
749.9533561952021,140.96112864766812,33.281231952909465,49.19472848671338
751.7640845969377,146.56252265714215,32.648561608407334,49.998642890860964
754.1919415278037,148.2408709999993,31.826596850221467,50.20195997620384
756.9753856516958,150.09380879810445,31.674423415669658,49.92581861003506
