558.5,313.5,182,180
567.1241987959893,320.30892718461007,178.39121746692035,189.05393861478865
577.1944443997038,316.83065454342204,178.92087320163,195.2960907582792
579.2014553574647,315.6057917329823,179.04140662592147,199.66289594706788
584.7352699760288,310.42733891076546,179.50436935351485,202.54573485718765
592.7910876370782,306.86512410961575,180.60124538395513,204.59506594493018
600.6372651108122,303.7956526277046,181.4147879584599,206.26895725775142
605.2222049012539,300.4562131386074,181.17998604481278,207.56965334791488
614.8777482802086,299.3329922242709,179.45884412638088,207.31215912426546
623.8604528862428,301.1451885696483,178.6669406973935,207.49102795198905
635.9253528832832,302.3438323258066,179.62767300616935,204.9566348257256
650.0604145897166,308.2129620857278,177.03908531412742,202.4577513739984
665.674147069986,318.5778180018128,175.0317360152099,202.69882659016832
668.8156796032487,329.8073514257291,173.139406098068,204.1754897228044
668.3053839762323,331.6537820482133,172.88095391605037,204.08232010724572
667.9204546134495,337.4174264587714,172.96955092334287,202.50640343273602
667.2276593639921,344.34263403410955,175.26920207451377,198.88077980885424
668.745638083399,342.2396821162197,173.65847633087515,200.1089986699635
671.8559393884708,338.85072497162696,169.7769783731362,203.03815569215067
661.1375543460451,335.74174514014453,170.58008337314863,201.71525422535484
645.70082402054,323.9825443670485,172.31703126781116,198.7643717139297
636.0060568608599,292.33725681229987,170.08840724671745,197.9472274020402
627.1973668895995,288.9029145458648,168.95594931387203,196.83025138193182
625.6369233166303,285.25207107233143,167.9763230015585,197.94296871687698
623.6961130066378,286.0860873867902,168.10789331522324,198.32023204171
619.5545467262916,286.64567574078626,169.7870710838929,197.9577435709082
619.6518300788001,287.01016126045806,170.10794806154644,197.96830577712802
621.6899034799819,286.03736302697536,170.6963549014559,198.73434349012624
625.7703623546114,286.7685200350881,168.7509370301266,199.7988327289819
625.9715694569245,287.5022877575464,168.4760788514823,199.67812002271273
626.558268172754,287.33935451447053,168.67617664096122,201.00404790164856
623.8448744721655,286.5387771170964,168.32056867928426,201.51870324380593
620.6027012643935,285.23443864599517,167.17598261878445,203.47829627363586
612.9789519941764,287.15467519827064,166.42051141739728,204.58020455107342
614.6520676025486,288.07377477251407,164.03062444751725,206.89992147161735
604.2900628804243,294.9467032878766,167.17136667985193,205.77190043942747
600.2700330859788,300.3306189285286,169.04340125195836,204.35494215159258
594.3907909021468,301.8206291993571,171.04923535869696,203.4243779678916
586.9225810328776,304.09137868442974,174.9284651558292,201.91912315172266
582.9417233697346,305.4521701228233,176.8428138630049,200.10050892003144
580.7113023997091,292.1225583686174,176.4390975831464,203.34465331162198
579.9043642100468,288.80547762881275,177.1044243342133,202.7288500771809
579.2986397831627,284.3460150891086,177.62991545816504,202.20142315158438
584.3132979873811,286.1286303580615,175.80571818272364,203.68990021331837
585.0714857790634,288.2691745173278,176.41520519777833,202.43157109392826
585.4362957247223,292.7330040112801,175.9448584480831,201.9910899548396
586.8194322062752,298.48950144626735,176.2514953169781,203.48838904543638
586.6617639072755,299.61439598120194,177.7075156851572,202.8327225045971
585.0120209292216,305.8321800110731,179.58430552767845,200.9502884093934
581.2109612614458,308.7717207629795,181.33910335291506,199.68801484320255
583.5770611108728,304.36019076822424,181.11469135852883,199.3823345220442
585.66004037704,304.27348856157573,180.91022441097243,197.66547263609348
588.3964782346184,301.63152852716684,180.9031995258939,197.15722551817422
592.4261649381599,302.1412808645165,180.97144681583222,195.9682275556732
596.2947481427591,303.3609985089732,181.25388032118454,195.2320159720515
603.0224830225935,304.38930733614416,179.59881320281215,196.6330647148043
604.0444485356363,304.96373405585757,179.09500182470637,196.89761848191276
604.4987274147617,306.24034431988866,178.27902350573802,197.26590245137874
603.7223536358939,306.49691821035196,178.30820243325496,196.90716314024831
601.0404857195759,307.0792528136595,178.62732252034644,196.48253089804976
597.1568357909032,306.82138014250194,179.42512374335368,194.87634444905925
594.9145718121158,307.37882854736733,179.7174882335213,193.98208059476042
593.6661258145191,306.96861534760575,179.41868301649532,193.07284588722027
596.579290702024,306.4365453151339,177.08165778402707,194.01930840512642
597.7448613056238,307.5590294646218,176.67766468054162,193.2504703532667
598.9374692184946,306.4163647437508,175.59925792252605,193.2832074697981
600.5987565997889,305.7688195024315,174.65346033202593,193.5876908695929
602.453487938046,304.15114753376093,173.3684630733737,194.12986473628587
601.5484878299224,304.06697723696686,173.02814013707894,195.76679201314732
604.8169088157847,302.69680527946844,171.0198216104837,197.1888068323037
602.1852179961423,301.8370458412515,172.53683126528657,196.43418268047833
602.0849742601163,302.3529688298973,173.09446118576392,195.25853693628858
602.5745173358097,303.5038282112424,173.43663429455484,194.9157957536688
604.7449010434087,303.01181080930775,172.8444008435138,195.69899880154242
605.476576429769,302.77316673943375,173.47370501425945,195.88286799740843
609.0547462659661,302.1818048563754,171.23750751563244,198.6810657491971
612.5091993320241,300.6393026276157,169.7085986369343,201.48496957595637
610.5753200642897,303.929389674646,171.76891546097727,200.9048059723131
604.8556874107652,304.69062228517646,175.1277965135707,199.04340200837623
604.4596692326938,309.8370685228259,178.7490274154592,197.21199158111196
599.5917920915033,311.00106074259367,182.25271935805773,194.3734029984338
597.3558080186925,313.86099931589666,184.86573676954066,192.17638661728495
599.0457953225196,313.02135517360017,184.88749126878974,191.98240462866931
598.7277899093698,310.96231818548426,184.49821828161276,191.84125228272705
600.409111901758,311.4738436689073,183.91528315914104,190.21026094007607
603.4863276547458,311.6873201890475,183.66296175295804,186.93891822274793
599.1248566047833,311.40458062798496,184.82534124225663,183.21233172445062
599.8856891120964,310.14663837253465,184.52816198259706,181.42139727325417
604.0015611879629,309.45453021227297,184.67180692998525,180.61477764101875
610.0064156371868,302.34523078186635,181.81138239433034,184.16086063269125
608.7923634741109,301.05113519227154,180.3589689993061,185.8728499438236
608.1735563924154,300.31006042590775,181.37932840481582,186.52025049316802
609.6652271864466,298.6913907251013,180.4629528735773,186.5909131350611
608.689930494855,300.0155068453097,180.72271352265233,185.29117506674066
607.7808343889084,299.66264130587444,179.84606339598366,185.78233753065138
600.7637081764427,301.25844022569095,182.28794864867373,184.18302913880274
596.2527340147903,298.43199357710483,183.0169348976989,184.15774746344084
594.4842373525046,296.85986129236437,183.2736071010545,184.60348898833564
592.5857926497381,301.0212703647592,184.22063679207935,182.10432168049056
591.6582438557434,303.181611831068,184.02077341395855,180.5790140950104
592.2081419719531,305.5301080756143,183.425867921457,179.72449034447362
592.0560601072946,305.1630255484005,182.27064184498022,179.1880979953368
594.2804174975836,304.59400318876,180.6411423621012,180.3368318027613
590.2937638569437,304.9970954703613,181.2890850536899,179.8171619092154
593.2382781010925,304.8322542129164,179.71938773452052,181.28139463791905
594.4372915833408,303.6267790625258,179.2532255084883,183.42698342103233
591.2499981809113,302.55592601770445,180.7935361140065,185.62285949707208
585.9572947088577,305.29850084171795,184.10551128015953,185.82824777858005
583.0861690622228,306.72482363039194,185.26495837039602,187.62732415557775
580.6973684213789,304.14195407290987,186.74733975386,189.7709365958898
579.3192785116462,305.5132191335954,187.33577183734815,189.39412269346707
578.5435151548411,304.209381705164,187.0846719411561,190.25644182504146
577.8711268478492,304.6379434942447,186.68822176280446,190.43793025497482
577.9697613242308,306.6845842404131,185.29565139650498,190.71323196500015
577.5969928901086,305.58870437173164,185.06842335548214,192.08705957345688
578.20052211577,305.3142623052782,183.8201408007382,192.85992230030925
579.2454693667341,306.4658895412819,182.4051790170871,193.0632217166227
589.0118433976096,305.35026953328634,178.68400779859775,195.26713310542982
593.8935566029902,307.2423984030561,174.73650793965544,193.8723528572691
598.440740677469,315.31776043827244,172.51951205555994,190.70452177694875
594.8732367014098,321.6915050775417,173.0366162982667,189.0049527254609
593.9120921899805,326.3720514497238,173.0105646667522,190.59462082246642
592.2904374990874,330.8761122180807,172.4455294459535,194.7379599333355
587.9715596979379,330.7605044802202,175.62504644656786,197.36320145008744
585.8920213596907,328.242903583207,178.78205710686512,198.8599406052589
585.9745240153896,326.68569880650585,183.62441940639854,199.26719493100006
586.1118593033602,323.8866342850194,189.44178746189652,200.27130217679283
589.1971558872858,321.982145728079,193.02514441306403,199.7720426917051
585.547675567235,322.5808912775407,193.5026738931923,195.184064637139
556.6538204210502,321.28186454782457,186.24886502052297,193.8764231350234
549.649744267484,313.93777641012,186.56331653725016,194.01642741336218
548.6985389210602,315.4356849089166,191.64387335398393,192.71214588863896
548.3132214318528,316.07832305467804,193.76970445075358,193.30711397139123
542.1789067774537,316.4096259857416,194.99546037698343,194.33428751008955
540.8046645579809,327.72224634550525,195.787655524547,198.8862642740828
533.9980065564858,328.4681162914949,191.90211212201967,204.47349815224516
531.2221129159533,344.02255590389655,191.22228385971928,210.5981813969243
529.089172827209,343.2488762042302,188.5714283880989,215.80924900624834
542.1696699671875,341.791841003853,190.28146110093988,217.8263623075651
536.4401056800526,343.6415502294006,190.33524089743855,219.40039995311906
533.3007165503554,343.2648414076304,193.71319413318176,219.14846045039633
531.7479770969604,343.7990415700815,195.8595305338492,219.235433579588
533.1729746369098,343.26926752001896,199.87877144638225,218.19495888689693
534.0435653208164,342.9564071946629,201.2620047609574,216.37128698046496
534.7321957066285,339.5976247246398,202.64856726013073,214.4313020624179
537.0819329578619,339.2602279391244,202.67388237710975,212.43264444822228
540.0560130382922,338.2890919914437,203.4381350504165,211.8761132048507
542.6935622547912,337.2058704472282,203.416513237139,210.75153160837573
544.2952856094332,336.3812156832033,202.05619485141,209.25289263293115
545.8883481945605,333.92956367038965,202.08689445112918,207.1977377581069
550.300215861929,335.0865561820308,202.77500375140204,204.19272360341216
549.8117188253871,329.1360751865283,202.2436937053757,202.97018095574532
554.4466907078616,327.4810560478893,203.31692678216245,201.7586232781282
559.3765618937247,320.9045209169113,202.81936512027528,201.23051163243042
561.1871816370342,319.2920415907769,201.4305746883743,199.81164999890217
562.7411009937891,318.54696892242544,200.85569734342505,196.63629278738722
569.9080033182746,317.63360405745516,195.9250299014854,195.0308678618713
575.4901250854138,323.5538881396628,195.58837540224138,191.81938619190177
586.2466464982556,312.5952657842338,192.88717835597674,191.90692852544038
595.3437084392978,309.30841619286457,188.73784664918526,191.01302021000987
599.5087544213828,308.30604985421814,186.70038631114417,187.88487315326347
602.9751997775822,310.1099567032196,187.76183887953763,184.8673538759797
601.8391141207239,310.4383508005908,189.4411643957155,182.45179604985157
603.2021611766785,311.32886114488383,189.77526191512362,181.5661285593169
599.4906132433824,310.0015409978205,189.91244336063406,181.37119333388188
602.5025222584261,307.7483282296547,189.0995232530626,182.19079025693208
602.8633284057507,308.2233835511362,188.26073836702517,182.10730009498337
605.3416688261887,306.16134913115445,187.04422562078435,182.88116732819634
611.1157540722822,304.88410567490945,182.1628108048668,184.84586705549432
612.1602460477076,303.9959226798719,178.9048158571974,185.97478343295194
617.1615761716857,305.02526917528155,175.3188898278387,186.92075200219114
617.2538414230232,308.31251924891313,173.13772066950116,186.37915934088994
620.4264726603953,310.87702992440416,170.94314636614362,185.79324168482367
621.672709205501,314.66924759186554,171.68520730112448,183.5919035216843
620.5695396028806,317.3103385286763,174.26766144104818,178.01438459690965
619.4468949639573,322.37927678326275,172.09831172277035,175.8124564596239
617.3810379451296,322.6500540607593,170.53665589500844,174.8128024201872
616.1188245481967,324.50778753157283,168.90524896771333,173.96314730335865
617.2814135760398,320.50173638436075,166.26410600461932,175.88690120911096
616.7149739780233,319.8840807129753,164.09171166778492,177.04870551114288
615.9968540800246,319.4891978890505,163.4260651913519,177.36116801167645
615.5091948450165,318.8046108589372,164.38482235994303,176.53239528502255
615.6447556339118,317.1808446429139,163.37613234409923,176.94884131989818
615.9302444695313,316.69820073682445,163.1581476843348,176.8054717720002
616.5080727531036,317.44090032031454,161.34914529390213,177.40718527019635
621.425954248421,317.4459566823375,160.39251457408034,177.2083905115387
623.1108130105815,318.98251428362437,157.93844884800774,176.7706961082203
623.3269610586007,317.79850478248693,161.24349129490767,176.39355858392975
623.2007971243983,318.0931820192898,163.55590231417622,176.54633129042338
622.8764750957121,313.7808623728412,167.17540947541502,176.6942154411087
616.8604279356233,307.0747406400022,168.9253201484368,177.09192681755337
615.9987948882093,302.57645760930575,167.62609907972117,176.53819895652197
613.3984718167927,298.47299095654955,166.13651294563783,176.91563206367007
612.23946695817,296.01635450314313,165.45549517226723,177.320474966363
609.6108851976721,295.2262279358151,164.64440994448398,177.3535377924483
606.8326360616738,295.3684976179529,164.06318143272813,177.24936419922773
607.3426860668393,295.65000060142995,163.6562624769892,177.08047123648134
606.3354530026193,296.0635061207558,164.12850920502336,177.23437115468923
607.6825411519159,298.3756143960449,163.86929207963263,178.16300008216888
605.469779462806,298.84899693882085,164.15391293862655,178.19114954739825
607.2475982658036,302.29323755614905,163.70655861395738,179.35731003637466
608.1688764343738,307.25466445452366,163.95413355962341,180.3789056643691
606.3962780121011,315.3770883262966,165.92787730968644,178.89363281095999
603.313919324262,323.0816631529019,165.93080765228368,178.04665223276157
595.9108696053265,328.5697282029754,162.15445050140954,177.78348619053685
593.4558824564551,334.00596344612836,156.72213201350758,177.372682765083
589.3958490715792,332.4653923906081,154.03311675200953,177.63677632647148
588.3001444554493,328.9950911156669,150.3685427269756,181.22831357255126
587.5952261275245,330.36932665211395,148.98012560818245,181.6744271077352
589.9591173613825,326.2730019357224,146.28241296849973,184.78339781813682
591.8334695836444,326.18399870950583,145.67142910884542,186.82266003553116
592.7972733422007,330.82436614684127,148.93171069085386,184.9945599722616
587.8070538823995,333.251042091578,152.10062283509617,183.52131786977554
578.6685121426362,339.61000979493116,153.3117482915513,185.42249924621123
570.0128652941189,342.2380531706702,156.06343925115934,189.2623836022161
561.3261269424535,350.6582562033518,159.89756449117235,194.14583732384023
549.8119710659046,364.0185102133859,164.6429573142164,197.01293382647705
540.3554859678204,366.43818118216257,169.15320801270406,197.85193518497482
537.2679725519863,372.7524418796445,171.3752893735624,200.97821840121702
535.0480371260186,374.6452473809268,172.8316585527529,202.13591527523926
531.4740902979278,371.3283445425341,174.42406552985753,203.05935613345164
531.4608295993121,372.92718362863036,175.6365568758575,202.76073487272762
531.9335824291271,372.84031140499945,177.67990371714296,201.52348526710247
534.1629225335878,371.79442116897565,179.73524204383568,200.16865218896396
534.7938366690053,371.4398470998774,182.36948425334722,198.73577008805523
537.3423041761788,369.2969999220707,183.23465451320067,198.59012851761273
537.2347576853576,369.3192946118727,183.7705452958608,199.1421500417486
537.9767947738991,368.70886267223625,183.6311485670506,199.5438795068256
540.0337963553719,368.68820186180346,183.61326480794406,199.3258396817874
538.5356819759744,368.61112729106037,183.25600845931723,199.18053964767734
538.4821699194982,367.08802296490103,183.07989039301884,199.3977461580435
539.6991069968076,369.13661020938594,182.85641991920141,200.0194790253359
540.6118164781576,369.89387896790333,183.1183088864941,198.8816120178778
542.5406392442293,371.7338224780668,183.04556497330836,197.74524067977126
542.3926053594251,373.3809899221603,184.23786755326887,196.54613589412344
542.869060737962,374.5375971146251,184.36210475685806,195.97528222029152
542.2952208401126,375.7016465903407,184.49712977121527,195.03943332989553
541.3659423354885,372.4126971837851,184.08291685248497,195.84632126730475
535.8184865119946,368.9593934913751,184.72413320223163,198.51565543587722
532.7099742222954,368.4917581457323,185.87677570536664,201.4260848185691
530.1038051348121,375.60468379778956,187.88215081804685,204.75335889592424
527.1763066364331,370.26299640341773,187.00978518205335,207.37979646695555
524.6263667764213,375.73771350242316,189.361433252678,208.79035524990167
525.7587070248942,371.51479516162954,189.2309912372539,209.84821337771706
526.0639081347127,367.6378279190017,188.84530130003608,209.42110900646628
524.4801476226091,374.66532394867954,191.86027301272452,208.18605560677864
526.840208374796,369.38959073719,192.46644736101183,208.8737000464203
526.484397758163,369.18612877952114,192.19200219327308,209.91835533506816
527.4191681512534,371.54247310242374,192.1159606384309,210.17393651424453
529.2133892824862,369.7936165286415,192.2106169305765,209.18584224298579
530.8078638565281,369.5269680673109,191.67139870328418,208.97962618566265
533.5629333856197,370.0562905840136,191.4771842895713,208.95764742632815
531.0608053011076,371.07664559084446,190.24192563086712,208.75835281793982
531.2959848034429,369.25157279284053,190.44310038960526,206.8583856896434
532.0955836179251,366.8138877089199,188.9330593361418,205.88632753564644
532.7188460872798,366.39625044465896,186.76210325224133,205.55816159824113
534.1612033032617,366.4459523650973,184.49314068280347,205.11707222384084
535.788685701657,367.34862840981594,184.40006567750146,204.0528202072643
538.974945635365,367.95078842059365,184.40856301818496,203.26735212753277
535.5420851838317,369.32067094469994,183.6007838602162,201.78552403381852
541.0373681946737,369.31499383325416,182.69048860574418,199.65642467966848
542.0636139916638,370.569894204388,183.23983560047859,197.7362193744507
544.2551970572265,371.3231539922794,183.99997667836794,194.9848869524841
548.2969781941438,372.18652115202315,185.39804282250216,193.49091066329194
551.2406145255602,372.49733386532927,183.78597338766622,193.26969350465458
552.4332874282942,372.6246782622951,182.536810605651,192.0873628421316
555.007893009271,372.9694859744061,181.99608323504873,191.1031179334945
558.5879687160873,371.82125313492304,180.57013611371343,191.3917937622257
559.8288823777922,371.61791899782065,180.17822811899322,191.35081434565745
561.0096364087683,373.3805531639714,179.18032805970375,190.79867075586395
563.9193371834165,371.2265075075948,179.34163081796345,189.35427679334853
569.3021291212671,370.082208192056,179.70603370526288,187.77878903488454
573.9879051407219,369.9116164349767,179.08048672464176,186.1515214067321
578.0505807223687,366.45430809995185,178.53815672528842,182.99176578521684
583.129601343752,364.5179204359871,177.74073693485335,179.1911416647515
588.5256685025735,361.5474160780409,175.57362359804546,176.47553607705507
588.5036598692391,355.1388506799367,176.7892431138597,172.97949167184748
588.8322409340913,354.2389735933665,175.79486016635116,172.28452538600342
585.3982280456374,352.5705853328865,175.39229420741884,172.25976135100944
598.3779355172037,340.43613924428286,182.03536492102467,170.79312648964253
600.7937061872044,332.3343649833654,187.25321532754424,168.61823606189256
598.2291264099221,326.7464927124057,192.94882607401104,167.08717632829922
598.460298789407,325.38655844091323,195.9498142065053,166.88060963912162
597.5224168097511,326.2332978349805,197.83872393669486,167.80593554420923
600.4132489633838,320.0780612886332,195.75194011496404,169.71011762890822
603.0940355525078,317.28828408444144,193.50193109610956,170.34596695535197
600.317930670382,311.930269618526,192.48186522178062,171.73790397586697
598.7390880461908,309.595897950211,190.35099437122508,172.19470893130188
600.5354204768089,305.8822395070304,187.29999017645463,173.90790399912058
603.613938696554,300.00938214199005,181.72501490849606,175.75969115504358
602.9893714242866,294.6026527471455,175.57994149862435,176.93923118252562
612.5472645382996,287.291054286669,167.5846415300587,179.21034203627892
617.9553865125722,282.735160218977,161.32926346057232,181.40000006378327
619.3422073222905,277.5027131838774,155.86703655976356,183.630981666026
625.6860099699854,270.06783320488967,154.30251151797478,185.44813599503414
638.0392274377975,258.2773278136872,158.3891406997824,184.57863103036877
644.2008625510384,255.22102319502002,159.05462283841285,183.2683682012053
652.4201941110168,251.1297697650994,159.08756501935937,186.800214546215
651.2654780595029,246.8148068705475,158.90896192036084,187.59796508049703
645.5749828391929,241.62248143346534,160.24282559096127,185.8729643891096
638.8052737172973,240.1272946715349,162.68918810965488,181.86441222708788
631.5801002108648,243.49071336978537,166.05595701277863,177.25723139339215
627.5227212766305,245.2536850912199,167.5543647072971,174.9266756715848
626.7461139646861,246.05088558336612,167.28457127073062,173.06687070131517
625.426306876547,246.2325590337743,166.72346394470472,172.6074518717593
625.1373730100818,246.6724689328541,165.81125859280394,172.42720755739867
627.2050952978609,247.3889955789949,163.60109232325289,173.58017092008532
627.6425251775656,248.49428254198202,161.975024020066,171.64618015904142
630.962110499445,250.51523958704075,160.26348809234122,170.7472816920166
630.7526515092916,250.81818226039357,157.75372446063332,170.5069703475769
631.8422033914792,253.59489338090916,155.9073066734786,170.75235334336213
634.3982997172466,253.49096676560902,154.18020556514145,171.5101518092148
636.4420489378111,253.53776273583657,151.69925209547839,171.04431378216222
637.7131362672546,253.05745044855317,149.43051764860274,170.25107502207328
639.1002850714236,253.84397841752923,147.27457585090698,169.07988295712607
639.6572162884595,255.3036111297343,145.81988970687058,167.93479770658988
639.4413836977036,254.92359932372742,144.32777850021395,167.76580216548547
639.549541977228,257.79612087180936,143.17266011611858,167.0778526896219
639.2483236495603,261.9620365182188,142.8334856602899,165.74782908646978
638.9907151588936,259.9560668738874,143.26157876332306,165.16747415897663
639.43862433601,257.95552714598495,144.11702724621037,167.05132105367
637.9656002084224,256.1866374761328,145.61854918665009,167.1620767441587
636.1596417991143,259.2750092533167,148.08747434324096,167.05423186761672
633.568848268454,258.8612652732606,149.6890440762992,167.08334565170358
630.0054103484337,258.92300150536585,153.58323888034434,165.63845418686745
622.820646994302,261.41283239043884,156.83226693138118,165.82506028857813
621.8599967771214,263.03661532308587,156.13017096910548,168.29815463293986
622.2673612392406,263.0244350293153,155.85866781009526,171.26624152167412
625.2852889829758,266.1566214639707,155.29972196007617,174.47207777406754
626.9664127069537,265.76723925718716,154.19338037874314,175.55596453332055
629.4316093717381,266.49438907529003,154.2820447998763,173.43338971963598
628.6358511470111,270.4781734344277,154.3425922256259,173.6067063544491
626.1954742289194,270.9223162467767,154.8382285309864,173.381303475017
627.073747399802,269.84502032352657,154.78022716831674,174.5049530006936
632.9749792011835,267.3330615418206,153.95446434832957,173.49579093992958
634.478204791211,267.536575060088,153.29871140092507,172.77673510791396
636.8467275744182,269.81759077646353,152.45582729729466,172.28428899849666
641.983717378739,271.0625119788004,150.4460030765315,171.34890783459142
645.3814312282585,273.18790144271276,149.85490200713116,171.74340879110505
645.3883061761042,276.936374220626,150.44469867125053,171.89782374705828
641.6049620592867,276.31219328592937,150.52802089231216,173.60098812957418
648.1479579960939,277.6151220983021,149.90522958785076,172.83833547995692
649.8829049029763,279.5789114272874,147.68857957806387,171.5263237909041
651.4634523524446,281.4999823626345,148.01800849428213,171.8654835139904
649.8421542831472,285.2916661156019,149.5797220597492,170.72763783956802
649.5771352629486,286.4590925574491,150.57331582357526,169.51384949959774
652.7003693986309,287.83040102090706,149.6152858723705,171.07462689030882
649.4416798192582,287.7075182602991,151.62625872389546,169.96418086844153
649.5530660871195,288.26593371566935,152.39606904578162,169.5980644981825
648.8981608990794,288.5008807198612,152.60048088613343,169.3842965657819
647.9562125497494,288.68425120374087,152.38584443125947,169.15146695435246
648.6035196240192,289.0792467682715,152.8873049115498,169.2098885774427
647.857100848523,289.5839013297259,152.52944232254276,169.25426058971152
647.6551106229376,289.3159571519142,152.73297394775813,169.03913971948964
647.0827976037039,290.3414771380628,153.3894459921424,169.28528492976372
646.1434832374159,290.1596483553924,153.9052173829518,168.98096200298966
647.3943447728185,290.489024575782,153.64160962281557,168.8842200292628
647.5984686184838,290.58492310774903,154.1876282412232,168.91284779624235
646.4364365627774,290.23215153073954,154.58237249408498,169.217355879842
646.705268175987,289.97395168650974,154.9307490015523,169.3370693421721
647.0228060431893,288.98894320324257,154.008585260413,170.04207595180335
647.8415786315559,288.8253581736139,153.96169469526745,170.2530233910503
648.8971029775951,289.20297383277205,153.443370803299,170.20584256215966
650.2139686246478,289.103816506507,153.08547526168047,169.57790481381465
652.4912075259839,289.9730517757831,152.53331774862025,168.80599976503143
654.2517728480939,288.6108829345643,152.0200742294154,167.00197803432212
657.1993007993215,289.5098210293946,151.71114656182357,166.71443538271694
654.1345648782499,286.4728551302509,152.19344118457602,165.94407215613245
650.6067038133218,285.6912906616696,153.1296321597994,165.70227338657665
646.7865505919195,284.12013275561424,153.05325187698764,165.9957818637875
637.4949408889278,279.88422789503926,154.6250481720093,166.93055087448818
626.0092737498819,276.52587150215527,158.59961349868496,169.25332941037817
613.3597652244797,272.90069048762575,164.23188822466022,173.70135093193
608.0473000353337,271.1806199853147,168.2286876901715,178.1151388157482
602.5166220569218,268.93692574262,169.63281136244922,183.9090471671272
600.3184152073935,271.57980283093855,169.0893389683663,186.48322064475653
593.2125912861214,271.0784907584362,171.45835833190654,189.9156188357055
598.686905075039,245.35412030929552,168.58963817136865,196.1214741443872
597.1098332544348,239.94607778873328,168.76992750921724,198.35270601320946
594.3065619524391,223.57537618874596,170.00431301634586,194.09371248466846
590.5511862722744,226.87352817820613,171.65805544265407,190.7555931771501
588.0849044895847,207.92297987525595,171.65665713974755,189.5413638553161
588.0495467997386,210.0320307850339,171.86755164689455,190.38910609475064
590.2865047578612,212.74081731794357,171.32349656095636,191.0430881665656
592.5705551203885,214.4832972431227,170.28873772051486,192.5391745160059
