290.5,149.5,133,190
285.8800395160843,151.31936372630693,133.60408722759698,191.92737552895352
285.14461861196736,150.09314385263036,133.89411321990534,192.85038238350728
288.80536567769093,149.88701751455443,134.10943950014033,192.74095446616857
290.06322978718003,147.8765343823072,134.70473446879936,193.06678656776018
290.4407035187765,147.81387135318786,133.5551268009575,193.80577904121338
293.9340681741362,147.11638503145758,133.55904337570567,192.7924336419188
294.98883312645324,148.66031172729075,133.30857816929085,192.71092504547954
296.27387836857804,150.3442016241769,132.33943232329355,191.40094053788587
296.66509699809535,153.1772376439561,131.67142245942387,188.92173740434856
295.4989420238343,156.14669106647526,131.04505058612295,187.0220108380883
295.0945899928918,158.71886323200243,130.8450666749853,186.9790425637051
295.24964297295116,156.3564841220838,130.71604597358896,186.71195803680774
293.4271787585648,157.03637788978546,130.76185640805318,187.03225222652495
292.6066120127983,160.65325928331913,131.0081969851957,187.341350901097
289.9966284896503,156.72743391017562,131.091389014707,189.1521405176233
288.9105995706442,156.89492645870234,131.26372127250377,189.7196611759944
290.04880757872775,158.19644743595438,131.24321303030817,189.78851186446514
291.155980215792,157.99457618246987,131.46176556234732,189.83723250725836
292.47282626642203,158.42824082542776,131.06570740464497,189.2423398401475
293.5781731857322,156.99868360393992,130.79221780777723,187.60225441587468
295.513809627017,154.02813118516704,130.87183785047011,187.81562802554566
297.98057302364276,151.66002104016735,130.86881156457335,186.66150512630557
300.5578319013421,148.52329897934288,130.47593912625226,184.84245142233192
303.1986969260625,149.1868887336822,129.38946674053827,182.04208542073337
306.43435762795605,148.28995773972179,127.9403511663715,179.27525032994933
307.75345724870465,148.63633282649664,131.26574445417117,173.88793295287792
310.83589087768814,150.73384481210064,132.80160799683287,168.40437422119476
310.54672167209446,149.40043033109072,133.87288456891662,164.73505539802784
305.79241405535055,151.26734669607077,135.00604394608115,161.4920672158163
304.2088437504493,154.0076624342943,135.99480502020862,157.577563993306
302.6574744774096,161.54241567687853,137.7083992648735,151.25929919209747
298.9320813054154,172.14682813378602,139.74365445041457,145.19914352114142
438.25984799124166,84.86228726613399,127.00819554165273,158.06729752207048
482.06908346862144,101.35199833602772,117.7117079242955,168.5560379189041
508.60011070505317,139.8968762236271,111.48929120777976,172.3589136744671
535.3509630636463,182.47119267784123,106.90522717662861,177.78312622502318
561.7434340177409,233.2529379871239,102.26693367542177,182.23068296973912
588.1729551927758,286.0505162522229,94.93177514493219,185.21440674959968
612.1490233633581,341.2423687577272,87.68361448125776,187.89584150909886
632.6024344811024,373.35947106343923,84.99457712736103,178.16598946725495
649.7053305635941,398.5425094890062,87.66923997946742,169.71409337173623
561.2023275951121,434.7431079803569,116.11947504240783,144.82664837267737
590.5784288168454,444.5138700663413,131.79217646857032,129.984624761469
601.3334897284849,446.2032114873258,133.66212247060867,128.4114615003411
749.9389601023952,437.76008409028304,151.69294197669444,109.38840690721969
739.0757331142848,448.10376107538605,171.3017435366857,91.20271519134718
732.3337284016058,454.50049911985747,186.03859205048383,78.73773612479467
726.3432274551768,459.4194791902667,196.32235180257175,69.95303249566439
721.4740188502944,462.6178867384917,203.55998318469975,63.864378806923625
719.2430304359204,464.4785589627412,209.24545609289277,58.90870239297809
717.1847739093282,464.8818366381875,212.7191103428048,55.73348706894091
719.0593538045107,465.7417501068973,214.21584450767057,53.558936266727564
715.7363770526695,466.43743671214105,214.90087624697944,51.30542472530364
717.5106111674808,466.361800635028,214.98162993355552,49.76868296828256
715.4878270026179,468.7516645750407,216.37244577037654,48.39401180326861
712.7676355742005,471.38717039839474,214.97370060978565,48.895950805822054
709.854204240574,472.5731337421155,212.77442783239775,50.14661704440594
713.345495628395,474.984885624678,209.32132527564286,52.38856156343015
712.8066587547713,476.83995983035845,206.14806585257176,54.97312998709112
715.2961899000775,477.2660633249568,204.53551752947357,55.65250988334678
714.4395202491249,477.28883770553637,202.95914344865773,56.01728521886734
715.8884654797782,475.0087933173181,200.93941388126825,58.36242939424477
719.3375938422762,470.6652266311089,200.46763363484894,60.92528898965517
708.0606068694142,469.45516442360884,200.7862789062566,62.85408933753951
709.4262964150215,469.7170631259629,202.583910587747,62.533755233894034
706.7439471180278,471.85528118893995,203.65609485754604,61.33000005810472
710.671454060426,473.0346213606073,205.17418888290604,58.4764599895332
711.9786060970097,474.0920488029797,205.10862734246876,57.238413688524744
720.645536678959,475.83777590729926,202.12765047117244,55.69554189069799
713.8933006346152,475.8001198166242,203.7611117795256,54.71781046815097
712.4873273672358,467.7938022350477,204.2261847924797,52.22678924397502
714.3467825044339,470.9233256777121,205.16522444255253,51.59322587152454
719.9715085147147,463.940861824881,204.8028669196716,50.99901909384934
713.4061720103102,471.06953294959396,204.6632400169815,50.41426233178916
724.0172157773738,476.1087831675965,202.87645330988062,50.54194437564236
736.0532258735992,478.47804290367316,197.44722677282533,51.59567505989173
744.4622004564372,479.42617530688943,190.7269252740805,53.60728030770413
740.4689755335278,479.4211635487709,189.41054919216498,52.2911842818194
733.0684149274709,478.52907800630555,188.70659208854397,53.02467735199477
728.3010803869926,478.8224903015435,188.9385763855651,53.7298597309708
720.6753727313522,479.8632534223188,190.57600377417722,53.53239494514686
720.1392774280405,479.7107883850864,190.37490756134275,53.73145705260214
721.5778703695709,478.8207578537249,189.73749304440145,54.252603763861785
722.3991919485626,478.3533711646457,189.56776172113467,54.18542771250821
721.0559428687645,479.116699456421,188.85531597966872,54.13233360797676
724.764922914548,478.5581858096561,188.54336155674187,54.40317700544176
727.9005740070443,476.84149127792006,187.35109370021024,54.99903116443383
727.2204712664978,477.68166040691017,187.2124290469494,54.79159067447431
728.210053622356,477.55236771134963,186.06132710798403,55.45931656304136
729.4800113377412,477.534343696468,184.9991959532222,55.91412593556858
728.2723102043271,477.79680577621934,184.94893502539378,55.68060262588506
730.11015408891,476.6324820086453,184.50089694494892,56.075687763076346
732.3393238620938,477.1977341678832,183.4249221484897,56.52284615097558
733.3100237297608,478.72537907239655,182.6479980925534,56.54163013345284
733.0850778891385,478.9411382917587,183.0365003573418,55.59333555022397
733.7632536904954,478.99939797213244,183.07523242047566,55.2920253695932
734.1195042653771,479.2295044356749,182.91618829242555,54.75180619325914
736.741204302311,479.4255410807635,181.6981869497895,54.885010040838395
733.7072701097217,478.8253830065751,182.4127113713451,54.89965521734473
736.8192979039635,480.1880409265101,180.7399677526184,55.070505225253086
734.0295584116088,480.27753569656437,181.87002771572133,53.973970843378204
735.6563743892366,480.63665322170226,182.21828298657044,53.56565470336742
732.9236116985123,479.90623604519936,182.65118173914334,53.36113325479087
733.5133190648656,479.57897719530285,181.78757837227963,54.10803244684104
734.528506958757,479.2995950921166,181.17807265018592,54.619988805296444
735.4214683397201,479.65530277795085,180.52214332698043,54.86245129989602
733.233516488375,480.0316363277599,180.95456510752103,54.267457156863856
732.7802551347389,479.9099248752256,180.89760942839106,54.27343721086581
733.4943461158621,479.041433768617,180.22576349948898,54.6881230430863
733.0432173027039,479.3322966248229,178.90039265633823,55.28266435852946
738.4959119305261,478.8889641420366,178.83901947582802,55.340412893628745
735.408015043838,478.66246276444633,179.08041555175555,55.48041127430523
733.337554261085,479.09599876355946,179.13095406443557,55.43009284234408
733.6413034566589,478.5832416613893,178.45377233756622,55.83984147509008
734.978035175029,478.10371882781345,177.8130273208547,56.10803110271776
734.6626680768724,477.4790890466003,178.01663040077773,56.429449478620704
732.8768759110925,477.89067028669245,178.21967396848245,56.37919902388798
734.0583828977673,478.26535353134864,177.73766897779137,56.32491180160061
734.3102972177628,477.53649641322835,177.6169336054795,56.47918975854432
733.3406214803227,478.17851675499253,178.0503138870461,56.33565713070294
732.720781398355,477.66580597484943,178.34067355585293,56.38142312715773
731.9348501114206,478.3207214890273,178.68174622989574,56.07189024123528
732.2469851222004,477.99534730246586,178.68938563836306,56.17054010170857
730.7223748091225,478.7454427763497,179.16354542009756,55.733718428080266
730.5626878660732,471.3658385121356,182.75561341706623,54.329049469325824
728.9459128057522,476.0440572938468,184.6001917321359,54.53302335915054
727.6755426250127,479.1351558927811,185.41016973113477,53.82948388375508
728.4350082877361,471.656576153461,187.4462453865839,53.05923495327657
727.0143869233748,475.8493125366594,188.41674305247855,54.02105317961659
728.7027527189786,478.5197167855045,189.01312404443132,53.658676860423704
725.4178456435168,478.633281753098,189.21150159943812,54.25444900863364
723.9258330235409,477.7470530329042,189.64665269960418,55.09479739111795
725.120143072376,476.9645165462822,189.63604239807654,55.3763167640507
725.9320053010616,476.8609148297346,189.51789800833984,56.07367118524786
721.475285951564,477.0475799063701,191.37343389437729,56.08158268136603
723.3763119172952,476.3786459872578,191.34907904924933,55.76890849879296
723.9308874907101,477.31724605897574,191.51961971779556,56.028994064738136
724.3510552244109,476.3631040461387,191.54331997598769,56.001483975345735
722.3496540253543,477.48312492359713,192.2506223340465,56.16375402233925
724.1825136945748,476.22758720239597,191.98954748489376,56.19735620576949
722.0634473823425,477.1826866300855,192.73738398394656,56.12351005634583
724.272781380221,475.40290728007176,192.62862199404884,56.03320718220033
724.6566109006111,475.70472708319505,193.14880117386497,56.47161448051773
724.5735282647039,476.3402828108598,193.0394761617133,56.61460164560293
725.2158462050177,476.1559747996885,192.4874117637442,56.7732461953245
728.1992577327728,476.1876570053329,191.25838692219253,56.41136953385086
728.7750370138156,477.8051530279091,191.42988398506884,55.274656726445514
734.4219488004087,478.8055284684611,189.87319343800564,54.23309901541225
737.4122448120327,480.9388764026166,189.46947996242613,52.263948341727065
738.2823400516739,482.44584734513506,187.8004278502006,51.32002665551211
741.0138997038488,482.92442881286365,186.2567581136457,50.20218175708808
742.4599964874923,483.17387153240344,185.1575455749155,49.59217394079172
743.9041667433198,482.9918599779851,183.57717201081599,49.42348107339012
740.7548316187848,483.05810479289363,183.94728581762516,48.79337518232925
741.2431526804046,484.05261898549276,183.0523641657677,48.97061943735919
742.9592030510637,484.4706911544615,182.7113493352467,48.523854988194614
747.3754790752034,484.3407892946776,181.5270678939619,48.53835607531137
744.8129787362636,484.71876220487064,181.03065200308544,48.25831141158922
748.3871040199499,484.9936538435668,179.7559761694469,48.30600813326238
744.96396141886,484.29271794679596,179.14922983170973,48.31773283684589
750.657551272013,483.9732079708812,176.82563159207837,49.07448615546274
745.2257952317887,484.29730339087996,177.1072554736748,48.42233756612083
749.4021525112144,484.44904813815987,175.5165762846965,48.47025026486892
749.1964078506245,484.3448691882663,175.46941352677078,47.897378370630705
750.0636326701812,485.1631994905171,174.03026052686135,48.144921319328745
749.9745791953076,486.2707174289039,172.43902648463467,47.46422522813108
751.8411572518535,487.610632654378,170.45953915663824,47.20336655414521
752.3584300628229,488.34514432263114,168.5364080268297,46.65712581756483
749.759718962453,488.9641200767073,168.01966740103123,45.90193455998096
749.6861116973844,479.27432327002805,166.97500492368414,47.34490364636186
751.7117823114976,481.06316254162385,164.9620281058581,49.44732602098648
745.4507393161795,482.24797742912796,165.13180677685318,49.95775167352953
738.5431525313659,484.25652900073896,165.58595548991295,49.563748095813516
729.6839828973663,485.4025860294028,166.61217134482627,49.229015883006326
726.0041876775117,485.3723309169059,166.49851282594773,49.368143934104324
735.3766590680715,476.7651010748762,169.0018820412881,49.41727845336881
740.1484106824082,479.83249730337286,169.22199251348144,51.14567473996681
734.6459552402027,481.53473293764256,170.03153653845618,51.32869021535437
735.9486878231163,481.86171212264685,169.81095835268601,51.63771610924276
737.5054309586563,482.38737389404406,168.71062992614935,52.0995128600656
738.1306060090653,482.53213749458314,168.6871414214388,52.352641365393126
736.2386948243134,483.22895908676054,168.95509918027062,52.004806973152505
737.9216036646455,483.77818249777886,168.67911237500314,51.54160893136648
726.3623897451686,483.0429501413718,166.2151541971113,51.87847352840446
727.4730829331352,482.33411121110487,163.6776065164659,52.66180514221897
736.3702472817195,482.99316092438005,163.29780761971236,52.33952075434969
738.0437931426633,483.2223964088001,163.7543195469641,51.966771382585115
740.3943998986315,483.30104959482355,163.77991410616414,51.900106300487565
737.8765793132669,475.1040811302582,166.8531135940778,51.54253070215243
743.3950565653057,478.38330986020253,167.83860572238544,52.536493858413635
737.3697598143203,480.61737716604955,168.2583541544709,52.55606066273526
745.687217787701,481.14877246086587,168.45408281525357,52.99452761189813
740.0501560704478,481.5244715598961,169.68459090857348,52.477468740457795
737.3166936554371,481.8164892045416,169.50895287238382,52.49760478686392
735.9118177196887,481.99434514673095,169.80982007553058,52.25511107586992
737.3439689736127,482.67702614675596,169.54247620491992,52.22675051872907
735.7570240109159,483.0662217664879,170.02136667390798,51.54731062643752
736.5268338181488,483.204425993553,169.6448328777328,51.336970255355105
736.0478851537066,483.42470380987595,168.54404156602288,51.86096464101984
739.58271110774,483.46379526360784,168.31946288106988,51.88813590852759
738.0531464760935,475.2545467513442,171.07341818105465,51.527101454173064
735.0294419594362,479.2486028061958,172.3774447604507,51.91369275175744
736.0410737385897,480.43191397926506,171.42221835443402,52.58227815403199
745.4779107738661,480.7772792990265,171.54044186688898,52.93853862435721
733.2325857423923,480.8228483260158,170.18267274038362,53.25449585364843
740.7016615714219,481.4762940399716,171.3784760841553,52.53217626411575
736.1808556977046,482.55987171610656,171.41393186387768,52.280967633876436
737.7773555567823,482.7854599630082,171.37395920337016,51.901025306695345
737.1911822193703,483.0546443559319,171.87204758647266,51.72246013784849
736.350019323058,483.25155894483794,172.27707278286027,51.64954734449502
737.7306574787824,483.392264734805,172.03900795059826,51.45345041092413
737.0076231556634,483.2730047786664,172.53800522337372,51.22186637389292
737.7753110653232,483.0330398817859,172.53627181528594,51.536461168092615
737.6909562145354,474.77761613566554,174.65639777090507,51.25459549505017
736.7759541084758,478.75465903475197,175.06793398451956,52.14688230124734
732.3663144637712,480.0158455313228,175.38066916076974,52.70422074533114
735.32092323875,479.88533806303775,175.2670262758818,53.523478539357356
736.3836653617545,480.08946191636556,174.52436180163937,54.03334179938419
735.2017214050832,480.2649099993441,173.90725549043378,54.16203002931246
734.0770561094487,480.07055190666625,173.9431323120189,54.23448322443198
734.2829822940879,480.0745502466444,174.42071940635591,54.07573639915957
734.6254916361811,480.48450849905686,174.0327829377171,54.07740709926786
733.7421712205114,480.5458694698301,174.71980424219316,53.91406638417153
734.7916018958252,472.73014001670543,178.38498097750306,52.80872605030859
732.1144440951086,477.339917277787,180.29093828158824,53.244243740364766
733.4005481069353,479.5574002010459,179.46858446497396,53.49579560930103
734.1054418983866,479.41775618115275,178.3240211302421,54.53182117931871
732.0067691614854,479.32102477764164,178.61999440975427,54.60501000137232
730.3842702049373,479.43770030972615,178.91068762772125,54.206612886058636
729.5111580923218,478.76148841325704,179.11718952953453,54.19657785388548
730.1674054561984,478.74704864847916,177.9501140864828,54.56616519217428
731.7862270757761,478.2205170992541,177.2225268661566,54.994575130052354
732.3539057678382,478.1472052130976,177.3117587106624,55.23247355127012
731.5392895618081,477.91442394534033,176.43823858022697,55.417167973743744
732.8940893009208,477.3841646681639,175.81507656576204,55.63133407009641
731.590291534254,478.204537386928,175.99122673891188,55.3591138992156
730.9472146269003,477.79807921562707,175.8437637962263,55.545726092189746
730.3992188373234,477.97130016565563,175.43168752908198,55.38906555991137
728.5613067237978,477.9854125779091,175.61413168640038,55.48320531603572
728.8272848419917,477.7937384586305,175.01362086980077,55.85398467192633
729.6084986844347,477.8523731542929,174.75517735010664,56.049625777790176
729.9038137074875,477.8025704326672,174.5434704817201,56.22039797481044
730.5425749135329,477.8684542446366,174.50904072576475,55.978924671753
732.2674203959793,477.75433684900827,174.32359908567062,55.891495052418534
733.6523453486973,477.5243699051493,174.3627122406138,55.692640616734124
733.5937425406037,478.12405323401424,174.39032788847717,55.493419751965405
732.8892131068885,478.7224353517734,174.59825886913552,55.28138593894377
733.8679165323949,479.0379263961497,174.02204386783126,55.15419297706427
734.7065298805858,479.326472301751,173.69863570725423,55.059560800404185
734.7088561859653,480.22453091470567,173.39428379000714,54.67912696320481
733.28312137402,480.85270513003076,173.99176586316224,53.83273823623845
734.0773268679866,482.12628751089363,176.07256411709608,52.06382714901983
734.7904202803909,482.32752623694904,177.1223561436058,51.39590368965727
738.3320777912372,481.16944627070643,177.47481354088913,51.26382095780539
736.4459913767574,480.66233939453076,177.4180817410949,51.56014563964585
735.9494874467732,479.8396992802934,177.6331678648231,51.911049614038774
734.8170923893788,479.07556795135065,178.09784513609827,52.0930580423787
732.2707352344178,479.6310359594472,177.9153023354246,52.505285583238276
736.5865362027108,479.4174783781992,177.39970248166333,52.829753165527876
733.9003113879497,479.10257504886056,177.44259993757092,53.048372324443534
732.2195122084323,479.1126651454803,176.85565021806886,53.53115519730508
731.378143807222,478.24926437952195,176.3929013809173,54.23018859415102
730.544403534655,478.024839962019,176.27416924332732,54.63483681133695
728.1160807724374,477.94340325603736,177.0249187716689,54.55722248385646
729.4062441673509,476.82742496437066,177.56741975016746,55.153014163549045
732.7468011878061,477.98062242129157,178.27441062487597,54.61621225011925
732.4462567875282,478.43658217284167,178.76021958698914,54.715539547441686
732.8847049918699,478.84118712066754,179.22319029332652,54.68574865670715
734.8040410539019,479.2078446005507,179.25197865853553,54.7584159290346
734.1641930829604,479.48062662915805,181.2941475875934,53.74264176663919
732.772905307351,480.6982460682432,182.34329060745546,53.24552396886749
731.9375855694383,480.3552911423559,184.3541659126343,52.68854691974021
732.7218983374183,479.3959391712805,185.31062129593985,52.59912245727379
732.4260459301936,480.77689408543046,184.41100943424962,52.8140652843846
732.8422898525058,479.76822486356787,185.24837694584158,52.713521237951724
734.0158194322426,480.6151703115732,183.80648524680973,53.17363753836746
729.6214561730193,473.31061604511723,186.31786706158192,52.179172272146026
732.9636448026338,477.5438911559491,185.6729704885407,52.925184611517494
734.632406067443,478.2010401089698,183.7805403985738,53.59953190143706
733.5780801439336,478.94006914017893,182.83584418116988,53.83499984953205
736.6512258449213,480.8172709997086,180.7384777021374,53.90544025240568
732.6236083714543,472.9900830282596,183.18530992003696,52.734426333243206
732.1890796958187,477.9880929311152,182.8073372515483,53.48293625165311
735.666264696251,479.2974172308386,181.0303797606018,54.32135037345874
736.1703214381463,480.31947403823784,180.07292950588936,54.40263825554746
733.480022895815,473.0534200758949,183.03688440152615,52.67286149090222
732.3643703937612,478.6235125581244,183.08935854358828,53.03548318995644
736.5730044673661,478.7846058990168,180.63803802439978,54.47137448725945
737.0349894569516,479.2334450899285,180.15239336094257,54.603738515332864
736.4877012401339,479.27942280841336,180.20366892749723,54.65840727095874
737.2851272463819,479.23396521563006,179.90347319170422,54.76893665011376
736.5879009329258,479.12047334449284,180.12334607904592,54.80760930728334
734.3598474348076,478.3801804687222,181.27957352434836,54.21237985801892
737.373914137713,480.0150916389827,179.88913590787473,54.28565663477691
735.479577233283,479.28752056012956,180.55152297166353,54.16952308142369
738.6731679702999,479.9851989599012,179.27693896314463,54.47403841799641
735.6076934715925,479.77150228927263,180.61381628621257,53.107678850546876
736.6056868953723,480.75980063761983,179.5047707523965,53.428711271818244
735.8957740319169,480.2546857254185,180.31286322153693,52.75519690409753
736.4454078794247,480.8460315393853,179.12751738191122,53.24619261499282
736.0590495493994,481.2317916359461,179.04452854231275,53.29392479365933
734.0322806278641,473.5752649309201,181.1498601990889,52.220911766943686
736.1164604123982,478.20519209831053,179.85209250891162,53.2481925563694
736.8567494730528,479.7304877333347,178.6221799628683,53.58743092194117
736.2442817119613,480.1145315993405,178.60877975640608,53.58489374372826
735.3039068825617,480.485117699189,178.67681555373963,53.5727888696233
737.2507801137687,481.3651098377883,178.3840040736256,53.5233562119545
735.6472838429854,472.85671903331445,180.25206696202437,52.873849445047696
735.4735852880447,477.6846923165594,180.721074437714,53.30658886793766
738.9615394212796,479.498337679871,178.54536472623684,53.836825588061316
736.7905697447674,479.97703475587116,178.43195224973246,53.94404120206744
737.5771692691924,479.9928251326153,177.57679092537717,54.3424072287839
736.9065600783653,480.1694524973433,177.7287713547991,54.22629457045579
735.5443579840274,480.2238395002333,178.17434096209973,54.03090796011732
737.6699593350183,480.7862633878806,178.11476051735065,54.00268503604959
734.6345859785863,473.1958501673713,180.93367379134122,52.799640398576884
735.6483503347783,477.8858549575678,181.13854144316932,52.96679668885042
734.6309412593633,479.6271880049434,180.3778984161733,53.126382324064444
736.356385361632,481.1250867453326,178.70767346351283,53.27953542006824
734.3894389757527,481.4363165566016,179.58510966941466,52.676645211266745
735.0310914960482,473.4366600841232,180.78410467192958,52.36258840524698
734.959244975829,478.2704069627805,180.8852180540385,53.20529514842066
738.0893067438628,480.33129519107536,178.8029013722189,53.7523362119725
736.1141892091119,480.299833004144,179.6082163310182,52.85817253260882
733.9946587462597,480.49283678400343,179.07448348688627,53.139342888463005
736.0078190133697,480.114288128818,177.48590041757106,53.88724004961817
736.4305570774973,480.2084275295398,177.58833435973517,53.21288721777524
735.0265100407843,481.16507211878496,176.8908527762704,53.19740015377158
736.4337673647277,481.097054491207,176.8526798050955,52.885799728490426
734.5412550605074,481.1312414907774,176.92508105576337,52.83221092318774
736.1063918990715,480.91186049545075,176.4860746306034,53.06613657508265
735.0346310908071,480.99671653331166,176.60059334224013,52.938051049618046
736.1565934983482,480.9566894716529,176.30101626637764,53.161811852279726
734.6242246928784,481.2485238349148,176.82491635099592,52.825336298329944
734.9898317919204,481.2132224087739,176.53985001200834,53.05992108003319
735.2193173140175,481.2838603040341,176.54295446949462,53.21153148707977
736.929391844199,481.3191631313659,176.55494480579912,53.37233770671047
737.071660903575,481.7937856398425,177.3795053599139,52.6097400900172
735.1441905035388,482.5428873690707,177.6489664236582,52.0877609348064
742.8741063947358,482.5488655134229,177.77254108962853,51.946135277834834
741.4619698460092,482.48853993860496,177.99432423880899,51.37785722729837
740.7325170686339,482.37243409529304,177.93297637368346,51.13041156195156
737.70180962926,482.08206335108844,177.63509063902814,51.665392508206445
734.8975709635918,473.9533177273326,178.66329672631528,51.593656308208296
736.3621967180488,478.3144304195758,178.11645574367685,52.855817367813785
734.6221912033379,480.58088291537047,177.79737090403438,52.93338267117683
736.6507699524318,480.99543927891295,177.650802147149,52.81585123385999
733.2735721868894,481.7211104861859,178.16051202836204,52.69934315654856
737.1653562339461,481.39763841344245,177.18062292365903,52.77687250759044
736.122683719334,480.410359508995,177.46613894668835,52.49575285486123
733.9526735517,480.23033752085496,177.10242393039388,52.93924610544291
736.2486555403256,480.0928961090458,175.53845863897942,53.69187106458588
732.7561252017173,481.0451245799842,175.44826106119106,53.57846860993749
734.1585609885461,472.0350532276212,177.83697488334641,53.19805284298393
733.5988960404459,476.59820587747964,178.3726316003973,54.038809539726884
738.0094754297021,478.85181161454244,177.05189005439817,54.31484839747995
732.0878960759214,480.34431145952374,177.78008904516267,53.71056526978856
730.2130004462729,471.6504004302973,180.43067373764927,53.03072604284108
728.5316743296125,475.72232634532475,182.88486893018296,53.10697843031543
733.5682214529495,477.4579774786311,182.44916482022802,54.03790833380761
734.3676779112114,480.07414592461595,182.17593716638405,53.81013048190753
734.1485865260032,480.9595425878998,182.13370462236452,53.8539471597648
734.8204309932105,481.57939495806784,182.68324564934534,52.970715269274756
732.962607272723,481.50213700286844,183.39020201785647,52.42841747709014
733.5567039277172,481.24607434409046,183.85269890581256,52.170763589323855
733.970299331421,481.63702772876866,184.19774561385452,52.102211169103846
730.122411335238,480.95328328779533,185.09219723869737,51.965293002825064
726.1748713131016,480.3664533752907,186.5417168276478,52.022593117140964
726.9951072566002,478.50903098847334,186.61197835434666,52.71700780273248
727.2190829279199,478.5342333020627,186.5207314852029,53.10006522909106
727.8612537912775,478.04034516940885,186.34275400867097,53.67472140343733
729.0036038122137,478.4874484787028,186.18962812069864,53.48880059341276
730.4680214800744,478.6481728937664,185.06109540967952,53.913210074938696
732.5646257314991,477.9072529720715,183.8330034076847,54.73869108024716
734.7816898632608,478.80794485686823,182.7870954543725,55.05122537667846
734.059694994679,478.0154209177344,183.08155919151318,54.89312182863082
734.9265473503515,479.35685439645977,181.39216113837676,55.07312127285245
735.1313756518625,479.8450624232353,181.5867933518066,54.75110401824401
735.6526982340429,479.48181496219246,182.3271972940438,54.11024597783572
734.2207265361799,478.70408266699803,182.82897070876706,53.73430979231513
734.0238622289753,479.0679676958682,181.2326722531306,54.42312160370014
735.6463746141476,478.8867171608239,180.7208480328654,54.703665318647126
735.8147126961678,479.67353065815894,180.15631056871405,54.65773886738069
738.0347372952964,479.83383626969254,180.30112407950247,53.978462297214136
733.1892727534553,480.09284807162504,181.58838189853626,53.11461200792053
736.1438490551637,479.37929462716204,180.75514558540252,53.69832747838956
734.7382809425444,479.5128639042566,180.45926405513268,54.03596399534444
735.9451927732838,479.7795905508876,180.5544168531571,53.74665834552947
735.7297357715778,479.50123384657667,180.88541731906676,53.67094710157483
736.9238930906059,479.8984035895928,179.91812664589241,54.01014013965139
736.9029513656654,480.1918610520573,179.38466148012705,54.14837842250141
735.6264740114342,479.740511124031,180.21845193630847,53.30257602406792
733.6423838431133,481.1428202860342,180.32738363479714,53.13149713830927
733.1181511795061,479.90650363863534,181.9310087096122,52.673634217286555
734.0514981968182,479.59835736878057,180.77673990692134,53.47944958962818
731.8845445609471,480.4089655539207,180.50129697419578,53.43153167363251
719.9409681896313,479.9618004337087,181.48293023135375,53.052612526315535
730.8955945293758,481.38295444240964,180.84462596189914,52.92441559862009
