292.5,42.5,139,237
298.306604647,51.2219667742138,134.89301152356595,243.3346766810646
298.7260777731059,52.401319149981546,133.16904233310265,246.64463686178007
298.22849236698823,50.58400871434064,132.21051677521308,248.78385193987188
298.0693431253093,50.998968062205236,132.5359122294906,249.3382971338369
297.97335188052324,48.666135337299934,133.32254886191922,250.21962148676946
300.34443694274876,44.95261778731124,133.56221839429807,251.10864694319216
301.8694427518822,42.87551298567695,133.36874006498684,251.73110467535173
303.5210720186944,42.29827192850661,133.37128506873123,252.62232204421855
303.6044304263353,38.890604275745545,133.6985959872523,253.34990071598213
304.05225400425934,36.49661974129428,134.10021448024594,254.9479975200226
303.46645328068706,35.840522268538194,135.36427889919707,257.7434000489622
302.68887366219474,35.458942594742155,134.47869635876168,258.92280289011126
304.9483473879512,34.37003029905139,133.51139990822537,258.8847189541185
304.16831841767976,37.16768148114025,132.4962661125469,257.4163468267572
304.18160778171165,38.52569340764654,132.10454843651942,257.54882322551464
303.2677779198923,38.820571306486016,132.0951294696292,257.7325332996466
302.1802203549823,40.41632373598645,132.26873278723917,257.8660792714868
300.8819129394848,40.208889547308615,132.14488052762752,256.95618506606354
300.82871939255125,40.51190379392847,131.3327261304629,256.4801074091247
300.93316337894,42.680861783177704,131.0049550322015,256.86692716747314
300.32066959955347,39.969119200621975,131.27632179953923,255.30507364468787
302.4453488147565,43.54469432343649,130.37410225081646,256.66281164368775
300.4356209922521,41.678241506350176,131.27622853677082,255.70266927752468
300.1179108231756,39.46448831090038,131.67605101113045,255.0152159516274
295.6578316578183,41.97470059805961,132.3928964680047,254.84304748845395
288.40489830593754,38.801735016928404,132.5524220386485,257.52085159077984
281.64494659766024,38.40947094375389,131.88332818652634,258.81167291473355
278.86544799130456,39.71829811278127,132.071196363288,258.4263195734592
275.95390961025817,39.95822948941719,131.83236678764274,256.9514758889053
272.1281335740257,39.26427326267455,132.22484464898702,255.14684817362837
270.1020361364199,38.70361336231562,132.75303673374765,254.72624814688498
272.28633915116103,38.18889441035202,133.1519272901113,255.83971536771435
273.1804641782694,37.42828725598828,133.24935648088965,255.24873799934832
275.0683160016907,35.74981362930308,132.95316647921922,255.34753038363914
275.8879996917117,33.976924749206376,132.61234541341673,254.60569999716506
276.1974653340129,33.038167594282385,132.27668868998106,253.65785138625193
277.41867525334027,37.485377946474046,132.7578850222095,252.3487478167258
281.85837985788737,44.14180450962965,132.64175954266852,254.23691397752395
283.61374303327705,44.77834874991521,134.12006450673908,257.1762302248886
279.57477228424807,47.551140432039176,137.40496286820024,259.6038734078819
276.62301251993455,46.27258871230251,143.66490374826014,255.10831161374318
270.1119492989728,53.764672881560614,151.38345229025083,249.63306013008537
257.6040307433861,55.40951851763538,161.46544292773035,244.02658352239507
250.64139007475552,55.846719328683065,168.61438282669806,240.39161828831544
247.67882741183982,55.57491662433182,173.750188160464,241.14688812036445
247.4696742320407,57.718570167425156,175.72760909544832,242.66234115838432
253.38471639779004,60.526403444345675,177.36071579635924,245.51022135747297
257.015941690898,63.49422851951121,179.01429323290944,248.82653386888506
263.88153466500654,63.60189258242602,177.3522114793335,254.40106646845828
266.30818488925183,69.4782411319895,171.1623077469608,257.406238136116
276.9221282117644,74.56281368440463,164.8109975255806,259.7411013244376
310.00852969783045,61.085055275339045,169.3111910744447,257.2774592070219
342.7584023498725,67.14853667241286,171.23082595834887,260.2075051561604
370.09716004291147,78.3449315865848,166.12649172461465,263.1920804401212
384.51536556894456,92.14762092650875,158.30934489373985,264.2914842462352
398.0042698285263,101.77239283434562,153.3308745246008,267.52036259547845
402.76713905347015,100.12320454226167,150.25645529239506,266.0593197384232
409.1141541157117,101.98087546225156,147.19490674292413,267.3277806938536
416.7299741094057,103.49965918951028,144.70580902238174,270.73447622075093
442.95966253093854,78.54239374914448,143.25857436071266,271.63283659977355
475.2936991400194,57.71222003195123,140.50158436398644,274.92017912082997
452.8596776220702,93.53667231265837,146.52271501585165,269.5225944446696
547.7409084602945,-4.813462156873811,159.83160343705936,265.2477199511168
534.9129156045814,-7.244730135931945,174.6821501531242,259.81606168773646
521.8731361715483,-8.271792689834598,187.92735461855563,252.68784808094216
664.6619518013638,29.97557231583562,178.30028488236212,263.76201913161344
597.4009322978649,3.3950753272415284,177.2058688112349,265.40033854825475
724.0376145538768,7.372838724792416,179.80831301503147,266.72640221488393
740.113973854282,9.268658840579121,181.38451821182852,267.3252386869543
543.6502206535994,-10.846285071787236,189.4503302772561,261.9053843852222
727.346843795787,9.48149029272409,190.96461573116213,262.80835111225423
743.1745488593316,11.209293345878706,191.03493840741774,263.83056063399675
738.9450853799766,30.948685673500847,184.5284722997214,272.4222181784595
736.2218438904231,36.22592974785678,177.23543615956584,279.99770630233064
705.1512861434832,54.882111421947315,169.8395033136019,287.6961271033195
677.7342337582298,53.81179650288678,162.77137877502653,292.85159158385085
639.7638783792469,70.56480654360578,158.29204558768,297.32961462375073
597.9099667476651,81.44455547744795,156.72991035474988,303.3325793720332
538.3060958791527,107.79363884790516,167.4320292280048,299.31167398365784
478.1074517150668,121.89413814664238,183.22481773928223,289.70448642133965
478.5424234767825,137.1208099502192,189.27754076553344,288.38217385056294
476.23276866513834,142.33486424863816,193.41933942991182,291.74507611035347
472.6464193649383,144.30904463172942,200.2765418240283,293.21392067788065
435.45070211979566,148.4725526745612,204.70259850669646,298.6485937783133
432.392476358951,133.24432023061942,209.85436595922909,300.5262165031109
426.4897022645904,143.6380060981371,202.88479055175893,313.4251240649505
416.70053888987826,148.05457275987868,196.85418671341458,320.7124340855836
389.02849597429906,136.1723977662438,192.85103972596949,327.2269175872577
389.29773086218734,119.34640264670728,192.08194992360453,328.38465657511
387.27803388523785,106.3687728216687,190.52130773324683,329.7686710317057
388.76316626219773,95.02878736955847,189.96023315724455,330.02468029652186
514.6278285697996,-16.796939640074356,194.39640536821267,327.33395597106096
516.2234281154681,-27.179343373470317,200.22400415132645,321.2434358316517
388.4478229555722,85.52895103386123,193.344977654712,326.72322458046517
397.46469116997406,72.07137601282065,187.09807785005378,332.65146094151606
403.7069329223798,90.0416660035942,182.68498831191712,337.08514090869943
406.4674888611536,68.36549924990373,182.35086907963316,336.5469676716956
403.98958047837107,77.0855444364085,178.93164960557422,337.8737001136275
404.4456418985353,55.45484463388752,174.9034562562888,339.4320128656421
404.29682907980873,67.70174003338434,173.95862593442186,339.77080644775197
401.9884950275464,52.12329043726186,171.7216062757325,339.6989020053534
397.4515773677474,65.7762029556585,168.90879818560148,342.4730559114312
394.89465831754524,76.0935100418464,169.7037271177623,338.1291254853933
393.3538443727206,60.5347782950991,168.60947791314285,334.35523537171014
393.08695384747676,76.24863995777895,167.28346017460612,331.77946364547154
391.82223814910793,66.61538710568738,163.26163777572006,329.0101970260463
393.4601398774844,52.211229544041885,159.6841610854581,321.13187808561656
391.42455672073703,66.82344551173247,154.14585417049818,313.35432649081156
385.7944153796009,79.5354494611532,149.38313613560743,306.0583760718285
383.2334345281684,87.6247954986789,145.89481112582587,301.6027665391965
378.12742654739486,90.51881985033685,141.36668998715322,295.18939489791524
378.68290013858496,90.9487085866671,137.5874540970399,285.7462119305648
379.87409097038443,96.17161135229932,134.38994893500112,277.98493784957196
375.6365386718355,99.55894503505868,132.09047353026796,272.1002055006853
371.20799987676065,98.38262818624781,129.2347720753127,265.12302714844134
372.8221474385366,99.3213961254686,125.61795128695437,256.88819384949807
373.06178157557554,99.67786671953783,126.01718365326889,248.77437518562107
373.949310746891,103.61102595228158,125.38579598877661,245.26244734131888
372.8798766808029,105.2995009480011,125.51368017701355,241.01795859970818
370.43191558132185,107.47343300447244,125.3368336877738,238.89171290069066
352.9434202247884,102.80787138126425,123.07875512593847,235.28845275477306
355.09378887103446,99.0025566464021,121.94805176517849,231.80167583716826
358.94841823083766,95.54418369814485,123.00974145560627,228.07539919645131
361.8855296861066,91.88423552543497,123.10907983199459,223.77284185229587
347.2279197172393,95.95862287600143,123.92875724348414,220.99506839475427
343.7964861927693,97.83033470694798,125.76714251904767,218.69180119266952
321.843463205341,95.2671946168006,122.97563676660931,218.7018279969572
301.7502614187053,106.24999795246268,121.57675515311317,221.45089532160472
297.65003230117077,107.56720452142889,120.72979097912454,225.31358158323894
293.1040500423304,103.92709933543105,122.35468062574203,227.8575897152444
291.8167709779884,103.64581520459596,123.5424820958719,224.1685171802532
289.2340571659947,102.72433130077175,130.65540470353238,220.48416555659668
283.6552863840016,92.04732968703848,140.61410719910592,216.3773819646052
282.0760198176324,103.33067322189083,143.4069728694953,217.997002802005
282.0108925552862,105.84353762708324,145.23516726692947,219.52243575767244
280.5301386069112,105.37996537010002,145.43524680750886,221.10687853852653
282.85660935925597,107.02841318296151,143.9660437728968,222.6847530772933
283.16504912827816,107.5907399050646,143.30762926713197,221.40186347221277
284.8602633777248,107.66411677602912,142.96528836513195,219.72890883974264
284.4968096831527,98.00066401900517,141.3440528919562,217.58167227920558
288.3291896172241,102.07873590198172,138.4476779572851,218.82519529944634
291.2899332434738,92.6669932813887,136.29497236677292,219.16304096848881
296.8427745201118,96.56830118769764,133.02151942775484,220.6953727419305
301.00738233104835,97.70419829405495,130.88012710147495,219.81722250447376
301.3628538797671,98.59486809512646,127.90734318372499,221.09129471797405
301.4828963789642,97.82392413021998,127.26771779078618,221.797686281763
297.6648475558435,99.90782409130662,130.0426503903356,219.2860270446712
295.85932369104586,100.71920812359613,131.98452571373437,216.3654993279544
294.2815294725666,99.91481594468408,132.10231908385936,216.33752476224794
291.16454123410557,100.55199444024143,130.2213425197048,218.96682449224835
289.93746255868047,100.71417996249498,128.36856074549394,220.01784779207108
288.3749187559558,100.4732866953258,126.73981410335416,220.99565699787055
287.5937693817251,104.00596800272264,127.43843451567209,220.79094063094064
286.40171536908497,104.65952742202613,129.33499609701317,219.59544471445614
283.03758144987364,104.68506381810045,129.98030332981438,218.0619821146064
280.83469590276,103.79405737417646,131.02570068861377,216.6151310479103
280.04558208145653,103.74695000302705,131.1567692793257,215.1354500973838
279.26383303398825,104.09047450393311,130.02930505965648,215.7085064670469
282.1994391217677,105.01066763121571,130.0841707268101,215.07629980556794
284.10745732072695,98.76678520876962,130.27427456097772,210.97904267780387
283.42859808055687,105.76684603199831,131.4419189253262,209.05283365189092
285.76609704254037,110.17374551090234,132.35410304634217,208.58604912126793
285.5843851641579,101.4486417116357,137.42915857800955,204.0202311765883
286.1895385455959,108.88346937777638,140.5377857789091,200.52448674823762
285.8144188044763,114.88704598505825,142.67997551082024,199.31673386326372
288.03635314998223,120.58924578751854,145.49932188481074,198.18593579032557
295.1272740871999,114.29995204938999,165.34947769103945,181.92928957822818
277.1882772193712,145.95277717319374,164.9760752474978,184.17278789019102
291.84888474192553,158.01939662068455,168.85359448583637,182.62601292343203
268.05774156790307,170.94495766118212,169.1155835926703,182.5316714668265
283.14095128560655,194.28968535011094,167.62670589005143,184.842059686381
271.071177591643,193.7314966897619,167.8997009250733,185.71963318825712
285.57117436268067,194.10707989071378,167.62677723773422,186.22196879765255
307.2891910236742,214.87774172712022,166.9188284799561,187.64396299593338
337.34619211045293,239.6003067594444,165.80808787256078,195.56735176063074
361.1643142412038,238.54430016116868,165.98013981467233,203.55034521993858
382.66186791224044,235.96323596945194,157.4295209979897,219.19327041733686
380.4133288029276,214.5672606238578,152.17415876403976,232.30460663708962
378.8855873240145,214.96778239099928,149.4421718579742,242.5614454117666
376.95844863801415,202.11580288306928,147.4587951162055,248.77742835340786
377.20990128706933,209.50460594635,143.66555964651005,256.58546027311104
382.76179104006764,216.22581616629094,141.7158033109846,264.28486646286785
402.2370676593772,220.58071247026768,139.9523190115744,274.1273523735911
394.7764532287407,225.94265793160315,143.64623769218338,274.8283195441819
401.14433223665094,215.84333519162766,160.77140916549865,263.383440854211
408.5408287527731,223.47074854779868,183.95669524702387,243.54159755937994
395.38045637732785,232.61168122851572,207.5055302841693,224.4278388730939
387.6576331144818,242.9489013011754,223.57645575959884,211.13012773931018
383.9917702685039,247.7374572389229,235.04678370832957,203.1572378038558
379.7201860835165,239.17866330844836,231.38764246984493,210.4491392100319
380.05402083577485,233.03879588054218,227.82799422463611,218.34338031050365
397.4753639367649,270.31798627419715,239.56851801411102,209.5644566154789
390.5743878100717,301.14480507068447,236.38130591508047,213.97397515043394
381.49970237246856,284.21752379604237,246.46029085736436,206.39632105543103
374.9659694063687,295.19764998688936,253.0941616090527,201.68648829043622
370.961896298558,303.14902461059836,257.8832745834021,198.94471449925607
381.3168505849447,312.9237261702996,264.9584307078943,194.77290060562268
368.23163409826276,321.3884480274659,269.31391464561364,193.5739695103085
364.49465821187687,303.193065554911,276.0484859991311,190.9735845530746
373.71515578263046,311.46643644794074,281.60886414863955,188.74199493528914
361.7315352730036,320.33163422072226,283.5282593274392,189.31836589973577
377.070309492938,326.78857314652214,286.28210355724815,189.61214490848758
367.86963821682707,332.9261188873686,288.5140563847386,189.66272271542994
361.6659414268245,337.4028758130379,289.9731524641334,189.52736796748488
373.92255222926633,347.33330688113097,293.8693661314665,186.53120805603018
363.5991911515611,349.41051131307546,294.85937670850774,185.7604230305659
374.1985907978455,362.9523553025521,302.3209511036831,178.1242123923108
365.0343684797101,366.17483037110424,306.33209589711936,174.0610395417362
359.40867002108325,349.34925176049364,306.9822564709893,174.47066920558422
376.75479502321843,357.72966551644805,307.55599767765653,174.93386741999382
361.9613661940308,368.6659537034751,315.223892857394,169.5176814267991
358.5389349448101,370.8104807611279,318.97293325996446,167.01168965032252
354.6003485730897,371.077023950139,321.17994046461746,165.77109691367687
344.92477636203705,348.4233739478598,320.31725775354397,168.66379654592083
354.2397490626695,360.377790244487,328.33122371397343,164.53635509646517
342.98907452854274,365.7411487197519,329.57045158166545,164.03660023547397
336.0602670309249,369.06240649233854,329.90598806280207,163.81526493856123
335.92926728098416,368.8573239096538,330.06354283538184,163.74088678041377
333.09719816576285,370.8660707580033,330.12797393920704,163.65418350806178
332.1305331514146,376.3041967875583,331.6988578087791,162.88773369504557
323.08783049118756,383.1040018519982,333.5891776037206,161.64774938251097
328.4424261310657,387.34988585005755,335.6625666996357,160.24177392789613
319.1008722911605,388.71066462899086,336.0226839619657,159.02349903623588
325.5081999921765,389.89726628968333,336.7423713257418,157.92384622525742
321.9006233098165,389.4218497219533,337.24274817450095,156.8154509404598
317.2816132768253,390.885903028957,337.92347148755385,155.66842719502858
321.3713897810046,392.2365108512589,338.678850234261,154.91849810476126
312.26791236327006,391.7052265256589,338.7586860053991,154.57087939233685
315.7983935582465,393.180933403321,339.5424644830609,153.72448520640958
305.4284171548554,392.1569700628387,339.8950195237299,152.98064738961716
306.0212921800826,395.0003257046911,340.42514033051435,152.34784111613575
296.75628412266013,393.4331742947295,340.4381829498758,152.128645238778
302.9432120972546,395.6430266044441,340.98951029689044,151.4453149975531
295.1907047644692,394.63290808599294,340.9979305334451,151.28588670738338
299.2048062520215,396.02972461260856,341.35544685765694,150.87769471898676
305.8973826953149,398.25149419760317,341.90173432446375,150.29082497496194
298.5083119407488,393.83599627000905,341.9471154042136,150.14292564277216
305.2080757321779,394.2780271546868,342.448848197332,149.621838159496
310.25053418795176,393.75639924809866,342.72272835914856,149.2284647965325
312.2721798143681,396.36290329428493,343.0791420394824,148.86321595098616
304.4671897047772,399.03545199283275,343.11913114690884,148.5493985946315
315.2356306144367,400.1991635070141,343.453310652663,148.1476594222793
308.36262542379086,400.04160681431176,343.5121586346627,148.00020133575433
319.30512817406037,401.26289465156003,344.0099866149586,147.3891075948515
312.3931867470001,400.5559262774809,344.10084964028283,147.0309702396544
311.8254263375818,399.00922278872304,344.1035540252129,146.93598195540557
321.0710457853141,400.4470322850728,344.48455901097384,146.2666024246049
311.79051104006317,399.3347217245771,344.5249127879747,146.03025838904114
319.3968046150093,402.11389445590817,344.92145077541153,145.49223095769003
310.7895809569292,402.62864631053014,345.0096220753363,145.3409283158937
305.6959219434298,402.3513830498604,345.05353704905144,145.19526733294174
303.8256829705261,402.36079206920203,345.0885904476635,145.07973952876455
298.87275823980883,402.57908904544286,345.1200664731238,144.97747708873408
290.3559112929447,403.9200821120694,345.20630782168604,144.87219688809816
302.8550644563603,407.79535649632476,345.3503183130922,144.72261028160523
285.32101171657905,406.71890061531883,345.59599413567224,144.45034041634358
298.52483326443917,406.9904048249082,345.86953962332615,143.98888452500975
287.9209973307976,405.1343461533078,346.1806317481775,143.5584242200477
306.2176749169307,406.49920194903154,346.2184487560872,143.4316360218497
294.41045967903267,404.66827646333434,346.43948666901696,143.02526447050855
308.4535499631867,408.4195126850458,346.433311746461,142.7921544767317
298.0177447492978,409.6658048845854,346.545799325728,142.5473596990056
288.8302618162595,409.70055625771147,346.6017306153886,142.45040737284393
301.24554764283386,411.7003310953659,346.72844770430527,142.1803875551706
295.1105465601237,411.2723315795389,346.8218970972036,142.01894698301913
311.0214242150446,412.2295049998428,347.0790907619712,141.02834917204765
296.1941418856993,412.0365717088446,347.3304571784743,140.37052399970304
309.1220175424116,410.08909470540743,347.52720945086514,140.051814905381
293.8412509686017,413.75993836309567,347.719279631566,139.769310710732
301.6938923424815,414.90974207638783,348.2651470150319,139.01839098060458
309.54364820658304,414.9699967945727,349.20068510677515,137.70137981236232
309.1304457587555,415.76620458141133,349.8236860526927,136.89897361807195
294.0701824985499,416.0812776737154,350.08652366929533,136.4429048548906
300.08549005185205,414.6551644521163,350.8980115671465,135.45929274179915
295.9245467671128,414.6981493632201,350.9908465466592,135.31915491504887
298.86658179249036,416.35280532783116,351.9882815084164,134.01042258139265
296.1166130837597,416.4472770961188,352.8818851932726,132.69649084653705
296.740222321746,412.91414708679224,353.92210272575346,131.8644268524338
304.0077327577908,409.26246541026853,354.98282312563646,131.18490484476337
321.0165981219976,401.8618648266242,355.48741600562136,131.20064935464248
320.3863158554259,393.8145096563256,355.3890338577421,131.4275713804203
323.72145608929975,389.7842876335604,355.27749448267633,132.20176292732398
323.5510170241711,394.4897821548956,355.04499524209933,133.55935050666284
337.2802832617697,395.3906519498056,355.1501872847244,134.3345144984621
363.53321570504073,384.87570425639507,354.4150323896373,135.02790018069336
369.4439089612243,374.9829814242516,353.7626255220456,135.746863301035
392.911445271726,366.68212700043256,351.80437098575896,137.31701315819456
397.4744043023928,357.405248437102,350.7999968087026,138.17236597272185
418.4735310644411,358.2631534899278,345.7626769699088,142.17916300284298
432.11057533084477,338.1518361449105,340.85873995687695,146.38522283325844
447.9830856374127,334.7631539477346,340.59008157213447,146.6327658317362
483.2058882571466,321.6882741719461,339.0179199361823,148.0018819201785
510.5745694946819,310.70129497422204,336.82733327898285,149.89244912605136
521.8328298190879,309.39285777693027,336.0215422291698,150.6054203939183
561.4092291450863,297.94509179244267,331.7068859721925,155.1025835274443
598.420749941715,284.05931160903333,314.3246982607712,175.36441593939838
608.2942822384455,279.9093935120852,304.54659824403154,185.72451362125545
619.9146737280023,273.95692413146395,299.2502828094734,191.3388554205229
612.9281679016296,271.44156235423054,297.52876397515826,193.39323248222234
628.6542457708463,268.13448758365615,284.9053950867005,207.46761618856283
631.4448452522847,261.10039304766224,273.0309713122698,220.20046440304486
645.2523810067614,248.48658842759656,249.32135229316924,243.82565069052424
649.3069440051248,245.73968079375967,241.40999178089473,252.02319177301734
652.490548993335,241.94752611175292,233.6272648319325,260.578075039161
658.8131152767614,236.55713967516724,224.4748447627907,270.74026786901646
656.9421857581665,249.7483006524521,220.9168738401114,274.50002431410496
654.6538495626294,243.68773073279436,220.41495917597916,275.2710769875879
649.566517508097,254.7215514890228,220.3098943955785,275.41197925259684
661.1474821779018,229.19603025057017,218.8268190446165,277.95999667457045
654.63744282854,236.103838793927,217.43228592693382,280.0416955668607
666.811682311848,230.04149608824378,214.9704971000883,284.12557420790245
656.4034692718328,228.07356334692045,213.30415607501615,287.51679557319375
668.0158344123801,226.3690957174895,212.7208461583015,288.49720800681456
677.0634390566994,225.58784692873445,211.46699505447742,290.55929860381013
688.3857818556338,220.90764178511589,210.27723308636934,292.35396687520864
700.4512926686799,218.3794748709283,209.99328978364136,293.1824435906993
714.8918433273993,219.49203886821368,209.91940701783813,293.9592269978772
734.6823232228987,227.26297998615016,209.5335461037926,294.13192720524154
728.5412141265862,232.79416597289455,209.52559744155926,294.2561931101707
744.8612294311935,213.16129521463083,208.69104588202723,294.715736506581
735.4920275479024,221.7995821386003,208.45909366106065,294.7892011870844
747.8151477137643,224.38358968112342,207.99227952257405,295.0076101666744
731.7479826433844,231.65819013700812,207.42033372339256,294.8330315998757
716.4551652297614,211.3054572567504,206.32687042136607,295.5858453828521
705.5734464236623,216.9249854285056,203.78455432567864,297.352872527806
700.5471050882838,220.40926821900587,199.34068071439202,300.03433326821664
693.6722511271265,219.16269290679017,195.88422141563723,302.12982012054186
686.253892327712,215.4846322826029,193.45488676837246,303.63997693715373
675.5887700776894,219.73360075438177,193.2280271576998,304.08736870605935
669.3584142003249,218.67646245426334,192.06907567390368,306.80861996764645
656.0388345833467,213.15502647209524,197.49108517336305,306.48913002402367
651.2512795722648,212.19081451311143,207.55008116921874,306.6364931271338
646.3882165673568,226.66905071180236,212.64640733620013,309.43721143409766
586.6364993150557,253.40344518704728,218.3883977490055,303.92916161935
558.0485544185119,288.9151436834401,224.27374112485677,298.9751844874043
544.864339276305,292.3155665333807,227.22246315731743,296.4554638561875
523.2404797044861,302.570207778956,228.66680705681458,295.23160464384557
505.87695340459936,310.20082374209824,230.6188886482874,293.513799231233
495.7269432311121,315.8014444834878,231.05122367726872,293.12066893924975
481.6484039000762,325.3144119209547,231.7508667314304,292.4264029180757
474.9029539842966,325.32005608026907,231.93563901477185,292.2408269971415
486.70080941090725,326.9074742116956,233.61135913078874,290.59171347636914
502.1762956846667,328.84612917803264,236.35250236696132,287.8247741796814
484.56340933509097,334.5499128258697,240.87468658039495,283.18546402512055
468.18046618613596,334.8094715286124,243.2045587028899,280.66913981249866
446.25934934921804,334.61929109776645,243.79747902223355,280.0213674010659
435.92712242900313,331.69391328271405,244.3400551923753,279.43514659837035
424.792898049284,329.81892591306314,246.7360464475411,276.7253239553175
410.6448972126394,331.51775388464034,253.32158173594263,269.6145668635576
399.48455048508765,334.1795462291418,259.3984168536438,262.95854823557465
388.0622867899913,334.28749082759623,260.91766310064804,261.08728224671177
397.4505885033244,339.3578724400036,263.50411776419173,258.0880423831032
381.9871019975931,342.5074076535583,264.62148994557623,256.8374071671754
396.3420991139477,347.01616583289126,266.1160817419198,255.20276148264276
407.2087775287015,348.17256636508745,269.83606353545906,251.2371136050484
384.36976926603626,352.08986479203463,273.6833267343735,247.18096604810535
369.15332655668226,348.0764799892646,274.8351547952934,245.981548901326
382.95838772026343,331.55086260678456,277.6123444035558,243.37162033620797
367.8966025985311,346.9870058959791,285.254066883959,236.68382777637365
346.9083530029587,349.64613874198403,285.8075542953187,236.17526686494233
331.961693661562,352.4909689034964,285.8482366408319,236.1400016453722
313.8187413421054,351.47140593554843,285.88339359908093,236.10679281488018
126.49923526335667,362.6282338321889,303.23270238743777,222.27328438335465
118.33841761591523,361.05817678073777,307.09838313062386,219.028738719106
128.81489928823822,341.74987672227405,312.19471139669565,214.58273965390464
82.28682950654101,346.7011871774819,316.4049036944651,210.92935055882697
102.43546652020436,347.1922097768033,319.76108730873995,207.75041953598074
92.77848457178396,347.6857332926099,322.5284928254538,205.19966860975237
84.71158528351339,347.01043011337043,323.3793772403128,204.45064079769904
105.42548787200712,345.6377948284911,325.8733822134718,202.08334251217212
92.97031738546252,348.13966248020597,329.7981560936655,198.09075208522245
76.57660065993733,352.02665765333234,331.83127321475985,196.1039335796374
94.95314008741889,356.32512218113914,334.95318291570493,193.17235686853684
79.08887562640925,361.6194408507596,338.2049395293746,190.32011917986955
93.35531910643138,364.0292402614173,340.34038371557057,188.44415844487312
76.39931973867104,369.90658962251666,342.7652665911059,186.40871993843368
88.50407210685,370.5418335679256,344.01965574512883,185.23093779659112
77.66712316534932,370.57423393981634,344.4602257625296,184.82423312786761
91.73044510730884,368.9220981218776,345.26435465998264,184.03452826609495
80.19390337354156,365.3741342289385,346.56167366218517,182.8962260104693
96.4723186976652,366.93931354499307,347.69670702760976,181.874330427295
81.40828341757,365.66760101089426,348.7899913634349,180.8761838783662
71.60281165666973,368.582990380967,350.4354426367003,179.37552284070495
88.12294275156063,367.19534235446406,352.4465758631783,177.67712838391452
103.2542340588162,367.71241512884797,354.67224016639176,175.85219531712238
84.97197165600312,368.7713543198578,357.0262280152308,173.88597551480987
98.15814033383322,369.1955656764686,358.82252507424346,172.4347931422979
116.32128408570742,367.422227979249,359.9181507174677,171.50281987417
96.55079008097331,364.8608021740284,361.2147997376781,170.4507614160992
80.96354018609728,363.53730699356095,363.0257970249888,168.93858353362586
99.67582606458589,361.7783239552084,365.4431823602967,166.7982153551125
85.19180322742028,363.76813724394174,366.7700327373867,165.62137965784905
106.0028722173169,364.3829683772943,368.24874772390206,164.36829145444506
96.6317008708765,369.26272363129755,368.85592424857,163.80570420235892
90.53817681406974,372.44482973939773,369.2361629368295,163.5183180817396
79.91494529379915,377.5519119170683,369.72427751240485,163.03710870534127
104.08573233577764,381.435412650412,371.1202408124811,161.76132914340857
136.62524478998697,348.330329675111,370.3375415876562,162.4051498791668
163.39468096207662,327.4744909110936,367.62326564850616,164.03451005490672
156.95053395047262,337.14396559738515,366.67622012551055,164.62780212214295
155.38913895005058,341.2094283379695,366.1852773115658,165.0628155905592
156.5312816367103,343.2561428602767,365.85028733981954,165.355521170426
154.5855708373061,346.2211513721891,365.466538612395,165.68337863543172
146.63130955567374,320.44419657920554,365.2394544099127,165.8632914867798
171.51503482230356,327.4573803070461,364.42671579071555,166.38027615817384
161.32599124124852,303.67813214266636,363.89590364557466,166.62329702306613
157.32677147554836,309.76650589598955,363.5710561667821,166.80052862713757
195.0407675498031,312.8248785312944,361.5635428390734,168.63031131444407
183.2796982748903,323.16161605310367,360.7492975693189,169.17285876228067
178.28106570350502,332.13659764347085,359.8520743774337,169.6360787938265
175.10213760368492,341.2250612214143,359.5271150253161,169.77673853674338
130.01397115542406,344.79271233104805,360.86057530220893,168.5779225616775
116.42466045643968,345.94880026721455,361.60528060825874,167.94787809898952
104.25138272730766,347.1408861447931,362.04915853051205,167.58377522772835
124.84248229855771,347.040071796254,362.8627822945061,166.9171876486377
112.96101437869044,347.1904180675957,363.39987088997793,166.4890731904232
101.1541940926466,349.0991609911459,363.9799764584035,166.00649702082828
88.27478373748212,352.51216241411805,364.49728487014846,165.48906837456053
108.58155086257443,352.67044216760144,364.97698945053025,165.05767341158005
97.2920340522468,354.7910499887287,365.7239727476992,164.45193865006286
81.76541531705388,356.96775515282224,365.85689924396394,164.31488936771314
105.63805973556791,356.58362057155216,366.79012298017807,163.62629798795595
94.78188642034573,356.4768639425608,367.2868400329857,163.21269522144453
83.55818344949608,360.5340530045956,367.484432894851,163.00604386205387
109.75874934036989,360.8676788504536,368.3696132163749,162.38623427127993
104.79775581218544,363.5463054043785,369.11390976676233,161.84063477747443
92.7261586808024,363.4712260977874,369.9286624096554,161.0782119468699
79.54056879825973,364.36568960327725,370.3496049005708,160.64514767259223
101.64904775758299,364.7239420539719,371.16051334544966,160.01812513079113
89.28421371242936,363.6918219546495,372.02642525594734,159.3165491177353
70.66026767314838,366.59001962321855,372.90132005057376,158.46731020988804
89.2812737315138,368.12582500700864,374.3963379631398,156.98213702527752
74.15927546769356,374.7998128023443,374.93809259319727,156.38883348508224
54.7599100354104,379.4476214006583,375.0864519062499,156.2580360058615
37.42262741398153,386.9951176933247,375.2348025494983,156.09298173687404
35.15058012353643,386.5997504856845,375.43976243724273,155.81187133594645
31.75750213094949,386.2456711516539,375.54713405199425,155.6718469085525
34.57882345876604,385.53755763063094,375.6619529442127,155.5058238323428
32.0692763518135,387.2221268435171,375.7673885391908,155.36619189918517
35.17085525327093,387.5440690709394,375.8197663388455,155.2929143316812
177.61933521203164,282.70447078582356,361.39872805218346,167.30981842144408
186.17304589146022,274.19156015898443,353.210908133756,174.56899519727816
196.72697700871956,314.6659870537963,347.49178357776515,178.9654249159552
201.24488022954864,276.4033515187142,341.8607222380357,183.4996834128772
206.2434384951142,280.96826676003974,336.6523396661026,187.23614969841458
212.29282227366022,290.9692608122375,332.2922972944048,190.54894850502973
211.93474774608535,256.7147978736508,330.4852961439424,192.05485314196878
209.87850918154376,264.4707304683875,328.72310086015324,193.59379209067907
218.78800151726887,266.6360943473082,326.6077275626044,195.68154997431714
232.5862164982656,277.09446607287754,326.39383925710507,195.88236214146454
265.43642284725536,272.2752460939488,324.86104435697706,197.4811635800349
269.0089783740753,256.72782196619823,324.5724062723924,197.77705401082903
272.95800106232355,248.5883923695627,324.53782954289915,197.81394504919282
276.2523272165897,242.91528464699883,324.50344988603905,197.85101552056577
278.8146693966239,241.01957450092107,324.45509952560457,197.90155293918613
278.6148274096573,237.17832071522525,324.45103859335063,197.90586503404572
276.0580321190611,237.55617956498014,324.4472356808907,197.90975649734344
273.868656643546,236.60326089803698,324.440485724023,197.91651486604272
270.3370851676282,234.7238031917059,324.4355263160869,197.92154095642394
267.01736499210915,234.42785930065395,324.4226515273545,197.93359415810644
264.2190478581913,233.45087937132476,324.41036426732757,197.94537350242916
262.65486926135776,232.57576027818087,324.40282430141826,197.95219526015097
259.44956913207034,232.57039645030721,324.3871016229814,197.96673042242233
255.07239145652392,235.8510497899198,324.36819590382277,197.98526535696664
255.37940179641654,241.68088036897942,324.33311472150837,198.02353834954323
251.44527469926274,242.12262392274846,324.3146396753985,198.04312121499711
244.13132722882727,244.01837157053407,324.29942243365224,198.06028738030233
240.12243634221397,244.9806679483583,324.28274700015277,198.07761860059838
234.02558753566004,244.72855972042794,324.27286661796035,198.0880425225846
229.2710781474851,243.44280056947002,324.2614405243151,198.09986510382785
220.76747249907342,240.62335774898384,324.23991189193924,198.12202768419226
210.81274077728463,237.39065728875306,324.2334226530217,198.1286592832122
202.60373637095128,237.65111268031376,324.22130527550286,198.1394548332512
197.99555688710936,234.098153206615,324.2098858084333,198.14996724836115
191.66886248748537,229.60932315341793,324.171846423172,198.18098447908386
187.16018540850035,226.85402112770282,324.1172525296894,198.2280312871669
187.46421033092602,282.6931629553603,319.0460350174491,203.15643708497691
148.80487974364175,318.95350958788777,320.36192672180283,201.55971690341815
146.27119154990112,322.4676258330408,320.56653445922916,201.38574056621874
180.60425396610444,277.7849401094803,319.01523201451784,203.05322077798814
185.57566970615775,268.37771988643203,317.7201637866695,204.4821975094851
218.03821236157063,263.29549455855704,315.6143991545547,206.68077540064763
219.87435160412596,263.3016143660522,312.0042474363343,210.18770463941712
220.96296053022795,265.87437463981837,310.91623890229135,211.04265854485718
222.84151989573684,263.0209427655888,309.91918739577613,211.91036614249848
223.57586845712981,264.09651350093236,309.54161599969,212.23214365908552
183.79992083487048,301.26357501541185,310.40507282868134,211.37871063256796
140.09126429686287,332.78267161846316,315.51048099747,207.30743255708052
135.11857426287747,335.1315130542568,316.4650344586903,206.57129539128854
129.94904109219857,337.4442605869262,318.0670402531731,205.25696232088387
125.23284710252574,340.22564999895263,320.66194148859176,202.9454814475756
118.87806899412166,343.91900820051177,322.87919481080763,200.95963012242973
110.62659604959708,350.00413733296864,326.42166096352867,198.00921286093393
103.10806079836689,356.186207420443,329.50075798576444,195.41914342573133
83.88545162597697,355.1214703948389,331.15538413694077,193.86151182126935
106.05936999010413,353.0497325647882,333.17299159203606,191.98758530928222
96.62738515588919,351.7654709402569,335.7679736048263,189.64497622268198
124.5537241654614,348.61703133405763,337.0810937729377,188.65106487721914
121.81942186478884,347.50530122194425,338.35772278071596,187.64919141080264
