687.5,142.5,143,229
696.4291703906835,139.2691773312382,146.74561925586454,231.18064090866005
701.5836030167288,138.5322043771134,149.37601830125925,232.10886105406558
704.1635759455199,139.3152908459237,152.0492953097352,235.19405911864226
705.8046931215516,143.89234792740208,152.92090293002306,238.01344139275824
707.637698406336,150.56359075414892,154.81238509345604,240.76845177197941
711.1525796873518,160.9678660219877,156.3249647173985,244.80128040195126
710.1169284926751,168.55778271756228,158.10311376116698,245.2273849685658
708.2754899859327,179.83300032507407,161.0978972912037,241.4071934364035
707.3884104688232,188.25711179511222,165.1605234942307,235.80728726115876
710.0699228297037,196.38352501333392,166.1776209572231,231.86577826856302
714.8867949828225,200.78193679456822,166.88699913328534,226.0280876158692
718.3180361361194,205.71754152081516,167.31171393972863,221.12354152397103
721.1355407306025,209.3571955513737,166.12373291085757,217.4895750976043
720.1535291434312,212.9129457683379,164.31068890075207,214.43204357007852
719.4652035213179,215.2804499281297,161.73083889948006,212.7372919891576
718.2560205846409,216.3280297540806,160.1410704077522,210.61762677976344
716.1225328897216,216.69385202695523,158.16422656083546,210.21572389079444
712.9332298949471,215.89219597672903,157.39334696231066,209.0584916911675
712.7322300935247,213.74886443561311,156.78877789488277,209.31342030684658
710.0303202745342,212.91002490245006,155.98629489004134,210.91809692300455
715.2585705048282,211.35639398663326,153.96569225660198,210.29611499929757
710.9224217589936,209.73013103392876,154.4258324988204,211.0579068043648
712.1520651054666,210.44016387893905,153.90375565046355,211.04376233512363
712.1250496415419,213.0798659484353,152.58788349069704,212.33498064028396
710.8134914895523,215.91329237008893,151.66906578130937,211.815185807078
711.5166815711355,220.0674006279237,151.17604287598624,209.95760329409404
711.1036297912169,224.63616319230178,151.0872162114046,206.418271333978
709.9620217065476,230.11056613761474,151.38278615862862,202.08495206520874
712.0271584485072,233.91076050831612,151.2719442657435,199.47717806989976
711.8458992658518,237.98272337463405,151.41368179649854,195.7642449405659
712.8553588345402,241.54128567246354,151.05295588975088,195.29147802618132
714.1886930304651,242.34808890111697,150.9113650793067,192.75978080816665
716.7482252943145,242.2479486605153,150.55124506302158,189.64665196090925
716.9578288381119,242.851464633524,149.67689386808473,189.76585197137382
719.5118968530624,243.97692333352526,149.6208503903689,189.61312464056988
719.735807006717,244.48834858531686,149.05982345062438,189.33644596907135
720.6908507483303,244.60713511101318,149.33466653037092,188.6330493269232
723.466173439614,245.16678355213077,148.69687486560755,188.91599510521053
723.0627298829806,247.53224966048379,148.28578517032605,188.34263420426987
723.0626941065578,251.04265294836193,149.09253817735333,186.49691269626263
721.1986941838102,254.39813577126498,150.06252930435815,185.65714332044553
719.8201733261276,258.9789961313457,151.6725376859449,186.46041130878018
721.4589310024351,261.16590892796705,154.21593564814918,183.69568295789287
722.1550015933157,263.41834027817936,154.88243160856942,182.0518010065985
722.374350382874,265.3946051639645,155.98363790861845,179.70269411520087
723.1576995488629,266.63194491863766,156.51570351935928,178.94643678030832
723.6801128896409,268.1353403842304,157.21455421550405,178.1763666495226
724.7836029925854,267.67369855698655,157.79942815275774,177.8191652700213
725.2411621628373,267.86506435227113,159.60884289330863,177.77255282460712
725.3770848305818,267.2561192725611,160.54178207033937,177.93748342267926
728.9491213199385,271.34711650703156,160.347561081372,176.19228180423272
729.01393156835,274.59933909552865,160.04362903607762,174.40093038486788
733.5338296389552,276.4617302427764,158.48015840679963,174.36175480843582
741.2320955741443,275.74824284446095,142.84731714218117,186.43140881954417
746.1376010809329,275.313064501711,132.13328532944382,193.2417183553859
750.2901859599629,276.53115910444876,127.59146581972075,195.95703175916336
754.5232367650754,277.520168401914,124.36973657735463,197.57418747682442
758.6553968501128,278.9015705176199,122.63209306209541,197.97395968240897
758.3825739369044,281.754627773503,132.8094622924429,186.59453679814527
761.8318230815087,281.236130890414,126.5816405922464,189.7469199113997
766.3464932338028,280.3602942119878,123.15327341693072,191.5598147188193
777.6096693421051,283.07675482913095,119.5837388272792,191.64425512546325
776.0111990359467,283.1674943378007,118.46090624242201,190.2557484344024
772.6148754630563,283.7276956514419,125.99239694842169,181.87755667214088
771.6365589838579,286.4860875762045,131.83330319745252,176.0021383805246
772.5389579361284,289.05756635147327,136.5867519054602,171.31215431497998
774.1219913497968,289.4236143463331,139.0041144146715,168.20179151388953
776.8327557128305,292.73194495078553,140.9572547636162,166.3233610102459
778.2875826947333,293.2303601089819,141.50416212679121,165.4894698847176
779.1494658061642,294.7321012630217,142.82009998832575,163.95050111690597
780.581123719471,294.5578510808239,143.90956989207413,162.55084755635957
783.4188037353389,297.6101853584547,145.5388382325307,161.04588278985537
785.0314084681237,297.9402685113359,145.66590199274532,162.12920563032563
785.8162407413953,297.432832592318,145.4063428892029,163.3233570639749
785.9523966581961,298.52864309925167,145.51281949702093,162.8921287159706
787.2683635326096,299.39309838036354,145.72287741117316,162.49278177145314
788.7550695188115,298.4816171273691,145.704684707568,162.565998312438
790.2222173140078,302.29282105610565,146.75378898518693,161.92516928186922
790.6071852920231,302.39798084241056,147.2446002234465,162.35938805221218
792.8800947008576,303.32332634463296,147.9334749329992,162.64122654491393
791.7988814961116,304.6103561973171,150.0486803189018,161.55214599222506
793.1025782401805,302.83703895620016,150.61058547959823,162.01945861319186
793.284112797715,305.4175407814446,152.1210614151502,161.10172154519208
795.1605442096075,303.43668384890793,152.27000399221387,161.52354130626145
793.0728674961081,303.8966353776049,152.51475391503175,161.39797486586042
795.1872595934874,301.60616630448726,153.2548370222139,161.60167950684666
796.7859421695932,303.60392818323345,153.66287743907873,161.76460206130503
796.8288619194828,303.36139686120765,152.2800142853154,162.27093111175859
797.9827691156039,303.12570047151024,152.53784654148038,162.0196855225469
797.5070710883441,303.6433945404861,151.97290520128567,161.57223956761288
798.7586575302894,301.76187507148353,151.95769170231335,162.20976614409156
800.0535971646018,302.11714204159557,151.4397371201202,162.20762309541942
798.5390537361092,303.1369638270093,151.33698041021105,161.55444185541015
797.9884654474761,303.1426333681469,151.19171443109587,161.32732390076416
799.1014757490917,301.35674394931317,150.954000350234,161.86380033784272
798.8054457015273,299.954331218611,150.80877161269842,161.87077685935142
799.5911587502545,300.28444239737803,151.23431604956863,162.30316414575347
799.9882840409799,298.63988687240425,150.54960563258845,163.32910543022862
799.9100383346392,295.6239522900256,150.06679157289597,164.53166417781057
801.1445374849253,296.9066875937156,149.68104713279743,165.357496394451
802.3290675651484,296.37904849994186,148.1208940043641,167.27706434258806
802.5449386611756,295.25499062365645,148.16318761181316,168.5357235011686
800.7730332842501,296.5389627300149,147.42341377093757,169.9355357982326
803.1164123438266,297.47891483287884,147.1157426230676,170.43288321756577
804.7053379791323,299.89540026030477,136.84254442481318,184.28183909000882
807.7398552779954,300.1407493219312,132.34879323525206,192.20045989070618
807.9307514978078,302.33755471969573,130.03570861938056,197.80566272432745
806.9365838170677,304.60461783418134,131.12918365361705,202.96790852752184
804.656007243772,304.4313880462384,132.4130891328958,205.1410257562626
802.7141134337294,305.0676004230669,141.09830459416762,198.67071358195125
799.672527021119,309.6474526905996,147.73174022818813,196.60191328272572
798.671658567019,311.2321235984973,151.9984412400869,193.70755779362486
795.4086023453403,314.080770072062,154.6634427577697,191.633691999129
795.0704311570846,318.20618947935134,157.4779293889655,190.4841357811385
794.6930426771839,319.81807875331026,152.7457473682066,196.82605871790093
794.9052378913552,318.50659501225596,149.69665877778507,200.7211202113162
793.279723981422,318.17839784661686,147.0963148325149,204.7206112756877
794.7466060697651,315.8681846527288,143.84359326742765,207.36478904152318
795.6124495705894,312.7469964181791,141.26669869379563,209.6226825070063
794.4443976800055,310.42437164074215,140.28186937140217,213.69995260688592
792.8560134964134,312.0609021645469,140.67395856416306,215.6086628376578
792.3762499707499,309.59430779890937,139.10831028246702,217.09875373911416
792.5431088295563,311.359396079067,138.42986931041207,218.96416843780156
791.6872726164773,308.69066923555454,136.70995904728468,218.80659839740946
790.552517177463,309.10675140292943,135.58505001678992,220.3163654057383
790.0220666009059,310.7981818482148,136.01304067986803,219.19344728517183
788.7995901667579,310.5899168051917,134.95119098926506,218.1706239051842
786.1438159248589,308.9070981856434,133.8781707818094,218.5519569545987
784.9842695792403,307.3765457775757,133.23514341689435,221.36823640757495
783.0888116969609,304.651666904635,132.58641293740402,222.7688961386247
779.1685649488383,304.63622642632004,132.63898309762018,224.9555156874025
779.6725984667806,296.68554751473556,131.83091570708774,226.94215678999046
780.2660515445783,301.44998766962044,130.93669649073203,232.29629497387307
777.9563474183952,301.5138375677274,131.48780115804567,230.98983870221045
776.3701675073365,301.4713481744982,131.2972676371913,230.49406904983374
773.9559321142533,304.7629156938941,131.50343064595293,230.48489908367378
774.9999252822663,299.2029318786675,131.05086320183355,231.23906013453717
772.7085659115247,305.43462298039947,131.60530645350974,230.99818731522845
770.6251573233017,304.40076430950785,132.02019077053495,229.0260777870471
772.5067625711774,308.7947106126708,132.1129985796082,227.09380461126315
769.8308921731157,304.53170108992435,132.6375327640985,226.54099293776196
768.8537224214151,308.0548341871939,132.17181711651395,226.1307898421304
766.4979333146189,307.575155234996,132.91668953100356,225.74656273218292
764.5021436868567,306.2755550998711,133.38616643057105,226.40622953037155
762.4570941462088,302.7729575420277,134.01245006119854,228.28858900991935
762.1166536986703,304.48538703166474,134.39659841137632,228.56438596784017
757.9878345897811,300.98207156194803,136.07672007336868,231.11132585960507
755.6700644431389,297.80953169095665,138.50686252233837,233.22544094094337
752.8147235512473,295.99420854538903,140.91174196084575,235.56645884558105
751.0406369901403,294.2262055376466,142.83339409173445,237.80008215347016
750.3390585599574,292.046008272999,144.69595401992748,239.53995394526223
750.8669922673686,289.933968090406,145.80987448886373,240.37313131438515
749.6185599263405,287.91012844509874,146.7703039244522,242.89464953036116
748.1716840138329,285.0915221903732,147.2419962134872,246.91063024545502
749.2622611433953,285.00258731130293,147.90813723863351,247.5342596874429
748.4548661764752,286.06211456383596,149.71374730019937,246.24011391574476
747.072598336838,285.01873819253035,150.34487252567746,246.53844824614754
745.9204864268639,285.1621733645249,151.67821261855184,246.21607933523288
745.6528533854103,283.80366635821736,153.48309518610137,245.48664502173705
746.5861042002991,282.5443334209174,153.88976092807337,245.4963566097618
748.5735468271923,281.9421897552087,153.56613223556639,244.4753534042987
749.083709895441,283.93013817073376,154.03992252458318,244.47981445860924
748.238976604504,283.808673290427,154.8547342173503,245.77791451684544
749.6365545637607,286.89275062917284,154.51979196003106,246.31454137164127
752.248326931572,288.07681434914673,154.096934060651,248.1612114284892
755.7093143543746,287.08289220006526,151.94710687053296,250.08998765406486
760.0147702581315,294.77205190008954,152.58048636856105,247.94211316215842
763.9343845090438,304.82162924862604,151.7279903496466,244.61127854870355
765.6088473350902,311.7578514126334,152.13386001043523,239.08549388102824
763.5453711233362,322.23539945172945,159.23042384026957,229.2534837784831
762.2675156183336,328.754738401585,164.58635605503252,219.8249445334809
760.4120099312393,332.80618764408996,167.3346981162673,211.91627329690124
755.2527664123095,338.91551755468186,169.742445255445,207.92010855475792
751.9653438641539,335.82450751220284,169.35901741779645,203.82414402057532
749.5758124949427,336.75658948372904,168.33046153820723,201.09010351397382
744.362866785079,339.63239125383836,167.71366935655522,198.20088691566497
739.1888028190576,341.9372889845749,166.41138186806563,195.70201379077037
737.5815395397109,343.30819307736425,164.83214335870503,193.79757391468942
733.4188115420633,342.31560383059434,161.65646829626107,195.91378465160034
730.9862625524147,338.21285342270096,159.96291959663367,198.0026878149517
729.958163614542,337.2616749089463,158.89633476516474,197.87896709511608
731.3645702638682,338.90718681451233,157.50916562582907,197.8525063676327
732.2157554163392,337.58788904473226,155.6271888981052,196.63221709579145
732.3014470478364,339.65808346898376,155.63590792383383,195.0924149000442
736.4532635656726,351.1865777149912,156.30652282059557,193.95148399469932
737.888591538595,356.63630445893637,158.1946859779917,190.24840253897446
735.2008173035191,362.46342869072157,159.64822688741364,187.27345056893438
731.4485151604439,362.80222304261247,160.0129462248335,186.47523045348083
729.5681136912316,364.12975924997534,160.06362109433422,186.3757210117776
723.955895789596,361.0547805524323,160.0881209845194,186.28984809985684
727.5133692806696,363.40479293522066,160.10970011016028,186.25483283287636
725.5199586930912,365.6473310002999,160.14193287207848,186.18718471938047
723.7346560252275,370.5986032221508,160.17585202578388,186.10854145213128
721.4168385994642,372.595705849116,160.19709698091762,186.06764168106534
713.812508596108,378.7747964621183,160.2568941488849,185.99575539219455
662.3428036429069,386.9218476337809,169.57388279063863,177.9854655717575
666.6798269713807,372.48181157633957,174.7512317406857,173.46034435778265
653.7861327260337,386.2679875623216,186.03091740392617,162.82359075923173
630.3315969135751,394.79103082864833,192.56613343802303,155.8551972121129
630.117676105267,403.4399630229924,193.90184421481445,154.71190817132518
629.79970803166,401.0627188540891,195.6159188326782,153.11907404514255
627.5088965895312,381.33772993836794,195.44839430177458,153.13173879675077
609.0292491434931,382.07462937918524,195.29157362378265,153.21232080882353
607.4773019127513,378.4833581051222,194.94678839967364,153.41390537202528
609.7409990708854,376.3536319515073,194.79855162658765,153.50326414287815
633.249174574403,368.2431692787778,194.44916991886888,153.7662360352731
639.2714954792,355.8347821617922,194.18274733229737,154.03819329841917
652.8501875248138,348.4856310846451,193.26062897288134,155.158691840958
644.3970353284803,344.82817737488415,191.7534239966517,157.0765412503785
631.5188783572023,341.1113794226561,191.17561432775747,157.54793365217967
595.2021073798419,355.6085034543447,189.66369424634559,158.91414205547724
577.3460449532258,359.63513486935597,188.8474263078297,159.71618298979791
585.2050850664602,352.0827323377496,188.54953689251815,160.01901375644087
572.5259158329204,344.70415943311843,188.0878756647736,160.48272828365972
556.5718101854252,353.1245341610127,187.60075462333825,161.02508696690924
559.0729802947565,340.0049172030104,187.44350813178752,161.2300458279823
556.6400245626867,335.7554279841439,186.98788353177898,161.65741953701652
547.4464016853992,337.8326417319048,186.7438922563247,161.89872015276177
543.4392426151528,352.5714117958786,186.38979456429809,162.65507055826157
548.990198384777,370.91790426646276,186.12076209151678,162.85335148623375
536.5288834189256,367.24281830760634,186.0904463139911,163.06910491639778
524.199198961216,363.7263663409836,185.99196458243782,163.38769057419168
511.72599465614576,356.037247669948,185.70864640119638,164.07527125427555
489.4437315231147,350.8557315759616,185.34344320558847,164.48898169542215
467.8997471384504,345.5492250901236,184.77629494000502,165.09336772923191
446.4996783316552,340.4288807926193,183.62868246204266,165.8319372599095
442.3869448009216,339.16265567820415,182.68139618946446,166.2365758184364
438.81831172345323,337.7703469375638,182.15480917591367,166.35945657295633
461.4069823000676,353.35973478641415,181.2569365590618,167.532106046154
454.8253095107318,393.7039613409167,185.30783630643467,163.66768095228562
451.72855915031636,390.47774512858734,188.49144384832576,161.06198883470802
445.7324708797494,389.7198747549478,191.2593018851261,159.39137709060827
451.0069434924632,361.0608063227513,190.46876711349486,160.84658365714972
455.88746135905023,368.2968794975509,190.19049467072617,161.85849854870048
437.30444394880743,358.2024655787343,187.71728541162193,165.62239581382394
423.0067184430627,404.10524848601693,192.57420340309184,160.88165696459063
425.06545288762055,365.44089693999524,191.67915878269866,162.76130152391926
401.03439994253955,358.48629468764284,186.1434939819427,169.5983348173813
396.8127787809572,355.76980054678097,183.1210399702685,173.97740378376687
415.6548534837258,352.7659161330594,181.867161713413,176.67089925381867
387.4300278262545,351.8761184483242,180.80903104593366,178.14060947905546
382.18000129843756,352.38597113195146,180.25684563721205,179.20720782273835
402.1425607496662,350.5647856210826,179.86751622450095,181.2346546520475
399.17106679927895,349.129826518129,180.21457307211378,182.62512465868264
394.7558816126132,347.85797863597065,180.653244608165,183.3655251682919
365.8669395316539,346.2674025295388,180.10912254449778,184.49536398088713
379.89094581211566,344.04014996525,179.44818540776856,186.55231804974176
369.5813821191906,344.3224237409844,179.2461534308256,187.14830476093016
387.1623656315131,343.0302557814443,180.06883224968644,187.43358081215152
380.4906377374927,350.31228824645785,181.1491893209915,187.95652435838164
401.07926308314916,346.8022894522346,183.09476043753983,188.91850660030104
398.6407951442835,346.1155929432807,184.62538093136,189.19418435961052
391.125309283379,368.53905030404326,193.51260532345717,182.89315281679634
394.26941793975766,352.6517742781371,194.344159014423,183.79219560652368
412.70078890522063,347.1517615863602,194.0712417600107,184.43418113412056
411.8027100558825,354.62567091068235,194.47311211089334,184.6158314033229
406.90262905474617,350.3714084433602,195.7300307049629,184.96208865303066
407.30589029144176,346.04496657258926,197.0928116487775,186.24693421708236
406.6869097789753,345.57415462006077,198.12081042490826,187.1688849106393
405.92388197035496,345.0834770525519,198.47452326489682,187.68076203452566
404.9900276971317,346.00792373208185,198.5876407039748,187.93823769402047
403.4144295093158,347.3989665812171,198.7199343009811,188.2488717890697
399.9788348260986,346.79927434554236,198.7965660960044,188.43380487587484
418.1708665516341,347.5630993944036,198.91510426846855,188.6340698267515
439.501884936391,347.90672367729826,198.98131228044895,188.98169593862036
433.38917852289205,348.52804508370866,198.95981691958056,189.1422648386367
428.66230386610545,346.3190277697382,198.89321959161325,189.36269528719532
447.0388377387395,347.4628042980432,198.849105703767,189.56902393300848
439.82634241423375,346.9404212135379,198.889609200679,189.61511189462158
437.9847445683201,344.55932408153666,198.9049822930953,189.6268832040647
438.1068540158296,340.9928876403069,198.92063830819242,189.63114499872523
440.754014511421,339.4181806534915,198.9304106779104,189.6395355749102
445.2308283584538,336.25762583075004,198.93541354567358,189.64099457036875
452.0016588535494,336.55715575043314,198.93970249139548,189.64355176925255
456.9616907312414,337.50245595665376,198.94231482243717,189.64485058490732
462.9666614010632,336.1497271055799,198.94598241528863,189.6471267818518
468.92234084828203,338.51923863728894,198.94737185764305,189.6474683424572
474.4630201965915,338.1184233454014,198.94881211884882,189.64820651356965
479.9699080615202,338.191507453509,198.94935008680636,189.6495591971271
487.0867354541898,337.2419398947862,198.94940463679427,189.6508544107413
493.94004998515084,337.88986073038814,198.94930805320476,189.65190705144227
499.2767011626189,338.2151559800082,198.9491672049214,189.65273231748768
504.81175905841087,337.43739638816146,198.94929906348398,189.65310409174202
510.53482190977843,339.5479664633964,198.94915343277037,189.65352966469143
517.176050798169,340.2146834196899,198.94916254441696,189.65371057830677
523.4898217378209,341.0137575843951,198.94908305219812,189.6539653450955
528.2732346776237,341.4368488568549,198.94880647373995,189.65431389329635
533.5528148110661,343.142671389067,198.94818941211645,189.65463205328317
538.4666168050394,344.6842148994834,198.9460124795286,189.65538158793137
540.5874146723733,344.78272985457704,198.94365977540897,189.65564115950318
541.9097090992025,346.5305580139655,198.94178208431782,189.65577746806082
542.5110338036259,346.3609409205551,198.93675199443308,189.65566450097953
539.7417831936385,345.9763185412808,198.92884837584575,189.65527370139978
536.659268375953,345.9631986005303,198.91494772862399,189.65615089944072
533.1986381303584,346.4342234558605,198.8982084944713,189.6574354106202
529.0240571361876,346.28352718778143,198.8169734491216,189.68087915002926
530.3852440625018,338.7287805625683,197.43868803166632,190.1489777852821
526.0140497825289,342.20484573598947,195.56055218517895,191.92885637246087
523.6227602746613,333.538390223154,193.53659786427474,193.06165791632014
519.8392029335487,338.11018580147623,191.62683724132424,195.2207820611894
509.2717886566306,337.0276931343386,190.21537062914476,197.52598161515397
500.58869954640545,337.18171332120187,189.88682190562528,198.1966527868949
493.91224051397995,338.50734308822797,189.33307989052025,199.3357434515884
482.0740454668867,339.1751937418139,188.6515846239891,200.22176021730772
469.65680862842424,340.1084766716732,188.35999590772542,200.47699883337347
446.4429685174988,333.5273735274449,188.18251255535756,200.71798624975972
437.8811738805972,339.30308980379385,188.1766767803326,200.70467682786025
429.3595265663795,339.5754689116968,188.17031549446136,200.664006298593
423.3170632887901,341.66194362851667,188.1447827219424,200.6026153023007
416.0401748714099,343.2892792856536,188.1187332017224,200.53906175154606
391.97427162389437,334.486882722059,188.22503463083544,200.08491208393554
393.1941571391279,340.28393240878484,188.26475435735682,199.56749384756876
392.0714332028361,343.7133286839084,188.25287586542333,199.23811118272818
391.8954144367926,344.5675384003123,188.22443686314372,199.02333050381134
389.9264154347163,346.31932015832797,188.17312221852302,198.795805634478
387.2524793852307,347.74386480522344,188.27556337114427,198.16018513074138
383.9328452548972,348.44122741059533,188.32072495761687,197.12455769879475
359.38366436601814,347.8365539918089,188.77363232863672,196.43495300591113
360.0527697241165,349.3856122091689,189.3461624647959,195.46826266715354
361.5110235903524,349.82480023567996,189.94527496395258,194.2926223063942
358.745900729994,350.9124842630548,190.71677978272243,193.2715430204128
357.3922521131226,351.1588680034348,191.09090541040126,192.37855380441377
357.192765890219,351.59274043005314,191.52405718235534,191.67431879691068
351.51312700054007,353.85369201761756,191.982039299787,191.01853452971034
346.3570153337828,355.7086031701877,192.73098443505938,190.39565728148534
339.62688433474494,355.42622576425697,193.34597627627463,189.75649852389643
326.9965657321187,356.0818743034405,193.63620790291378,189.5371923932528
342.2175913616133,356.37863260839504,193.88144492822644,189.29648199386156
332.4878556925362,356.8215345021408,194.02835332387582,189.1379097685076
320.78756434651007,357.44969772353176,194.14929963287133,189.0344091580927
334.3377635568843,358.36845071998493,194.2829576849012,188.8725585301765
322.36844036212665,357.6270481838419,194.33656188386476,188.8174289415511
332.64058057517843,358.50847287170643,194.4264214724096,188.67868251591807
345.5374337436423,359.48508544592465,194.45400610533054,188.53560536819887
333.7870748061768,357.68385213517735,194.47014298660918,188.505554890313
346.55729707264413,359.3464297131597,194.47886608673113,188.3652950113716
333.31938008069153,357.6611227259343,194.4899078190495,188.33731389114158
327.4317940094919,359.8706971997046,194.53226517263028,188.27681562795772
321.78531325305744,358.16603729555686,194.54153909394648,188.26653614159065
318.5016139008293,358.56797109982443,194.5533385857564,188.25637787076687
313.20000594399175,364.4500325477667,194.56550435142114,188.24639487508992
313.78442865597697,364.8362319702224,194.57432356501639,188.23970191368144
318.5190821489432,364.76485769624844,194.5807617801947,188.23464801931712
318.4672434104683,364.5347438943774,194.58904950356438,188.22865646607863
319.7966845846566,365.23173655346426,194.59640260211782,188.22374583109433
320.11379413914074,365.52727640438945,194.60162891722945,188.22043766416374
321.53435207425434,365.4667473732923,194.60579226376848,188.21774036074785
322.43658956633226,370.0762086571874,194.61724395064084,188.20908199889024
327.18959493598936,371.0353992081664,194.62704227046964,188.2021353089349
333.18904342015486,370.8638196996277,194.63445957978763,188.19700820392856
339.0031429884137,370.268958601906,194.6428170686362,188.19157704377355
346.33867450056925,369.63458794724977,194.65141484144422,188.1860288642936
351.37122290939993,363.83080043734344,194.65977383432974,188.18207453382544
356.42677163300806,367.7345574919644,194.67279423837076,188.17404992272205
363.7896551157908,369.5484819291861,194.68030363999273,188.1693041900633
370.82977940109544,372.1866354978258,194.68549475139034,188.16594007265078
379.2116545302657,371.8881061970399,194.68770518640923,188.16448721677932
385.38180347987475,373.2769046203251,194.69196409566283,188.16156550105308
391.2726944958874,374.81248143342606,194.6962118793114,188.15873214920418
399.9634639789202,374.31495502905926,194.70055433719597,188.15584102015927
407.4924101151656,373.6070018602212,194.7056665584184,188.1525530171295
413.95772538611874,372.84544559602983,194.71449677090678,188.14683275227648
420.2507263567609,372.5285900973596,194.72518786856287,188.13995010166016
426.75298255775806,371.857906129262,194.7341661434484,188.13416067873212
433.2030722068297,371.05529477511857,194.7481246855762,188.12535588686643
440.59147668693964,370.9396730379519,194.7573855953514,188.1196703170723
448.2863705308812,370.6053122777516,194.77000555364745,188.11168033778185
453.7031623198436,370.046621603647,194.77574692689456,188.1079996456621
458.1416623627016,370.6852829061859,194.78520619176444,188.1018315634801
463.8968050666091,370.05559351657575,194.79039224238448,188.09848534708726
469.19577262231195,371.6256915352488,194.79354946954084,188.096413537265
473.8609558059014,371.15773335151255,194.79779594873634,188.09355579585082
480.0672728846132,372.08158972444915,194.8031648735882,188.08998703667953
484.53287834338977,371.2814398444641,194.80829428806635,188.08651260670058
487.208486636262,370.1803949857464,194.81361885909058,188.08294388831447
493.75790112658456,364.62686617462066,194.81703425558186,188.08105375665966
497.56300791323315,362.9216607939735,194.82137556433415,188.07864441716964
501.0852292133744,362.5334188762662,194.82682443591446,188.0756914258784
503.53950033953856,361.6871915085088,194.8334352101669,188.07206499989414
504.3772969415085,361.26470180275453,194.8383937735763,188.06936628649808
506.82530009350836,361.02769827986634,194.84336889581562,188.06649781848242
508.5007705656551,361.2068360802414,194.84788597268604,188.0638870670136
512.3020940241215,360.160070495441,194.85117081463386,188.06202290999994
514.2379065795284,359.7388123110211,194.85352837174312,188.06067841420048
516.24644421497,359.0545378836086,194.8573838679193,188.05846968922205
517.3480974318633,359.3679371114806,194.86184897382086,188.05590972453643
520.8056643703145,360.42552651149373,194.86622021624194,188.05321013441008
526.420098916643,361.06093362160715,194.86849030662947,188.05177612601335
535.4939400936432,361.69642379738366,194.87249366735057,188.04924973011063
540.0926365991402,360.72209188251975,194.8795197924042,188.04453524009816
540.4150150494072,362.20103638717643,194.8850535598808,188.04072371300833
542.267638265831,362.13605914614595,194.8924731617318,188.03526895911506
542.9577717838289,361.2261120400801,194.89571313905682,188.0326810621768
546.0806624361646,361.1440705990326,194.89852564160583,188.03040274644263
545.2483185208382,361.87205241582734,194.90112126339642,188.02819067687903
543.7523313756793,360.89143663328036,194.90356713612684,188.02609578781036
543.5810257487383,359.298827444085,194.90504574917043,188.02482625306936
541.080335557707,359.82343349973115,194.907942950233,188.02258796627814
538.3457606123145,359.0529623056285,194.9108028439173,188.02020135401042
539.932159916086,360.17665345424814,194.91312864318886,188.01826907660762
540.5056871485589,358.1457278299549,194.91617667439027,188.01577258120594
535.6954279991184,358.8475188404451,194.9184088404589,188.01384861839213
529.9401904420114,359.35619998307584,194.9199623314428,188.01256230187306
526.4448635206043,359.1704383604169,194.92306734613203,188.01000313089492
522.7229544020333,359.65379920550066,194.9258374379798,188.00767201661316
528.7669039979951,351.7933654368085,194.9259023039785,188.00745591294523
532.2317032531203,348.5655875187964,194.92605614358177,188.0070223881601
535.2586878592566,347.4846886168743,194.9257601986736,188.00710063138112
539.9683703089074,345.85025192840556,194.9254302572577,188.0069799153773
545.9248040879971,345.78463741499706,194.9221229026305,188.00621329404862
550.1339885340257,343.26016331434784,194.91722332514865,188.00673963560587
570.506959783712,341.38610627088264,194.46946808163526,188.19679832168788
565.5696055571971,340.7035516800314,194.39089417840304,188.23205349185469
561.2925145430562,339.3450775087007,194.20195219850598,188.3333385444924
572.7874269100923,337.2918517218592,193.5959260636768,188.6236995343741
562.2443584623046,335.0641232455872,193.28735241848076,188.78988322489403
573.7258957226383,336.04172371332925,192.62570192430283,189.10004645948453
561.3323368987054,334.50907049686253,192.12947339602093,189.37783462955477
551.1481108474,332.6690672710133,191.72249291196212,189.60731174432385
562.7117148619889,331.09939116027147,190.89886612057722,190.0485700746638
572.7871313913101,330.5726269781544,189.53851844401467,190.8017583526762
561.3680784366383,328.86417479345107,188.3139622287246,191.3982660603244
576.5495830441893,337.5975553821045,186.53908396455043,192.4086510316992
564.4010805090552,330.61237115849883,185.7806233365763,192.7608601847822
579.0153388115707,335.3959905625264,181.9701193505638,194.8377539908628
569.9721809928919,336.4416735279581,180.83419453992346,195.4703877986926
558.9248074159071,325.25009743600395,179.38521763383432,196.2011008651692
573.845236851312,321.6239615115964,171.3903155653927,199.5285556287182
568.0449272539788,317.5468097164952,162.97267952629466,202.91622570833098
585.8770282555967,326.3112082590677,156.7057000419797,206.43272433851803
578.9106562474803,324.59841464524663,152.14854728392044,209.04896620158962
591.5139651083986,328.0865241924855,150.7131373715321,209.6737650590771
583.0272309833588,324.89492429374957,148.19028298977594,210.8090090574463
574.2057094536128,310.62862631435365,146.59517640632328,211.33613474035917
590.4095041493874,318.80921711866654,141.4628002563514,213.85811086183588
582.9504877915568,318.1217362503047,138.0979369301423,215.5873444574902
596.4599541490218,317.4696478529749,135.1832103004176,216.5366889307444
589.113194799109,317.143061883414,131.41671656433007,217.86015598915174
603.4325121164563,316.520486760199,127.35449222321444,219.1397324218155
598.8931038210926,311.41034443770053,123.73029062546547,219.86566949448581
611.5639460240346,310.2711297112448,120.97226253061646,220.91900391375168
606.0570535845461,307.3523951128659,119.94815411430555,221.3065443499808
598.3614144084504,295.9351636432988,120.20354436682652,221.04300199431526
609.8407233405843,290.769821333718,120.2959805034131,220.67074281159694
604.3270013750828,288.1632367639428,120.43911180471645,220.6211775380005
622.6463478917506,298.5444358342299,119.98266593324627,221.09652277511177
619.1555710604662,292.95463372256387,119.854597594167,221.41646017410298
641.1671548895183,302.9537891193262,119.45494601882649,221.7910551117796
641.1282151665624,298.85710046986105,119.28292427433809,222.0278388972211
665.3772786219282,308.80006498461,118.84753387483683,222.54339721818707
669.8605997060528,304.0788767613564,118.73604860508644,222.70787106154475
687.8393789315699,306.9345148450643,118.40105637719677,223.18809508104914
692.7636941925789,304.1199395173797,118.23296689369192,223.4639818814379
714.92605926704,303.1982690776984,117.95357442177152,223.98633398650088
734.5836822842222,304.0869527006863,117.83651335444831,224.24174118891986
736.9389543216627,305.21395019690004,117.59711252526417,224.53068395207708
739.525958703071,301.4220826394934,117.48258395272484,224.65315064190256
744.4739933040338,298.11312578240967,117.37111596234699,224.77724702666328
750.4295685171489,292.58128131266596,117.32170278739845,224.83261611141438
755.2668017197298,283.89514161791124,117.30083135293985,224.8667836234824
758.942929505794,279.65191522633995,117.2878458957101,224.89538690406152
761.6992670508924,273.336602361204,117.27911377197434,224.91307947545897
764.5021540921274,262.7372296527221,117.28994687868297,224.90572442855554
763.1830877773947,259.2583537708174,117.28762473901394,224.91191188038374
761.385476565558,258.8623049138082,117.28452381750303,224.92071950622545
759.8900572787371,258.3780940247339,117.28116716828995,224.92830690040944
757.9613074225163,261.8885541351211,117.27863456070908,224.93522634027948
756.3949257095073,267.42102912437826,117.27770691426304,224.93731299048846
745.1362657855182,268.400979236219,117.29214094375988,224.92491704880462
740.0239065201413,279.1403334182445,117.28913921389346,224.9309785059206
733.2493883649781,294.8695055925589,117.30552743767191,224.91204150592466
728.8166397300349,312.182798940678,117.327827838662,224.8832789063661
725.7546423969894,317.2010915146746,117.34727977251427,224.85433650434462
722.2581918088575,317.78693679699074,117.36256559233261,224.82967247856118
722.3389733757365,318.38099668052405,117.37846071505777,224.80497887230692
716.1367186362028,318.11596816216337,117.38291430881038,224.79608343920256
712.9620535239143,319.2231320177053,117.38882498153784,224.78652462422153
708.8486689265567,317.7020709074953,117.39670875450018,224.77371925713246
703.7938484010715,317.4139325785751,117.40260625230897,224.76615274337627
698.8794760450369,315.6899175414046,117.40808493502031,224.75746103503292
693.6617652759817,315.99819950618377,117.4141241489119,224.7481159074499
689.963660374775,315.0089840621277,117.41408799490435,224.74765554209065
684.4498449269647,315.4922025110765,117.41788561568369,224.7430486641439
679.368396001788,316.8685134199807,117.4176298176605,224.74320513803792
674.8209733656217,317.21129141556366,117.41740997311072,224.74266941483535
668.2452147890976,316.9319775887987,117.41647465728695,224.74131911969957
662.0841438799952,317.1020312428148,117.41507006588498,224.7402774826345
656.1316405019093,317.4241858606678,117.41366279007441,224.74000001000528
650.9451729623977,319.24021170698154,117.41356148451494,224.73815466388967
645.4277429978217,319.78061474044154,117.41327946878158,224.7364006876145
640.3417506548716,317.71484048006346,117.41196627260173,224.7324463931241
635.4035210143592,315.7322079870246,117.41125785190546,224.7299272128658
630.8589631375542,315.88175042487956,117.4106481111308,224.72810464813756
626.8734957024437,315.46987816304545,117.40995240807892,224.7243597957376
622.6848070719586,317.5253056592446,117.40959739213261,224.7221354605353
617.7883402627092,317.21694958463945,117.40874210071937,224.72119966386478
612.7433441427027,318.97866006761564,117.40792356497566,224.7198872527525
607.4731664179355,318.934818214138,117.40729581443648,224.7194050059525
603.0613888235199,318.8312706012305,117.40648348007441,224.7185102559574
