444.5,107.5,35,34
443.2301867392089,106.78275313588858,35.45395640801877,33.450921066346154
444.6601245813656,106.8443238463258,35.90757779020299,33.27767458781494
445.1777376495761,107.86937700795907,35.72707570335025,33.35661446625434
446.33803146294974,106.48446601940552,35.522149936115255,33.52623412135522
447.64462916263903,107.78407480538698,35.51839128714869,33.561873011870944
448.650501952071,106.73010888591477,35.81530383130108,33.59143499493462
448.64231593901013,107.17671530096955,35.87600174185442,33.32550514192926
449.58426372367734,107.93540884057538,36.190477821308534,33.36327250550477
450.940329763446,108.19178031149508,36.59394084408127,33.43228603625294
451.7230038484764,107.93223807039985,36.400307742837676,33.18339536690456
453.10981267182115,108.0369871633331,36.33480281282304,33.263211957697095
453.3225674637249,108.32429064594199,36.406323218973256,33.12143028959654
454.5490276999311,108.52589498559527,36.26459907377033,33.19195011804713
455.1127830031156,107.73809072754537,36.30470447711352,33.1481036542504
456.07018827342023,107.79141965699839,36.46986834942243,33.21187991266159
456.4129972825625,107.20269069547653,36.33656252643895,32.97385805646181
456.7415123762682,106.78119760170708,36.60458092873393,32.958323199746424
457.18338262751524,106.31121946113495,36.74365577295768,33.09336405272903
457.8273002659755,106.4499297237581,36.97658150906814,33.191555756591555
458.4461189172867,105.92002871281619,37.04103139421282,33.28725151674518
458.3117604773754,105.52085518530822,37.0305519222688,33.30407450960446
458.5850830876577,106.59308546112084,37.01840944637887,33.43227469024852
459.0060644539882,106.97496284011224,36.94834635427815,33.40518464469475
459.34393166345063,106.60551527826277,36.83444561502925,33.32317712280575
458.69302061744344,107.49211839976883,36.703332826787,33.26081229710626
458.2180183700015,106.61400694379378,36.757620356472344,33.190299354907495
458.32942772115257,106.60397663649331,36.969263754437634,33.17276609070279
457.77072502900614,107.13398280514913,36.815261534513,33.12796903106298
456.9207577548448,106.92512430501002,37.10841667438079,33.09766205644572
457.442485749915,107.03917233075825,36.94082507079878,33.21739174075667
456.7815851512787,106.70961340800635,36.65472827116906,33.2698832544543
455.65870946130997,106.81096693349977,36.70769987167223,33.168512570895764
454.62252769541624,106.88208878544646,36.528289092394076,33.154180479393865
454.6294228002715,106.97505129531885,36.522013807891405,33.222619652134895
453.91288439762087,107.37776730263138,36.52349838716427,33.21120727700183
452.4874020413765,107.9979842763966,36.57336856764002,33.354092707370604
452.4575692369253,107.85510918434449,36.47051265032509,33.323120111008734
451.74817314418243,107.71830484978098,36.50102015258321,33.21779356227838
451.1335072769852,107.62383375046545,36.80248834871244,33.07017497513904
449.93445685392487,107.64940201055597,37.01702906185278,33.110515148707414
450.2349339079158,108.36699464522272,36.573179043727166,32.99997516021194
448.9392647678807,108.68222058486514,36.62103144389926,32.810493642159855
448.5927501804244,108.42980123659093,36.73332904809113,32.81759227861724
448.5074066414543,108.98472749705184,36.607180375689964,32.92809312263988
448.0404207702831,108.55131553337993,36.27168941337378,33.10256988106128
447.87485721013155,108.89885393956199,36.067750048271904,33.34018255663127
447.6624184245168,108.12557494616686,35.8650072801079,33.40524552064778
447.53817667956906,108.91127802719005,35.86587751879404,33.35033470562443
448.3116786934943,108.70941810214629,35.95445963348358,33.23985309344313
449.0368691372094,109.82974555599813,36.11282348653947,33.283818947610754
449.39487278031885,109.78938910456674,36.526467150752396,33.30881790261115
450.55288636841175,109.3364304782525,36.56158977200618,33.34288746608789
452.38937473213184,108.9473549858842,36.722347080058,33.525634243118034
453.8001901998669,109.1290326123108,36.57276566698771,33.594906876798575
456.1128776466556,109.32402737642012,36.578831889743384,33.55104795809226
458.88281143160634,109.52175479124476,36.698264647142906,33.80206266188643
460.40087101601875,109.265349207619,36.48382244784622,33.727832570325994
463.57218353222123,109.87278329724421,36.5654327593744,33.90117754872938
467.3157979197401,109.13833534079541,36.65246803386669,33.986957216357204
472.2768345260259,108.50344199808609,36.78588150037224,34.18250083308077
478.92748993202497,108.39292890640917,37.323998636372124,34.63153191903585
488.4732999249037,108.91130372000725,37.53233592600534,35.21682327885445
497.20193085900485,112.71508883293339,37.455447058901655,35.77491009645923
505.47935341779566,118.68679132671053,37.62279661295082,36.116234112811185
511.1343724094099,125.82629008398897,37.46743125240311,36.285779193163975
514.4115261002638,130.8966207727093,37.634119773710324,36.12562375902169
517.3219226382487,134.62239680792152,37.654611926469855,35.906565566008084
519.5655802188699,135.81696097395178,37.48387849130181,35.499185814880185
521.2226138868599,135.93540299239777,37.35221257400757,35.54245570817547
522.8960381458642,137.4889390805099,37.17640149153057,35.71251938095022
524.1772158500805,137.76768137950577,37.11265252650317,35.70207315928978
526.5374598104385,140.55265500807286,36.84747018211179,36.03671460149647
529.3379941734414,142.7026007312965,37.311803487050646,36.09647948897247
531.7114154501016,144.29285893709948,37.48776481251441,35.967566633045834
534.5472466733669,145.97968647167517,37.7265413804187,35.89295974924303
536.0359443686478,146.7675120410186,37.550577168903416,35.79664260732892
537.8305839804447,146.68174032681844,37.57756300382717,35.97327311101857
539.5556173456521,148.10570599020798,37.43543079604123,35.912705551863354
540.7572212132022,148.13027909784964,37.15561230502033,35.83204315341236
541.8033863372543,148.03887511508944,36.948732896912546,35.706443424831456
542.4491429072623,148.46721284730108,36.86302219753988,35.66564194093033
544.2897519060069,147.4808688774438,37.28113844001049,36.0103939942618
544.8062127043268,148.7121537945342,37.47413620925368,36.02317120216473
545.6428137947291,148.28247293819675,37.68104071599467,36.09659274455156
546.0996753151993,147.78559257130547,38.01809778064513,36.27659069432988
546.5056989997249,148.2176471822539,38.276104465854125,36.4233757709865
547.4373922723018,148.03625231270152,38.374961239258006,36.383029495152904
548.5776685250814,147.71454634957058,38.616200430247204,36.56379088392393
549.7261854291129,148.42796671282272,38.61170478823057,36.6172888500848
551.0993733415951,147.60326688100866,38.956621106134264,37.122243809657114
551.8147956836938,147.79754178764298,39.11733046761392,36.93148442538453
553.7567965403227,147.75508360719795,39.260825092246705,37.24756226145621
554.3389746110871,146.86564586990642,39.13962366720967,37.49162612009535
555.5035978276788,146.5148312217496,39.323517435594766,37.82236345793388
556.1511268978597,146.03691569704884,39.30156730075671,38.152570565913905
556.8877161360266,144.37322915325868,39.50288022991014,38.40636315003047
556.9721574057229,144.70449542176073,39.930140459377235,38.722916416058304
557.1154592891796,143.32459930480584,40.348935788475956,38.91426106009379
556.9535502755346,143.12174033887834,40.550403778668226,39.05044628163502
555.8218107267747,143.19999937302327,40.87431972101348,39.00918299548536
554.8000844914002,142.69575701819812,41.174615520238596,39.59176033170737
553.9284342787819,141.6378099814532,41.298815255587165,39.99569873865514
552.1408883723409,140.90758062562162,41.48193595717158,40.23608792269226
550.8299785485489,140.25220249151627,41.54134620381566,40.28884238655116
548.6746802369025,140.73498617777958,42.00938253581796,40.430675073724565
545.8704167275129,141.44770791094518,42.41765845214999,40.383241165117326
542.2620359168781,141.74232498119477,42.614977038293674,40.305267653318424
538.511108371156,142.42903277687768,43.07700430609902,40.32584663173104
533.8584031360323,143.12564122241264,43.114308315775034,40.69835773748732
530.380328408606,142.39205405803338,41.80092365960469,40.0267772215803
523.3174390721779,141.43546280262035,42.63936789032239,37.01867648731971
516.6841204035268,142.81345592847876,43.67006047969973,33.600120235908015
507.15354580805143,144.79451215706962,42.41619578515232,31.998573202691794
498.14426364239176,147.49875244477334,42.70522596730177,30.502744404551784
485.3981496952648,149.8878898128491,42.82924974473434,29.530898816120594
471.9931475661712,157.03618405053783,42.446665196769274,29.651784133772914
463.96398367380675,159.20920280277656,41.70811225945227,29.888810708580124
460.8947595837094,160.6472024097626,41.57326456028294,29.958356214304132
462.6527434837478,160.39090751301796,41.567100532178735,29.967250579421957
462.8164925099591,160.74554489558315,41.56761148911747,29.969268438765152
501.78766218206255,131.60709936186072,38.871343006726946,30.46466155088775
489.9423387746858,131.54550502044373,36.990563429878875,31.02727501671314
471.6706731250954,132.73755172912038,36.32401008550508,29.880173958521198
455.3442722612337,138.33989110118628,36.67788832079677,29.430298871921128
445.37319774206446,146.51080196944204,37.509458822147934,30.08305835794379
443.17133113627716,151.4603883999787,37.95774555201781,31.347634238020362
441.8105874114613,153.73135494261052,38.04729454416049,31.89471949763591
436.7421191952165,155.78979846976003,38.38930433327854,32.201617652992645
428.7776256393542,161.13510419573035,39.019215364680875,32.57231315448217
423.17706508269504,163.3650040530769,39.5523629596277,32.768591778412166
418.3822958322405,165.3680136750799,40.05316397274376,33.08935428413145
416.99591767047644,163.89958306994583,40.533002567847845,33.2227782614284
413.340297781543,165.6575525354465,40.709468137645885,33.61895633482158
412.8677521919858,163.49900105308637,41.15297198546526,33.928990188671484
408.9580122070846,164.34580887826013,41.430717259833024,34.46616729917301
407.75450731300776,161.6569990677837,41.85490486819238,34.708388055379785
407.3968387353631,159.8957301989945,42.03890988828135,35.08741855075537
404.1566418722258,158.72324002844402,42.681961352287715,35.65650222342221
403.80936607742086,155.56317833486005,42.718999502242376,36.186752010584044
400.2393431404089,153.89054261963017,43.0480631489408,36.71515847369762
401.5819595955873,150.9539700915824,42.91767795586913,37.22009845929754
401.7104381894877,147.92157470099036,42.59133343646337,37.37387563727118
397.8793883012508,146.02352717436997,41.88920019596951,37.907999216818084
396.207287344334,142.848075585758,42.03559265202411,38.18207915948395
390.66028842393064,139.0745776550794,42.46238754330699,39.06227118401861
386.97796425859934,134.88854671002008,42.61498972757671,40.075844991251515
382.8495164413889,128.5958452843729,42.55705648931692,40.37260495924508
377.30647118368677,125.77354563498612,42.75039244997269,40.84602877812976
371.03724179904333,121.95958842561065,43.20403524025565,41.13629528199422
366.0989556238663,119.0320477621726,43.626549897128214,41.26530334379465
365.6103573958329,116.30356957182914,43.688631831214664,41.51389905248446
364.2617533692261,113.59602782087795,43.75403875604092,41.636271296452286
362.98356733883116,111.49236476275368,44.17243345515165,41.41251707136172
362.2362918705147,109.61809843990842,44.2075056558608,41.042029731853255
362.45374892848787,107.9392506345539,44.53276855617278,40.64440407829533
363.2920126428343,108.85169251482758,44.29873397015409,40.68715008421223
366.47042512019135,106.25247149036818,44.43583744790461,40.14162936839102
370.08110885896065,103.98835605511775,44.35473209728863,39.592109079223924
374.4651838719153,104.33037424446988,44.12178123672361,39.01147578449974
379.10666179624104,103.54051647780729,44.06249730121906,38.519816663055025
383.93328893676517,103.85587126712478,43.205869111174295,38.14883265509874
391.0281465339853,104.39168487610817,42.55848847331357,38.039354163118446
396.844362293067,105.01497194054795,42.15840062885627,38.01052426546295
399.23338725727234,104.49115040112218,41.88596307379763,37.95692587493125
429.3928364781085,104.54247826474943,45.318628658004165,35.6388336890891
427.4654572065605,104.98862239566563,47.12659827020726,34.59220350604643
424.94130608462245,105.35232844366736,49.24729202409305,33.312158899380876
423.2935894693413,102.48838561000554,51.376317788720584,32.14680936010051
427.9331628363749,103.43582761719136,52.09077762203626,31.862260576556196
425.68036621916514,103.58385583017495,52.73058239667793,31.512251177253034
423.60883108541765,99.7285830271315,53.57738753889824,30.901400909316482
422.105658325766,100.64549670155444,54.09280655406639,30.58553303598791
420.3019659537377,101.35630264067682,54.26785067617481,30.485199968244245
419.12766183431967,98.16823304764738,54.47824814154281,30.319840493261864
419.62264250342116,99.84939486771084,54.603672454928294,30.24325246028216
421.1690081768954,101.05501483421006,54.712912638894196,30.18363725453288
423.7833106103459,102.26509668506748,54.797532087636455,30.152368826026652
426.4744943380787,99.5828337338893,54.86670176443398,30.090846449574393
428.69949145600987,101.38647081087889,55.017837060432036,29.9912126573811
431.3690218797173,103.30841475503674,55.13166565546102,29.918627230689562
432.893552792621,104.65794611882544,55.18127145126614,29.89760214654478
436.2029875314329,102.0927065496932,55.35200663749126,29.770888196277745
438.89658452181436,103.93134766473446,55.484843155232994,29.69913432084003
438.85458725368966,105.53238143941414,55.59275378138967,29.66555312821588
441.7057822517341,106.96789355159524,55.673182102714094,29.644545020949636
443.50240922770837,104.63500566475156,55.75804065763197,29.567071378285668
447.2242699055606,106.72894260519492,55.83276574739263,29.532514948876003
449.2006775850028,108.26709010231981,55.88175378664066,29.51756886972631
451.96078064944345,105.75543439728612,55.909599968702935,29.473387317910156
454.73215042159484,108.09446270462716,55.918977295280285,29.463423907726373
456.1198101854214,110.1003400560142,55.92017086729757,29.468225467922238
458.96917665638927,107.73344341369672,55.93032693293013,29.452833190423444
462.1445718457351,110.29191903493744,55.940318223855236,29.452327966160983
463.2230442182016,112.43764602434047,55.94195855048586,29.457812883534135
463.17691987576785,114.73787160211074,55.94737829573674,29.462312632839755
463.5795216228979,119.60709794582247,55.94249328101449,29.479242483258098
462.98112282070184,124.3343775658251,55.936714128929374,29.50382829330169
461.8380872936533,127.03450203786227,55.93792242629727,29.525610751815226
463.93899503199145,127.63795972252947,55.939414578252546,29.545169071560114
466.3266475275554,128.33557014074242,55.94078528826604,29.561295147518273
468.1904185073728,128.47857991892005,55.942502819598026,29.581231418399156
470.47890700549704,129.43901811245098,55.944846730942395,29.596240222301077
474.05232838757394,129.87479589649826,55.94690304515767,29.61689311119958
476.82598205378326,130.99632470378694,55.94967839630222,29.639947824197904
480.2586406828087,132.16675474728953,55.95553308954537,29.68326256095374
483.49836294937876,132.3725725587138,55.95812896167869,29.709382522821972
486.0938599310977,131.31885261766976,55.970061633982894,29.826799626399
488.43745022344797,130.67859646200537,55.98808362878072,29.952068898596597
492.11061194081566,133.0940362806019,55.99458917353756,30.031852866139896
489.9111194053894,130.52055556342142,56.1112289494377,30.12275064846229
492.1384560556969,128.59464302547607,56.18780326463681,30.172907557238712
490.28221324432843,131.36330830024912,56.26614672695819,30.22934274331885
488.6977363394152,128.60173314143933,56.413535337886294,30.342834152094436
485.1518696597444,132.99594109872683,56.31349814363903,30.5739189699413
482.2937812698178,136.23105851548192,56.06268397576875,31.176072308580775
483.3810694588292,134.7303002920371,55.926543056883,31.540802056175387
484.9138913128733,133.4001347025513,55.789051909982504,31.945667727639634
490.64427748089986,132.59359017269605,55.71095379115353,32.45618828015561
502.46365477465656,131.8054056565666,54.99863848891844,33.193198803827656
508.64058924815174,144.20868004897574,50.08755814284974,38.05049508126524
505.0191278994148,140.95080851989263,50.08716991197884,38.05457851723908
487.370823198704,121.55981102588152,51.22381379826374,40.5480641363648
485.47060842092975,121.15455564165431,51.39731764694884,41.884473659415924
484.123981255825,116.52236520833328,51.55725941803052,42.51926735259607
482.42328328337504,115.67502127606356,51.932574516144,43.94164478136358
480.20929504255156,114.68766236139346,52.27659189516035,44.53960713470584
478.4481347172614,113.36916555818262,52.56736423641451,45.06360440132957
476.9592523681707,111.28396583928375,53.13229810497545,45.70084315263439
475.09924078269046,109.14471792649397,53.508824953304156,46.04091200677841
473.5299972850265,102.66396127430205,53.70027687439797,46.19210064227795
471.2080474160877,94.72615182513528,53.80397065677023,45.98999508382438
467.2897594461267,90.90261098098986,54.22443465058636,45.22546235408543
468.3708580426901,93.99275287539515,54.65114207667648,44.75224319387591
467.3937483457805,96.6974216575142,55.30297149113312,44.247229684355865
464.84940765459726,93.20109999592637,55.60532837246208,43.79932363390482
465.30597250339713,95.46549972703318,55.95892004269833,43.40768113503958
466.34479672906036,98.33886171983833,56.200974931902294,43.195321849746655
465.24169956984923,95.05874836838859,56.3281709230692,42.923472003116096
463.09460015303097,97.61593732854966,56.63847469330552,42.605238091430444
461.59431248559963,93.78846088560492,56.768652698837734,42.18515683577939
458.5699206308006,95.98313116864819,57.09687013570024,41.75737961846299
454.23136249937534,99.4750922885744,57.51243549523036,41.308615059122054
449.4364854061639,95.99881685708802,58.3119923092167,40.586649244238366
441.2965907028395,99.50555032917063,60.397748093123795,39.31943340633536
437.4401172937627,103.12791487941219,61.83970787743352,38.78700937482197
434.7666486680483,100.54328291170737,63.29664073242376,38.00886463408415
430.2296012649998,104.31700371384514,63.77710093311297,37.889952292351325
429.0260438646403,102.31760648933607,64.07272453052381,37.886086943700995
427.6876902612657,101.08919975342062,64.16991413435255,37.858791729084786
431.8084988607988,108.73938210848956,64.06425846787911,38.07608715993807
428.4267866487794,113.12832770201892,64.0568660889394,38.136079922159155
370.5460982707464,162.6802564329026,57.813970384067815,41.40249986517692
377.4867839392832,146.75053625640206,52.70594594793416,43.666298128334276
385.6360976048496,129.23358809850978,50.31733086197964,44.90610417312273
394.77531028178635,116.82046118011093,48.09274233061592,45.20993521939313
401.99815263085713,109.93387904354344,47.48347864535273,44.59973290775025
412.029695303467,108.0635409365235,47.25361855037717,45.04962380913756
416.9824773417656,108.50707635808251,50.039876525781935,44.70513577594458
421.4764433797685,114.15477479536058,50.82780905091138,46.27727544618826
426.8161328361604,118.7830232132859,49.78797271777842,47.672438575852766
416.82235112426093,107.11448924509945,52.46823175925317,47.41915350014071
413.6737731399174,108.24018997344665,54.16888017865437,48.02219487830043
413.3139580029938,111.70960237642433,54.672532962553255,48.80928455064708
413.1349044643394,111.18970542606276,54.83796002370212,49.1246438371887
412.17222014917394,110.72270254026853,55.10183463738566,49.51767970053971
412.51875272901196,110.3065637088033,55.354421426161565,49.7642066644269
412.51722734949715,109.91595017550605,55.65843004375367,50.01618740076016
412.5228321601058,109.6330920864868,55.89282274714142,50.24598670200575
373.4268566204896,173.2593916183709,53.38724880195967,48.84000629058127
363.8829465380446,172.60994428228264,51.37522117327062,47.24523803322291
352.1221700763132,169.88525718168435,48.93798617864263,46.58797189552176
344.5853356683275,167.19484094198867,47.027079723007574,45.939318195561356
337.3304638319482,162.4104476184857,45.54472268012897,44.19321874942762
330.78038916607545,157.7713808584129,44.35350543472599,42.5857188009453
325.72718033639853,154.226479152323,43.26456767873566,41.58462083830817
321.2484491105131,146.98925298324792,43.38124796497917,39.913857188299176
318.587957838078,143.29393225536631,43.61781221303538,38.33679673213614
316.953481801353,139.48752723156926,43.97557878347935,37.32870090357055
316.69027529769687,136.18257868535744,44.083063882847895,36.87129862999689
318.13469122302587,131.95368014574234,43.83184389818722,37.30781065215925
319.5263248287073,129.70375578930225,44.59064206882816,37.181265093188784
321.8225138044885,127.80332232045967,45.50734929564106,37.444266630559625
323.95402805726326,126.32455837790164,46.23974935225574,37.58969315153995
326.930493594731,124.43572481122753,46.55454231449076,37.40212528999987
329.71526936881526,123.0153246539812,46.74409930971816,37.435536345154176
329.9959676039161,122.71401618371783,47.199199855469615,37.51386534660925
329.8226454553656,123.97851940820665,47.49367220327333,37.426839021151494
328.1653813673629,125.10964980134622,47.51805474367398,36.89293972226096
325.49219947247116,126.3738395939945,47.28067734540812,36.360822091271956
322.8867936537478,130.10037132825966,47.00944714706985,35.838423638915955
319.2914239267842,132.61238449033897,46.61601959736547,35.54745958206078
313.71894019056526,136.30467423634528,45.75571038981067,36.249112275411946
306.52133276509943,137.49818500544907,45.14508875392593,36.705883414130014
294.83090215896226,137.98737802732106,44.43460513282626,36.81791058316226
283.4428957918221,137.3603699382034,43.848166313761936,36.87973170352859
271.846249745995,137.42619903941184,44.29371861354589,36.921751720430095
259.27957751090094,139.8132135080825,45.01351938256225,37.28009850025189
246.17285750519218,138.00071386510032,44.627649472715056,38.16269427898359
237.55914736657095,132.00628270600726,43.661321275836414,38.36675034564381
230.31747124005304,122.95346356801358,43.31690901776385,37.77364480144076
224.24861637220516,113.31870444165918,43.0403121128346,38.00979971186439
220.77465136217802,101.96514458077856,43.26281402848829,37.17540980532973
220.56670936616922,89.23309732744103,43.81844647459978,36.816454766716696
222.86959247062993,78.65239795367535,43.55634920336148,36.65341160445804
226.52817935672738,68.78175402911612,43.60724794093222,36.756933569177086
231.99910029627875,60.489778469237294,43.84827311200033,37.27622938497965
236.1167885888371,54.859086162627364,43.686174954007704,37.4541007383118
241.4512603115157,50.38016013581076,43.50016741410702,37.53126030995038
247.33351053980834,47.02827495001912,43.36527701916724,38.06540730659471
253.05045834159966,43.716080817998986,43.4243633262902,38.48234136607565
259.3569282766115,42.11018655511471,43.723290597990115,39.03978414103548
264.71042151080195,40.87422276862933,44.02955734158438,39.12383043501454
269.62648650799804,40.62327608283757,44.16566236306127,39.0287253534578
274.7138836758429,39.91273541048584,44.571863587063895,38.6532815774261
280.1123810593313,40.05006134283362,44.80335984028977,38.31453753110755
283.7642479826091,39.860327172026984,44.7714336643274,37.77963891219532
288.5947530451926,39.92476653493665,45.30138060855745,37.38640005654275
292.4839771403124,39.418128931458796,45.403344520063484,36.80898095521752
297.123933630067,39.236573076120166,45.59737715823003,36.3254014150937
302.1265269125612,39.39542027560672,46.06241115903754,36.41429899776999
305.8015160123222,38.85711277375458,46.27024755759892,36.26056314946164
309.4789475909497,39.21336716090423,46.232265580153594,36.577322401514266
313.55816091930063,39.37018687972446,46.56292316722608,36.461881759192416
316.28017480770416,39.299915191102116,46.15627227106487,36.6463691786131
317.50238885438705,39.189064861293595,46.02938983008861,36.6898187058611
318.69396815613777,38.98884583873661,46.079975180291996,36.61438927093548
319.8126933878476,38.67062741251003,46.213321397322666,36.707722130449646
320.889132832437,38.21556705114263,46.46622163145021,36.517332971211175
321.31469762108543,38.53787023968898,46.609184697414335,36.49086949696958
322.01709869777034,38.45651236491838,46.66591978598021,36.31053116054085
322.8950502552739,38.69389811812068,46.73712612703545,36.46965749511297
324.46567955794353,38.96900710889787,46.701841003828065,36.642312426442345
324.7860388013855,39.444789816847944,46.5883932512544,36.83240114433888
325.97383492054894,39.504953551952866,46.48458055012838,37.05736734502176
327.17727751760725,39.48803830745282,46.27611325800454,37.17098347157936
328.8662123060562,39.714210013054355,45.964302316818376,37.39640751595414
330.5495697132831,39.77717428126963,46.079609072570136,37.43150168734353
334.4936711111135,39.95405975231917,46.27384665319116,37.53417405502839
338.7869342718929,40.05040568713271,46.46815357595609,37.62943523434577
343.37848223406013,39.554505084671035,46.72619782648741,37.82890510134036
347.9182055113654,39.61992297986814,46.46828638235044,37.68916742430416
352.41990644973873,39.9406273509175,46.68226598295978,37.85072032971597
356.1636000435473,39.33112358256979,46.87595961351878,37.989894716501425
361.14954502082105,39.48789286933078,47.044215914464516,38.21671480558473
365.1391459167289,39.25208940846536,46.663283585234254,38.438804986874246
369.54865691347163,39.932898422537505,46.76124710352855,38.860708134114475
372.0420039295936,39.22280924115417,46.51845384719411,38.86576529918065
374.9077088839085,39.10265541797891,46.2006782387962,39.092987218882605
377.13213639126207,38.947777309430215,46.217357911131316,39.21637444901576
