619.5,127.5,91,95
623.2966537424261,130.448813932939,90.36166573597299,95.29415603915129
629.2588383801585,135.01442450355572,89.54470212304467,93.57254707672037
633.3318239834855,141.97035538754534,88.36793963373694,92.3232953627572
637.593291097616,145.6941741957614,88.04860056691408,92.76737136555727
643.2775666680575,153.45545390525766,88.83825541205394,92.76405518692121
648.8147350745904,160.25412841902278,89.33052893529178,91.11826427248914
653.9987984013078,169.33220197038224,87.79675096044598,90.66206261959931
660.8072982762848,177.62307154121362,87.58055382279674,90.64122893447947
665.8053779417252,188.36771565798162,88.76042083621526,89.9946035122228
672.401030912326,198.41687113753156,89.46007558837294,88.94090925234167
677.1309223988101,207.8119751644906,89.07110770176948,88.09209791168038
684.8586981975694,217.33377896345792,87.88346801526146,85.8264901916755
690.2104082135471,225.83499574201772,88.19760322012263,81.46144867862324
695.2887306198546,238.39351658518177,90.02257252036149,80.668860346177
695.8856145756823,244.02439462307098,90.36776554239151,83.15341450446843
691.0073369773836,244.98973184580467,90.56715750046348,89.58933246622755
681.5413180447156,234.36336005319228,91.38553646077031,93.75218461773655
671.8230039641286,219.80013884026667,92.86461457311621,91.7227222736903
665.0488112046067,214.69551965573902,95.13582037414224,87.59856754582175
660.3324386705,215.66340828938306,95.44058616379127,85.88668871913313
659.8673608541129,211.1359247905626,94.60024912364524,86.6900773857804
656.8182854136865,212.0105367091372,93.72002695380846,86.09401197491597
655.0930062857476,214.19034997904478,91.99049478228744,85.75296158027294
654.5473243081542,211.41715104242093,91.34658776045393,87.28396762689101
647.0680027278486,207.1989329081147,91.15452272251781,89.31679080498833
640.9958980438024,202.3792805670831,89.79275732101786,90.08535650389723
632.1551528537921,194.7554765914051,89.75458980308935,89.50176862395438
623.877055209756,184.15891513696636,91.06388453268988,93.66699846642564
614.5146403314228,176.5709817629079,91.98763930766687,96.91797374267975
606.4429332082927,172.4088841908284,91.50354539047473,97.80172823208414
598.9950332631631,166.82047431286213,92.14958560666173,97.83773988254794
592.5074560796181,165.6483380720162,93.20616277953786,98.97836045917998
585.2111637447276,164.09106793326492,93.90225830594727,99.61766289030797
577.7733758649331,166.07981737339196,94.25489056883234,98.63355695438986
570.5870449035276,167.05243153540147,93.45818660876957,97.02228546802496
562.1102365103844,169.20303592335506,93.99433818509502,96.48970314361011
550.5155150033921,168.96147691277798,95.60133605442641,95.35417633119948
543.0862637167942,167.18486831108538,96.20566248779076,93.46120031635348
534.07266961842,169.44712302496652,94.05519260348427,93.38611038703479
524.4061394137226,167.8518560260693,93.15278891680981,92.45102974173233
516.4661334494174,173.15227745968684,93.84423463753446,91.10913233958512
506.440926367368,176.34956628817935,92.82975507909924,91.59598530851562
500.1323825828095,183.46301900415494,91.67034576100909,92.33937482895706
487.91608631067714,188.86597587546595,90.57943023337441,93.23421811300739
483.5071595877699,203.54181669417605,89.6161700546162,95.12109047644167
477.8620663123188,207.01637675756461,88.25444773100662,97.05827043663965
472.68564452226536,213.62801352714527,87.66600045570578,97.55532522847199
468.5461074126912,222.00848715117826,88.1670275900458,97.13151138799878
464.16901365129326,232.83216253416782,88.81505018059063,95.78305168952456
458.1901972533192,246.35462238944743,87.22196657639228,94.58429668233448
456.3811813225196,258.6903977856121,86.95083112918412,92.3533415168362
453.6032777420589,271.4730743251866,86.38143420380182,88.15201164630533
453.32841444670316,283.7321921028571,86.24989859940297,86.3286861404028
449.25386103686276,298.347501772315,86.3212742865765,85.75681924289327
450.55806868812886,313.6003350387168,86.30067164616888,85.68968649304867
450.79479064846635,322.2740086801953,86.29931943010092,85.68148868518931
453.4265976624272,357.30771269583397,85.79938919810823,86.56860946250569
458.4555376851274,367.95584999458436,89.7991292012307,81.97813396778811
453.38738562624485,373.86398931611376,87.80082218923513,78.37690411470737
451.7411792485783,376.020373313526,89.1915529253345,75.45714494804601
455.6665939202238,372.34556306261027,89.73160512043461,74.26831425511432
455.12845293598843,360.8750824238299,89.55705488885499,74.31802873702077
453.61782035211263,347.30174637910744,88.96357873122811,74.50757230168539
454.03446277171315,333.39751052220043,87.78417037546753,74.85210816344862
452.5566930412648,317.18570965014726,86.52118919503738,75.77959708406864
451.5213600358318,309.18431238862064,82.97411600531126,77.21921640570591
447.11969694935055,300.96659393351024,83.68232270195546,75.71488166370506
444.3349698445705,294.2063526982767,83.34181950261052,77.09543340907439
442.84058837317616,286.49724781197114,81.42532426668818,80.9448432091514
443.16521166873906,285.12723333032153,81.08435158703858,80.91869261083563
439.5049172872249,280.4572307191834,83.80751965762303,81.84667524247459
438.68976057107983,278.24568797237663,82.86004473694686,84.76959336624567
437.7140012912733,276.30667514041636,82.23308543706285,85.44145037858542
435.5775573472357,278.0796973494506,84.26617811716068,83.60096437974443
435.37823668669137,275.2457807930912,84.4750485012835,83.95505104013172
435.6299007214906,275.63750187493935,83.14570764148183,84.6077817194149
435.3410974046186,283.1486661543878,83.41042937823227,85.04981530498823
434.957521491437,287.6771110545526,83.67315496367445,85.29124150655076
436.91750368937613,288.0523030218641,83.38710861474746,84.98968305048146
431.39662132978356,291.45705383943584,82.49455669880075,84.24347582604351
440.23592900790584,300.486987309683,81.64636660500739,83.28365695073477
439.6412069023088,300.60730144151063,81.05810288182198,81.64758429392153
436.96521021751266,303.7088365046579,80.76746853534972,80.48171604903574
433.48952965592974,305.3308139861951,80.54289629746214,79.87222773406317
418.79122572663925,305.4200973855395,80.24931097977358,79.53293797931298
412.1509063689245,305.06578709411787,80.16851189765666,79.39584202611117
410.3552510051073,308.6088293392892,79.89974238313413,79.36675864966014
404.5934663067504,311.7373127042571,79.89686448370537,79.3338314743203
404.41968690291174,312.55603433447783,79.87440173953522,79.32998010421383
398.15780702652074,314.62636465222823,79.80515631195833,79.38985381243253
397.6967851395183,317.10347495764984,79.74790745481397,79.38645221709228
392.8831092744519,321.046589825849,79.91536405097449,79.19069460670093
393.6491027889288,334.6048279997908,81.69116062568887,77.16802357192775
391.7141296293807,336.8427046606812,82.51834251950746,76.18094512922106
388.0571411266138,339.62685787488766,84.78218915776205,73.09959601243835
383.5228757135627,342.50409328319114,86.31336265354207,71.31633496031198
383.44679062965247,343.1389748565621,86.1632737636023,70.86083634947407
378.07774301081764,347.53286552902694,86.05562200725346,70.88784668392668
369.11170473135707,350.6419717788777,87.35876752064235,69.63747342525303
358.7988194925798,355.19976912064976,89.0878266487096,70.60438492151843
354.7791333080001,358.76773517810744,89.85144742714019,71.04032361043606
348.57478612932545,361.23108889842536,90.72098200970922,69.74982661138957
345.72462990454403,365.1062233864084,91.3335583295113,68.78959002220333
340.12573181813804,367.36726302462637,91.98717744696442,68.35496649527914
335.0315253303738,377.2969232058098,91.94837465558616,69.8770910639426
340.3480955669927,380.9017925118962,90.19320773886696,71.88829876372041
334.2757890029999,374.4708486738013,92.12075887039258,69.14976930276421
343.4096049981951,384.5131964382998,91.1586955750705,70.21293906917734
343.8492586342051,389.75606038952526,90.76966455031342,71.1688424838651
338.7359570195205,402.1157594777058,94.93096063933233,71.02584315699126
336.3588139576155,411.98037762270957,97.10250931731105,70.36120113578257
340.921689910806,423.9749669492368,95.9387201108202,71.04175743756224
343.4006254858467,436.69139278062005,94.56283586488308,71.8218440835114
345.0333811800239,444.75169107377235,99.32642966299099,69.94546346247787
353.4037707300983,449.6683843075107,97.95462334116262,71.1395485373596
352.6269879831078,447.86164071179104,97.93594729042007,71.17492121921633
360.47334973502984,440.54139595287944,96.99884569667122,71.66815293216895
369.2904308716591,436.663504613019,95.63160732783157,72.83367510621366
370.7544030630563,431.6647432308355,95.52463705659417,72.57531942209428
373.06695020061375,428.2913499043429,95.48486468470811,72.00765056589363
382.5257186808564,423.6894929902875,94.54446052146396,71.76240599709281
383.67521717163316,412.6461742577626,93.77917413885608,71.88143596397362
384.2074275754866,401.24302448236625,93.11494958540271,72.00588317406815
386.2116642847402,390.42061496410395,93.02493748967976,72.14558479421083
393.9662190684486,379.8260187352955,92.70821073476309,72.66967524682286
385.5151062948718,381.27697198902825,93.20183261370369,72.77686822284738
402.64108210894454,367.277513891501,94.87263718062658,71.1072472780094
389.76761833611835,365.0970101765948,95.53144903414038,70.45870318270578
410.17344948361153,336.6886224903873,93.43665609340206,71.11246128217164
411.71440088864756,320.9847151069329,92.24213805563073,71.9710798057941
423.57593780398776,307.6793498511253,89.75070408701083,73.87407144106662
427.4414460289114,293.4188185568004,87.28191326506277,75.25202566179658
430.68699886892136,279.7978194560832,87.08947072438609,75.6270518936264
436.34235271940076,265.8744415094487,88.20551988225296,76.16249987979093
433.0615546561169,253.31098338217794,88.0890960083628,77.17260056731584
436.6588153870067,238.19797794719852,87.57468976951417,79.3477119316594
430.9033741575099,223.25478141743494,88.73224733837101,81.05156600498054
432.65864818691085,209.62454924381336,88.63785533311224,82.19183687077839
429.18644811214017,201.35489508161973,89.27402174470811,82.66717844406702
431.29473527267845,193.1512832924667,89.28397368400746,82.09913461209476
434.7017883690274,183.7596307554778,87.3964541192698,82.44463451029134
437.34201577448243,173.64071794940742,85.1549280555368,82.07705622228556
436.37249787381506,166.07199929949053,83.7848033859091,81.92816711373314
442.5932839846384,156.33557406836724,81.22740265016327,82.24468746733716
445.3268605745103,147.15484601708147,79.06167182797867,82.27958068843898
445.7689189422425,144.09842642659652,78.26949029499363,83.72338205050013
449.8429439850853,139.65299892497902,76.67621735469385,83.97597716603985
452.8722974332186,136.9294449565853,76.1367656197126,82.96019447782733
454.632275212658,133.93813191707565,76.80660650858768,81.57064009496304
461.28988040260725,127.45312599313745,76.99254435256611,81.60034909402353
462.0250527305499,122.35001647010407,77.06792420782745,81.6627464237817
469.16760096638814,117.89492644553977,77.6722863924619,82.94158883024063
469.80223006932766,114.35933384400222,77.95677131059104,85.94709305263333
472.71266540638146,117.16860092655315,78.44894613819241,86.6857900276682
475.7815401144922,132.28819741015468,80.17188540834185,85.45093818595345
488.16431052577263,150.17666761395753,80.65071599996556,85.0926684326446
489.32719324573617,158.22094716788104,80.67605720371526,84.95823186813256
501.69631265250985,174.40758767021188,81.6998289645087,85.45454925214273
508.9960148376131,187.11193726973409,81.79918081225874,85.3984100964333
515.2454550243906,195.69006655239002,81.8016041114943,85.39604023351401
520.5226650893485,201.90515905777974,81.80187911097308,85.39540920833025
518.2248733593066,250.8956771246912,86.75985291043135,83.19960561845264
529.5515398105756,255.7775659620243,90.71713478450455,82.12767574499495
531.6362700689834,258.00788902726936,93.79942759791967,82.24958347803019
531.3567780665527,259.521470201417,98.23550277213845,82.23562022069257
547.4474274179966,258.3052104872223,99.67225369083286,82.58733959262446
531.8562713482876,260.46952770815614,104.835828037282,81.797527324829
548.6537517106251,260.54145071946635,106.06557434385687,83.47504796995615
548.9995803682483,263.45772665997544,108.0855423662113,82.97069261451168
562.6164563152589,268.3551701625601,108.03901009194097,83.72754148733308
591.0731208572543,263.1245596594476,107.0883580099035,84.55866510433691
598.5359192030869,263.19720683960816,105.32073651507645,85.82607282760338
604.363835920341,273.3746012745833,100.26741019497885,88.76452545850759
610.7600978207669,280.35909240517805,97.05937144814312,94.33962393157108
621.5691728004706,279.57678313810766,92.30485369088399,100.60356611988666
632.4111156380974,284.42998762555055,91.06269851489805,103.11612076804775
639.7161293937614,294.9605384354729,92.05467028640695,100.68557906946766
650.4989155389262,303.2496781646143,92.89578096421697,98.08254127225663
661.4867097128779,311.7671969207749,91.57336034092305,95.65125780351457
678.8247866662815,323.0393839574729,91.20650971780722,94.38566752833626
657.0654536419844,333.1566435782041,96.66538420146009,90.49831244092655
693.5805615990909,312.98730128262883,95.25859663197369,90.41494655600297
701.6932802433058,319.5730409509761,93.42054661923962,94.93500126166676
699.3662546419387,293.9822297526217,94.64965008332632,92.855843323903
704.0971742107166,290.4206846210738,96.09854989077778,90.64420343868335
713.6455778478256,304.43696521103107,95.90015913572479,91.75956095994073
721.861673112282,232.11488294660887,96.00809922204648,95.40938649952727
727.960736928467,226.80646203547764,95.74066044770876,96.59800089716819
726.7151067177202,218.57761212117208,96.80296138033358,99.3134636347148
726.9685509164794,211.71011851719945,97.08421745207622,101.10935439185442
727.0417950676642,205.15738347003298,97.5818315442875,100.66458396952477
729.3302557956772,202.6855770430178,98.17645225592517,100.86108121152513
741.7617910864176,202.46708751297146,97.69726801172453,101.72657636153401
739.524796212111,196.5248105858805,97.66252401094805,101.72384975154358
736.8521531240903,193.5166204689009,97.62019212210936,101.69186296203476
736.226522307156,191.90144298942778,97.6205512224467,101.66489370223097
737.4391285776444,190.8345223957183,97.6491498501405,101.61280416073758
741.7032467401378,189.94792675275625,97.67831613593233,101.57576888702275
751.2256330799352,189.56860768422638,97.8967423088769,101.39804428070475
831.8883355166851,203.98831842334602,98.92845413459587,100.81781050082976
834.4841222875247,196.00004175442288,101.25511246166047,101.94646821642259
834.194872719232,189.8713666755901,100.34534119629117,103.00861554663453
847.9786115947304,186.3033340661247,101.1509007835511,102.91593053668352
847.0392684735889,195.52618388963708,101.2116035177242,102.76831896338919
859.4061624171468,181.8864426950949,101.55668831127232,102.13070998284469
853.9984303294556,180.1652323535038,101.62674919685995,102.03934103132231
883.5349329805389,135.51979782098803,101.55554824649997,101.2108177013343
868.0104139647808,119.03161202164796,102.10553613763511,101.58837338204567
856.840152042711,102.71383564307439,102.4836061396118,104.14226300747897
851.3765546385837,97.30203371822807,106.07636500807753,107.5197489792114
862.1452291519907,79.54350735836117,108.7903301444714,111.18537462069813
859.8306085443053,71.38827558619286,111.8974611360723,118.39894580816218
854.9168972816896,59.05893331202046,120.15527986053017,123.41889172430484
850.9521271947591,52.23903620378189,126.12760162580642,129.56508032707347
851.8683148636434,43.23299487224381,128.33639831562573,138.5950701327888
848.4778146630642,36.53559952421381,133.3267403620248,142.45877104613396
847.9229652384993,30.502699959934645,137.07319753863877,137.78699464368643
845.4090642279039,25.52110951741011,136.72252532429508,134.3364677955812
848.5459494659008,19.81861475327591,137.92775255566806,129.22903666955273
844.7068080658725,16.816800692951283,140.3854891101499,124.4384476805218
834.2960122020756,7.223455836822751,139.85653876926202,121.75427443196344
823.5278307710113,4.764394896767797,139.0147754869816,120.39288009198057
817.5530489149334,1.9628857785577978,139.03934759147137,118.86699112472625
812.9004184889054,6.5063571454839035,139.01015962913527,116.0519199576465
797.633704153249,10.431393469694711,142.50901569912963,111.89585375224857
798.8459300746066,10.271360754020378,143.0864266207729,111.85029290805784
797.0061394135603,17.87142791986409,142.74892811269598,112.26931159913653
787.7664861127429,25.258188901020006,144.97396797543902,112.59059726164159
781.4207177744179,33.83956409282317,146.23102493864914,112.60647389219542
782.8770703676585,39.48249153357506,146.84928245778028,112.76484909034252
777.9974779656684,43.70458152160357,148.14465538737056,113.94158738821127
773.7756057363069,49.77655706906345,148.71622367574457,113.9696495760674
765.0731584066447,53.283778696034275,148.63266733104064,115.30710070078786
753.5763274746975,45.25849509913169,146.03419471922714,118.3708677008064
744.1569599683327,47.17024706113315,143.61531368886585,122.9963107296233
735.6518894634696,55.632046890495744,143.4513004169758,125.3915110434323
728.2950449760569,65.36181513159309,143.047337452409,124.53716865303448
718.9929967765676,73.70522200451052,142.67056837287217,122.65416407315423
712.6050157909766,77.07904916523898,141.53027343945206,121.64676272334646
705.330613867976,75.51462511023126,140.94070772521158,122.91840401192025
698.1524321939266,64.1288151652671,141.14232311035852,125.71690607347945
694.5038945313461,63.19962314825203,141.42640414612157,128.88734128453441
691.6251314275058,61.60336946875877,141.75484462229574,131.83824371931897
689.896976829145,63.838913837626976,141.56166918461778,132.90545883366386
688.8647987394065,68.79604510112351,141.1167823526202,132.59367433401454
688.4906806792765,68.6145263640193,141.73715978941337,131.26521817781372
686.5141111331359,69.15959071275422,141.87592467324436,131.30610561555963
685.9674295011707,66.32792145937654,142.41167599488344,133.00892147064263
681.5989887997131,64.39574557315916,143.6126038760702,135.88323490775406
676.6876009410068,66.8790021542581,143.3501583028943,136.1445788584407
671.6239154124943,72.39522711264587,142.52096350298567,136.75565787995862
665.1732238468993,76.59519235546881,142.66834787776705,136.2754981119336
656.093351105487,86.22172498558277,143.34887392394597,135.30470328322423
646.8094120501207,91.40529388668769,144.56311243201753,133.4793135278894
637.0946825361535,94.43072810042881,145.64695607298904,131.6875951286359
626.5316523782882,91.85043130325593,147.6487221077139,129.36981471861765
622.3275942650566,88.62439753272957,148.50019532499124,127.53968907577143
617.8831667073717,85.62594944066491,149.3111161752243,127.1485084776742
618.6185660215874,88.14511380681779,148.92142075247386,129.10850700061746
618.2308123499926,90.6805827646045,148.74270130380475,130.0822143944923
618.9449677418997,95.18944296298781,148.7147925890822,130.7862623769371
620.0677208749648,100.78729931230237,149.30796992814624,130.92100355098864
619.5616609047651,108.88200246919932,149.7841268100739,130.27956705530997
617.6574124312841,116.43939376733599,149.88852243295446,128.63352492229347
611.9751966425982,129.87464819677558,151.46330023225002,128.1892150227649
608.7342353781949,147.22803558867744,151.7629393595676,128.79884648896115
604.9474998429162,169.67798988941644,152.3831676513468,130.5920264189773
604.6020532820562,178.3058973454188,153.10628294717472,130.3092415973046
603.7966334616918,178.81994093445974,150.57558539841992,128.75935837153523
604.9276758156957,182.46974972467004,150.32621555323556,126.63708320597054
607.1717133223372,189.4802602098034,150.36824517709874,124.32180316435374
609.9299750982815,194.84953819577962,149.46300874221447,122.51337719728413
615.8745777793573,204.8053526838976,148.57214398675234,121.74757265342116
618.1999751109752,206.17957796122096,147.65919927430684,121.01939006218393
621.1918129017334,209.8291972555999,146.2103919331468,122.00280337467115
622.1612611895287,220.3721171819821,145.4436632547808,123.30728906817137
622.7587282715521,230.20223586723083,143.90787575726083,124.56766975492492
623.8355626173519,241.98513406640797,142.71648757751717,125.13703761743487
624.8771430616983,251.59801912399175,142.23720018011153,123.88258860822435
628.980440706774,251.97359973048052,140.82245641049877,123.02451660772404
633.3081484056847,246.6990222114778,141.28158492747195,124.97993022879831
633.2182094442912,240.12355331068147,142.2519880482418,128.62228591521762
630.206281180893,238.08515542094364,141.39095115767984,132.95725942215418
628.8363391690532,237.5854552164617,140.80044258225374,135.9194951430077
621.3617437998421,236.17867306892887,141.7585978592502,139.84314909776418
616.6223117656671,238.38004632498559,142.22905242747805,142.98602779545914
610.155734767395,245.7030895352702,143.90208889319962,143.3106235190549
600.1892329634703,249.63881540783586,145.53933139265047,143.53910158349393
595.3538361546995,253.3292213362726,147.3403292109367,143.14861088598317
592.5297688692299,255.31740136000116,147.17967834333842,144.2740169479927
594.1951423917875,260.3286082835018,146.30536650177527,145.84189221689718
590.1921141859975,262.17351946157856,144.86303576735907,147.27691059713277
594.257713936367,272.2598915577715,142.893906064136,150.89172209932704
599.0892951467075,284.9465217177911,142.78999638240768,151.48593957774972
600.6489350970083,299.4593500114246,143.0912429863226,151.17215318396413
608.52039360271,314.60955522610647,143.13095308063222,150.9313245111922
599.0960712098997,340.6299867061641,143.558043300823,150.39370022905538
599.280706321103,344.3158488130371,144.31494919726717,149.09390499327571
598.4573161211993,348.25195522531936,145.21811355255335,148.5850435137735
594.6270920235352,346.2139086429418,145.69127537092848,148.3092141664741
594.0202087609425,350.8314368553942,146.84219004989563,147.44567110826856
596.5149100215663,360.74411192966863,147.71151116908996,146.34959761682416
598.8382361619908,369.3178594614971,148.20417830810175,145.83925045660962
599.9715706762111,378.0925062056293,150.8649895004561,143.45106403163865
600.1885031649592,381.3185763878885,152.534136369502,142.97006929700308
591.938109794203,380.23931127952847,155.15139440160286,144.04400490637005
592.3802608068945,383.21011724403866,157.03481021450727,146.91528303014508
585.9358395113809,384.14200438685015,160.13385120793913,148.9140053589782
579.3096064390869,393.44962152623935,161.70601473259308,148.8306714860836
585.3715753558472,396.2977012148394,164.8770521798341,148.7405168238494
590.1102221080507,397.96727587989443,165.51954207691642,148.99099523650656
598.3589557876139,402.79436623134563,166.1083269303144,149.4638267864118
608.6791294842387,400.9530456883041,167.00441943269476,149.60275883280684
616.5937064964708,408.7041319273061,166.43519887991033,149.77416366345756
624.9655913068144,417.00346094543,166.04169476215267,149.68338488441194
631.3737690924402,425.72755681445244,165.46932913535932,149.73008145203104
628.8000537293342,437.30508218084486,165.18140419827165,149.745322619881
639.198050489122,447.7189689489707,165.22000540525855,149.85768122474258
634.8715864426299,441.06386365568835,165.02814780793497,149.7406638373693
631.0331635059171,451.69559683704875,164.9058160347238,149.58046323697764
640.0003206188385,447.4569133786846,164.72197864603925,149.47474986195792
642.5016379734194,456.1533951000704,164.5736720923949,149.32098701122734
648.0719847172064,464.1993026997868,164.67740723946437,149.36135297939703
647.9448672162639,458.52962262725964,164.7666280339864,149.3325414325568
636.7043094231095,465.8256730255391,164.6661358016915,149.36567142518237
630.9216494343416,473.7059689241991,164.4816465140906,149.38457391344596
623.4015362986279,491.5447131329543,164.09426524920212,149.96157539461717
639.8804616294227,495.8156749211339,164.21467691671418,149.9553173303429
646.7300448970631,522.7029884249548,164.2233389031619,150.7508311613242
652.3350888977842,525.3911025694433,164.2847619796005,151.48410852572863
656.5791708413174,523.1842182969807,164.2553564467213,151.83301100467474
647.3157682816818,523.0905015688198,164.20547852155877,152.47603268254642
649.970049795704,522.05072889289,164.16685062458745,152.94984988499203
650.9788926761199,523.8894633210206,164.18452686898922,153.20071288069013
650.5135012622912,524.7618582703676,164.20686153695186,153.68311896016064
647.9482543217672,520.113076363963,164.14732961157293,154.01818410811404
648.1510222526713,521.0367635893369,164.0933760683092,154.29900828102336
649.2594086351043,521.0056810707443,164.0856799464334,154.4635213552726
648.3689746563056,517.5826000882488,164.0658343649073,154.6135563823975
648.6227381331829,517.0049173718326,164.04251465387983,154.9974623549715
647.3160699427749,516.4031317929961,164.07369413810457,155.67989979176974
637.3751647337674,516.7105798087498,163.86271204513324,156.88859236995762
640.3298387755968,517.9751292719146,163.9216752712889,158.14481110300613
641.3058363318955,518.0231628845947,163.93428501327537,159.43735221409457
639.4915833098121,516.4441556639513,163.96611685356942,160.1853470192273
638.9474148497392,511.0733043199007,164.26347951433868,161.4534874667278
636.7453436238341,512.0772697703221,164.41354453160912,161.98646466410577
639.9042202723844,514.8187441622186,164.4781173606072,162.1018478085659
643.330028819114,514.7102790693646,164.67954077160366,162.26978150850442
649.1829272049624,516.6932655096892,164.86266287655454,162.3903054578416
646.5382206097294,518.6952093965534,164.92148572354543,162.42139893487612
651.209501764525,523.7134449695592,165.03918761988658,162.5037947093359
613.6460436588984,517.8896370439178,165.50175904354217,163.09424446107022
625.46848963344,515.0364672294712,165.66665103000605,163.27649379989384
591.5837185027667,469.82012075284166,164.35420781771978,163.76834507834826
597.6016269116055,464.22079511271346,163.93547073484436,163.56620042202022
599.2925699465839,457.88274393788527,163.8254388271039,163.36115634070734
590.1701695805045,475.6014101960869,162.94817496880842,163.55398510970454
593.4788788319593,502.7560515205468,162.61848620604175,165.34257614852876
594.036703705709,514.4812343359993,162.6479941533589,165.93723538945
596.0498170171236,501.5188749154273,162.43005085953973,167.40796710901185
595.0456035288862,513.8637339341017,162.47581537759467,167.86907075745432
596.1045878437255,499.6372498916323,162.2841620555331,169.47643871421914
597.9004500188272,505.968975927401,162.3340273469009,170.91944053825054
601.0836268054495,482.3699772898773,162.10645293701694,171.64628073932346
604.1439834071928,481.5991750433198,162.53542282755512,172.1354820208447
608.1983637632001,484.2778912231642,162.94136395880227,172.60541601323723
608.9834761662651,483.1130253175334,163.12991951289405,173.66059190294425
612.0747464074875,482.33914518933636,163.41841164992545,173.9900255907349
619.1667554846427,482.32137106696035,163.88826217084696,173.64751552116346
624.760735995458,485.3702232286015,163.96788404258797,173.52074844992586
628.8377224450255,521.9754613732661,164.136607829244,173.51334375483506
626.8416603498624,532.0727458205628,164.2449641763238,173.48033110413795
646.4483736141697,499.3909729248107,163.79318010376394,174.14281946156015
639.5447912064978,492.91097540121206,163.801852487467,174.1289079917286
638.7328216385963,481.8855225139607,163.86393130031777,174.05552520727127
703.3913537207612,337.8649868405171,164.66698432348792,171.94303210103365
708.4321802936686,315.3852721296464,164.62396547790513,173.9669070183804
712.4181420829932,315.63011983260526,164.7336392274419,174.6397047221658
715.3325999342397,327.5598146268845,164.7255395649879,174.68886730340714
714.3065368051914,342.2764523511367,164.71327683268228,174.6594633911576
706.8121952978998,349.7338194296825,164.66448807602524,174.5642282498741
704.783910513664,345.8412377038109,164.65264820159538,174.5400536088133
702.2015879907432,343.96924409159493,164.6125269739384,174.50040283275698
702.7145615368262,348.858807980572,164.59978028403225,174.48600836931698
699.4244556485088,351.7429843146972,164.58813128948788,174.47275928917094
694.336966686216,352.37159837569214,164.5747928688585,174.46685653606224
691.1524129923102,349.6625605487808,164.5424124293691,174.45574822992393
687.7747936717969,350.6077548689074,164.51586176756962,174.44477212152347
683.4819950338822,349.33331153948825,164.50270320691249,174.44041442802109
680.226950975637,351.3253951244033,164.48487393830146,174.43400924206242
679.1420603774454,351.83073769486253,164.47776833773332,174.43187736766927
749.1305655038102,197.23899819162358,166.9410657021912,177.59790031945968
734.7691787707256,210.21458539052955,168.2284906576183,178.42489555360572
752.8720715374935,233.1396847070337,167.88095860308633,178.58517207928884
744.4443913326545,243.7303600858683,168.13638157379967,178.99272093404636
726.6480027452307,274.1575420888349,169.25944363023913,181.58854461121874
734.2286410384069,279.5546377642363,169.25611458416992,181.7604005474031
738.1635413278882,285.40622526979115,169.21490249092486,181.92023498911325
744.519917396399,291.6288894584427,169.17024308156454,181.98340194262067
742.8834532072424,307.2194636632331,169.15599842711705,182.00114612642366
741.4248743488189,317.49110807281454,169.15134241753893,182.00518816358402
737.770896240262,328.2333683378061,169.15027430069887,182.00621946770744
736.9334458860174,336.7497126937477,169.15029271644073,182.00602625448138
714.047388233264,472.43591184873145,171.23262301828524,179.42354493670143
701.65658233583,485.43795205245647,172.40535190910052,178.15509647200045
605.0517135710878,571.8111685844924,183.24019625010826,168.54735054171758
598.9524911306721,583.7554238773009,192.93575483562103,159.52508617955024
591.7333841783353,584.8904266371001,203.39127411444025,150.35404535111405
584.1007269200053,583.400787275483,208.77207191509677,146.22515690286986
586.2018410271128,602.0228303746887,220.45117419099407,137.5474578809722
560.0630747535366,577.9246208507086,221.57421912828326,137.17480420554364
550.339863132993,574.9770945332936,223.9862757617045,136.80804415345378
547.2516459837381,566.2709024652255,225.0265825882904,137.50892049234852
525.7584511957813,578.6488699339434,225.47163228993637,137.4953389942439
506.00716340533677,575.1814716807885,226.33215617404812,137.5001647592816
491.55978444909465,575.2956801508046,226.763292947006,137.44655934638234
475.46955110174855,585.2848466540477,227.11786242490132,137.14935007341674
471.1364757878922,585.3541742222342,228.285803576143,136.7260109942491
464.01956917759776,597.4838727335361,230.24834890580178,135.11777516549276
449.76021369688607,598.6682557083562,236.92482048734237,130.6356094718188
443.39248517165333,601.5580188791573,241.57005041073256,127.3951177352428
441.41787154726774,600.5414163669755,246.48502805575546,124.80221125219079
439.93775326173983,595.6132307766992,250.29873238928153,123.9723183946574
442.201954567902,591.1833944910951,253.2395213281657,124.33842254545539
446.3258544988158,586.7037857427102,255.01834042385767,125.29944820872893
450.65929348110853,582.7749293948413,257.483611201948,126.98859706169364
455.09511555759707,579.1380356847324,258.74069210085077,129.01208598185042
457.22248449945715,571.9789365287215,257.981612137968,132.02131002781965
476.14264251080976,523.8798812181471,251.88285037551674,142.3092720283631
469.2244282841672,530.7143700635821,246.59941341132145,151.48845603488076
455.9992804972885,514.0295579897438,244.44343724130428,159.92149761724986
463.229199456272,508.2956765930672,247.44541801840563,158.34556877547118
462.5553012282848,482.17734622320194,248.49710932797203,157.68118276227202
466.88043177643743,492.74558714820057,249.6721570314104,156.01103048685974
436.29277536123703,402.68948190027663,242.99940925390106,160.96534303348875
445.79159440946864,386.06488276495776,242.53606528585584,161.2415569901617
453.50462084525543,372.89680475422745,241.98976838809813,161.52342986953252
464.00233394921713,361.0738267543115,241.01032766906638,162.2273616384074
465.9567709100595,359.2610422384814,239.69360062085576,163.27730238942792
473.68380591340105,359.5881170867764,237.0616417439334,165.17529483608743
484.1919210455724,360.35692423285684,236.9807618976814,165.24241401102861
496.9530882718519,357.541327880887,236.80844308538124,165.4069857928796
514.2359290334348,359.9511800590186,235.7238559225671,166.12583181350848
525.0335315479549,364.31145888329377,235.327800978976,166.38965011863255
542.9905247876675,358.2156507396111,234.05860896366215,167.17219734471857
551.3711538499389,360.28061663545185,233.6376676115803,167.37139763311518
547.1754950994765,366.99084085480433,232.8604041035939,167.61239671943463
569.2612043147121,376.9091466178726,232.37062629812272,167.75848172650126
578.8933815441495,385.40985164079586,228.63456830989003,168.66105002843304
582.5396993104899,408.0524715422017,227.38726759318826,169.54307325662714
590.1347112174471,416.31984257723616,225.98295316037718,170.82057750919014
612.601076046481,406.25570532512285,225.09885707774907,172.18769593126342
641.1636094412934,389.66603244348494,224.92467224613213,172.778803932088
694.2975373079245,341.79114835375583,222.25844767742072,173.1171417526596
707.9094723411163,332.52836706185747,221.77099728877138,172.94777330618288
737.1455672438416,325.37769032627557,218.43693767130915,172.501870498355
761.0699079347894,320.99616708618726,214.56321661656185,171.84843119209364
774.8639754959502,313.5752832176133,213.800351193337,171.77506736033286
784.6295323660964,312.9125925669624,213.78355210453384,171.77266829569064
791.1997280690019,313.99250335074686,213.74156081468968,171.76676833227828
798.5799723665041,314.1583226926364,213.74513605482935,171.7500786543414
808.2518056358713,311.0495584437631,213.78896837168574,171.65932763777528
817.2445817801114,310.3370207241955,213.81662065779057,171.6186157853837
819.2590100952228,312.3230015963764,213.88550229355874,171.5381061150728
822.7695564110137,314.62817534306635,213.95318958827718,171.4659260983469
824.1931447343501,318.70340244233546,213.98154413819861,171.43641210824381
834.4216258339289,326.91975879376605,214.00444033747846,171.41566382188645
850.6346366825263,331.1357343207163,214.06812658706096,171.36440715732914
866.2329750405847,329.9845842827963,214.20487920749196,171.26215143559233
869.0393887716139,326.9774911949242,214.2306063184928,171.23574732508163
866.9448985846902,325.7338172115679,214.2564478259156,171.20973264569133
873.5569965340767,321.8955753924852,214.25584659267005,171.20924723249558
858.4863921197208,327.0202561593404,214.26688078454086,171.19921694420765
854.8646150612904,331.6616427442757,214.28465918271277,171.18361754142688
850.8816406612738,336.6215553325049,214.30116798030457,171.16807398117942
854.963392935276,342.41593568115377,214.32243115538355,171.1464614924999
856.8100690771662,345.4866209760479,214.34761167227762,171.11987228241128
858.4082520474365,348.62573456677313,214.35778369369703,171.10815606440073
866.4098561310612,341.3434855383637,214.35802973482146,171.104419677555
848.8154941544665,334.7979921813892,214.37065200344057,171.092065288904
830.1533496826801,329.9642346202229,214.37493362279477,171.0866115467957
823.7030185892506,327.3637982292396,214.38632311983434,171.07455889464975
827.669029677882,328.7432632027185,214.3983212138728,171.06166547723302
838.4747072806522,328.1594154052523,214.39705626406973,171.06076623497665
845.705022710589,331.0425835327562,214.3958141371062,171.05954619472092
851.1035617863008,327.3776948575512,214.39468306057273,171.05867130819246
855.4742178421809,326.99217030230324,214.39391908266273,171.0579088141886
853.6023641013401,324.0799162877245,214.39287916406045,171.05729973214017
856.0975032112386,316.0308306510846,214.3917757870979,171.0573074006835
851.4673272749858,304.2961057445913,214.3903068664518,171.05826470573558
850.3769727592869,291.02159519341967,214.3872042332683,171.06235248898705
849.3757659557896,273.366431440572,214.38262764594225,171.06607751665504
848.6410318613441,260.0893057667306,214.37813102446182,171.07104679036317
848.3949893845235,246.7550842197681,214.37097316570788,171.07568296900502
850.023834810104,231.02783345970516,214.35828053117595,171.0864684399365
845.9897227802306,221.99097570640794,214.32392833512426,171.11029533569112
836.4040520721317,216.4749088985301,214.30083081699613,171.13116415042143
828.0615872063254,219.0350232666586,214.2826088457277,171.14697753223692
