576.5,73.5,80,76
577.4562096777543,71.60211721651521,79.32969709575494,78.37328853025502
579.6860343306098,71.46255685984411,77.60496280812555,79.8320979356901
581.851656255839,74.26323490084972,76.89026630378217,79.70559393879242
582.9078262655613,76.6999449041879,77.52358968880235,77.91441761307006
584.6151287758989,78.87733564793339,78.91149492966275,76.51867033006208
586.394475307768,81.58170828583116,79.51414782463443,75.44626691217672
589.139944948588,83.79246688821335,78.89787189596075,75.1956462375637
591.0302384317405,85.88323013176486,77.63936511268483,74.06439388414293
593.8875234505556,89.67121021220044,77.29212801038784,71.50778139096589
595.6086032642824,96.17580627202156,78.11481184683203,68.92503332497353
596.4972715554278,99.16709246800778,79.4191670064844,66.43121973541504
598.5627590495077,105.32226891950127,79.92527984028524,64.77221876113899
599.8336032857402,111.0697649071619,79.1469727297816,64.97091327110826
600.8323131583192,115.42975764647377,77.84040604391552,65.41413007825109
601.6321872741395,124.24714618916796,77.46575701824553,65.75058063873675
603.4112752954038,133.4200226075011,77.38079274100619,65.8404090093459
604.1128280531565,135.943117077075,77.37358377949398,65.8361936610489
603.2069510199275,146.49678361660932,77.32518214431474,65.90430423127223
600.617272421834,156.14084592980058,77.09521374083153,66.20882906472859
604.4251219722445,161.98144741760453,77.71198515240049,66.77503495600303
603.8477048230998,162.63932799198034,78.01962078554783,66.89760398074387
611.4932628517241,164.65729669393136,78.77077920339676,66.77878751037451
608.158196500002,167.42620317562893,80.36354793894569,66.37415278107969
604.5187049970547,168.78151052013635,81.67907765199362,66.19766604273323
614.6709868986029,171.0037399420855,81.9621832214557,66.31722306416083
614.4447195545694,164.37349333922702,82.40503451006164,66.45979062595691
627.869811306548,155.23332865630132,80.71927590234473,66.88085180333172
631.2244310899357,142.98301793681208,76.45158897457671,69.12623375561587
627.5000747766218,137.14551418179676,74.96852841547454,70.34442173134477
627.2229096224684,131.51115332756137,73.89515863337304,71.01575326494982
627.1054328876799,125.70412776897955,73.05512695642746,72.55806041696454
625.2374165381136,123.42738270741734,73.01225307177396,72.96829912102156
622.5173095266957,116.63597063646057,73.00633348102333,73.08707678466364
622.2249480068416,107.75352989800601,73.19390621283782,72.02196024521531
621.2255303478213,99.51244585620677,72.89655198429347,70.54726683284213
621.3530705719515,97.27211711369333,71.83025315510477,67.69166066125281
621.6028891226924,93.91015552690469,70.08696084885004,65.72067092436865
620.3543955480975,92.53883490582977,69.91865311240468,64.20304443199089
620.2486441737958,92.07021588574075,70.45208188854433,63.693316420113575
620.8084351296682,91.17609578659523,71.05041622702848,63.94263609666849
621.0197975693943,89.93867992374163,71.52809490678419,64.79565881663835
620.8663301005953,89.29014758167065,71.84973448626826,65.3313066483061
620.9085261890922,88.7036767855225,72.33105255583754,66.2943985402707
620.5996903968706,88.57034429874452,73.02579978560806,67.32907305724557
620.733722208489,88.85315185036791,73.95758243007155,67.92624586827493
622.386209816563,89.95410468865038,73.97132922358236,68.2714738758683
624.5112796375278,90.65953359257382,73.62865003277898,68.83138797678149
625.9833635786179,92.58538894045364,72.83747368387827,69.4095717283485
626.8653642639008,94.20925395299928,72.35291021290178,70.1421762235972
627.0642036827608,95.48218652360396,72.46220470138817,70.59378098442642
628.9808954121783,96.9425365559918,72.45679365466245,69.76614188995714
629.8664379260408,99.623916402639,71.77428375167796,68.78591288590225
632.8936111511066,102.62855842518286,71.2066745528281,67.76660333956329
635.3054325336534,105.71329316594829,70.95743888841199,66.8790128062441
637.1741430486476,110.1219413610895,69.99023623076877,66.7122071767649
640.7043860358278,113.72809294314769,68.69158201681458,66.42053875920006
644.107141576534,118.30154055478175,67.93325921741535,66.48819546159109
641.9572408569757,126.04423194087342,67.26523142908437,69.17802173481792
645.9604338153881,129.84825212749405,66.4564687651283,71.52200200671827
647.3315112453286,134.22332870372122,67.18380681753985,72.63700312062136
646.2847597042795,139.71491210443565,68.47365689785263,72.81207473014214
647.1725423199894,144.30437106156103,69.05701367113251,72.78901771677036
649.3182825466158,153.81846526422947,68.97743345210222,71.69488463980261
649.1818738077266,158.6509000472766,69.68969368367253,70.03496273606183
651.1936466084117,162.79079479392158,69.87632836489496,67.54735330411222
651.247754924967,168.17098353646477,69.97338881708849,66.50001235619625
649.0109669092934,174.15714347966073,71.10470901767103,65.53978410646205
646.5731988856544,178.87856592323752,72.12652439997092,64.96340955622254
647.4787120350707,168.25679078782304,72.97801207246715,63.21864615212472
646.7584738392522,161.63725878258953,72.1413850400318,63.00796689171774
647.5938531256834,156.95877250147902,71.3946645793331,63.30883002553297
646.4185113101256,150.53458203555257,68.93703913223197,65.33709968266663
647.58485288712,146.73211182826253,68.17115704941037,65.33152402592711
645.479232770254,144.2112338435059,68.53504048687742,65.09929365587132
645.163445732946,144.68493560766905,69.75981333773869,64.06425428259912
645.1352549753706,135.660954170677,69.39637043148372,66.66389772146357
643.710697497714,131.45904815533063,67.61164864058108,70.06882221324639
644.2621544660807,129.88015613629892,66.32157844383414,73.76753962190003
643.9969457792372,126.17029387754323,66.37372841606421,74.64785879349465
642.4311475868252,126.51527556967854,67.20407863465908,73.07231200849773
640.8176186675822,127.09302975099706,68.08016239019813,71.76673665918067
640.1721921243269,129.1372220447614,68.1255459065489,72.5007555025907
640.004998497793,128.68422993844217,67.27112722184968,74.5416302715646
639.4332705888565,131.8990915383881,66.30195767923368,76.6974631019462
638.6537057720658,136.51838951505113,66.3893495703912,76.57374580310008
638.0293708631763,138.14358685074765,67.3683095924568,74.51990495803915
635.9881089837477,142.7912862353969,68.58526590555897,72.86350183617105
634.3964661786258,146.54347958997894,68.3111294977516,72.49357509938856
634.5098432339837,146.97901217970207,67.02694297393467,74.13343473607395
634.2308220813729,151.03714573429306,66.55498709590564,75.31467872766096
632.3786338508941,155.2841070033968,67.22742285823975,73.99359726153605
631.4513224889052,158.91281568311194,68.95229615001134,72.02997358038944
629.1779062188702,161.88998565784917,70.83428799183918,70.86051140801457
628.7139534672062,168.73929434825766,70.63142507685504,70.5757047571781
628.9592033401656,169.65751810210796,69.17135850888441,70.83100167239009
628.8985112040898,174.1668778749863,67.60590296208152,71.99219278642337
626.9997148188173,179.1274437863326,67.97549528249222,71.3647306643534
625.1361575544146,185.6092324299428,68.79256084965819,68.85587959631023
623.936879664993,189.12086265723173,68.98996668801085,66.89509482303733
623.2168265114008,193.3852580082855,68.85172650433512,65.40341444960411
619.3611537010809,198.2382274884721,69.98613731052174,64.3097029291113
615.5105320186138,204.7774032578339,71.10474718012512,63.75471068909372
615.7987486879379,198.57048995546225,71.98792227710781,62.14307705061189
614.2104786846633,191.64470747757974,70.8796913180809,62.273064362028755
614.4701096691672,183.91693355513502,69.80575835955955,62.24689509723808
613.0430468428344,176.0039850856994,68.5295310382871,62.31113146024259
585.3090752394439,170.11001386403484,67.32672839545883,63.29603530646475
584.6519276682986,166.83731824838225,66.69070865833203,63.63949410750263
581.5390310328412,165.31942599171344,66.27746908851815,63.72202320587748
587.0601725231494,162.5408176503472,65.87311793163212,63.7986619429007
583.7196676369496,161.21549253704433,65.54036236894869,63.775735814526016
581.7114877477137,161.17293433366316,65.3418097328698,63.77509848985877
591.1526317350219,161.39601674688151,65.58645962446423,63.66251528983732
592.1823313897271,160.67999517961664,65.73472695056705,63.59050983847532
593.2570843924557,159.82401493660646,65.68349803709005,63.878789542177564
587.3488716913602,160.0316318390398,65.7334611132312,63.868613435799126
587.1608792149749,160.43938232071937,65.59047504005792,64.16258510484812
579.6453257168125,162.74954499012773,65.42628670252043,64.44721038477533
582.1736190605657,163.33326335085997,65.57717090887402,65.00702495458583
578.8163472602082,164.98872434140063,64.64672501907998,65.78519570498037
576.0316439920009,167.4592343067739,63.58327327912729,65.9047603193693
575.4831404399092,167.89796740547823,62.785952027521475,66.21824427721884
575.4142881112376,168.3554638061827,62.074352545250576,66.97125241231805
574.9451592305347,171.16665524845996,61.80855177870987,67.12545510668198
573.7361423563804,173.17891489842532,61.41007604177381,67.6655415196419
573.0230033560277,177.48893556840088,62.30119475264216,67.35554351465176
569.2727222517208,179.88389762487634,63.71487484684571,66.36215060210975
568.0334714059314,182.72091013175606,65.52269494262205,65.4903492707539
565.1129510447324,186.7454502741523,66.74535130375308,64.71279818365431
561.4447869644664,187.32323077339586,67.5370079287931,63.02086535804161
561.438080112827,188.07430428982286,68.16238073184151,61.43073156534612
561.3283659258673,187.96882695080964,68.37012543588853,60.2653252309138
561.126815438363,184.92937531829344,67.82218042090682,60.37956308304335
561.0406877224958,181.73991391844754,66.98530060636423,61.29728183076373
560.2837498884593,179.2077609198687,66.50454641451292,62.815625971079356
558.5819648376415,178.0245373970121,65.71447962192255,63.72791804853084
558.9699146120457,176.86144648492325,65.25216457962583,63.79109866917159
557.4995866285619,175.76300574630145,64.86641955133878,63.553021688468405
556.0351018525956,175.61656649942142,64.48328535494983,63.03005385826147
554.2617872853205,175.20817722964185,64.05587684225284,62.911940101029515
553.3645800051169,176.79737610042037,63.79580703528958,62.29438177406908
553.7454439678511,178.63086075856972,62.90669793406469,61.7666460469427
551.2804994031792,180.61279712515588,63.01371013317163,61.34560664201746
551.0530093668274,182.70044129418324,62.74034761315887,60.71862000074006
550.2389072706505,183.8275509591036,63.21601064492907,60.74068751133818
549.8094110352538,185.6593384738562,63.25696238715372,60.95571808600475
549.8466774786376,187.7691702877924,63.450506963297556,60.63148216198976
548.5465581910215,188.7897223694544,63.63639216786328,60.16800506146332
549.4582914159569,190.63131015319988,64.20590271727553,59.70177371165425
550.238299848832,191.0749852867546,64.58332195534612,59.38382917908385
553.9804265321333,189.2815101226405,64.78440422488237,59.412759153994784
558.6878881652741,188.36756978091609,65.03227602543413,59.52090397661901
565.8505640669097,185.7421779689299,64.271959088496,59.60378560779356
571.8798836117568,183.7918445182949,64.05509207826961,59.66524342932107
579.7565923841706,176.09717457351027,63.51978366430128,60.029337652386474
576.2182105884002,174.17599424657337,62.875974784223374,60.208691523728525
579.928384960316,168.8016842339286,62.46612790196416,60.65080920679398
582.9056319550923,163.97577340818646,62.1288819707307,60.946536497926644
585.1568074663371,159.91781192147192,61.57863885458246,61.27965116752275
587.0557765499894,155.59562707381073,61.1260986364967,61.59566888835779
588.6690239153759,153.64250732958803,60.840839686439836,61.89597256480673
589.9990544138361,152.4891561137431,60.4437744094288,62.4273382540955
588.9533174828999,152.12579790151534,60.18088268406682,62.98546504186752
589.9119501858524,153.3195888487486,59.59992933374956,63.761528176469014
585.486832708866,153.46486846705875,59.21708914581573,64.6862802286823
578.8597531342151,154.30748455279092,58.9712645075808,65.65811225666562
585.9147585907984,157.73715481542862,58.8095844736256,66.66207014752793
570.5868645130075,159.05890741786868,59.07803971294761,66.54818368272957
564.3874491518367,162.04886369816606,60.069022077135166,66.07307048813216
564.3873456481274,168.66045955286998,61.112616735997015,66.10154007938347
559.0395043478152,174.25137808881755,61.71299007911431,66.0207047469903
563.0733478839617,182.4341080302201,62.682877774887565,66.79272273894104
557.6069402279911,190.77111530094624,64.85885047360854,68.36812645615575
557.2421296440333,198.93283496125042,67.3417011403874,69.55008874687556
555.8290409153097,208.3202194532873,69.68345630154892,70.1698586421963
554.8000895548087,216.8321213498275,71.20009413092656,71.08349190661102
554.0357696637158,221.5783238184306,71.41213609378396,71.86063920023979
553.8443045305326,226.50221393618804,71.26305300346476,72.9938455598787
552.6558610115044,230.75617364098747,70.76092769525353,74.50436830421049
552.8415097045564,247.09782899379155,71.05761080126439,71.37156419039923
552.7422858428152,256.26008907795995,71.24130348527086,67.88067744491401
551.4664954409974,260.76630998611387,70.73791903126192,65.46100763559465
549.814872572548,263.5105129021346,69.74596966546909,64.47253504635103
547.6031183644914,259.1575313806037,69.36051239859893,64.63950043926641
546.8013408136237,258.06453633242677,68.67113379786554,66.84513267261127
544.8666651441312,256.6937923593227,67.0954797199805,68.61451255273748
543.7598965328981,257.89253237193805,65.27167773193631,68.59737548786441
543.7296060181621,259.02684357978484,64.28091770458445,68.21631808891729
542.7881416371774,260.2854007344739,63.26925179721191,67.9428899787274
536.78402478803,264.477676775036,64.0153404530872,67.6781842415974
536.6219916903827,265.88912808897976,64.20503109107838,67.6174316629194
533.6081335556037,268.33903760671285,64.86045102732345,67.50432622761201
526.6291565170643,271.5022976735222,67.1787833697832,69.19634552270415
521.8895891244036,272.1311055923322,68.73032587757763,70.55046455218016
520.4129884643604,273.64053153854,69.27281638604904,70.89768507607009
519.1357259166841,274.6291495315437,69.58747713203634,70.91637451654582
513.6911794837939,272.17976657616083,69.28445421412545,70.87243956442704
511.0527579225506,274.07076558477405,66.9896411095002,70.98315509395358
508.67566562794326,272.5758081931671,66.48257949433862,70.6895780272681
508.8669566144688,273.0603963219546,65.34989011371769,70.60614020210053
506.2610926857515,274.21426869280566,64.96030294963737,70.66205770328781
506.69646567569634,273.39145713387626,64.11147072729548,70.69350502463782
504.68172361408205,271.7040730575237,63.5994361623222,70.8417416717582
506.066952768456,271.3571762008049,62.89791348627992,71.07349901396485
501.2461256430372,274.8745222770764,61.43908098174643,72.5573758540366
507.4749180214974,269.4075021456946,58.37007940811466,74.05052198990808
498.5831323879223,278.4373915201579,59.94164506003035,71.5871101233056
493.1535072423442,281.2377260505296,62.52515758873554,68.34923260080075
490.1240361322946,287.0380639700272,63.949884453915246,67.90403428560927
489.9437536743449,286.40961109255034,65.36456383075972,66.5935357703909
490.8067635332684,285.3730696701549,65.98298981832653,66.00617960074688
