330.5,373.5,113,112
334.9487027053717,385.08195812950737,115.66897318270141,108.3255589912294
338.2202437687357,392.5240670532312,114.21158107748826,107.80237267606938
341.9049227169816,397.0704329576099,111.01312924789102,112.79421175201654
343.8029511587325,426.71467372053957,113.01774537235423,105.69404657137201
333.9931394214107,444.953548214104,123.78445022212,96.99203153199716
322.3977415439551,450.773114355536,134.7731070762744,89.12390750223067
348.06632641264224,387.15954842383354,146.25248854739615,81.02889581094801
348.53466543076877,376.08854874235493,152.21039659741635,77.57708795344625
343.5190867738641,324.7852628336761,148.66812194253666,76.44691965849928
316.73373434549393,312.8553974892215,148.25894551265594,73.99619693249147
274.7422816351516,266.3984979689061,150.09997471263756,73.86064141989964
268.8405937022494,261.4457819234876,149.68893121351272,74.14293317565364
270.5506874724603,260.72339671472116,148.90088502479068,73.83636093895828
271.8978850152244,261.0609191802438,148.41399397330488,73.84437599831908
255.58525614422183,297.6932044925435,143.46996155417722,78.27705573993055
245.30221828500262,296.43517116433463,136.83752614895837,83.65201292979552
248.15122701276144,297.7558552706139,132.43097516797383,86.89350013258132
283.5760974138666,253.77759403729289,133.3932079375409,84.41043214512175
332.09651678874246,379.2533913526397,140.957433579879,79.55309105446716
324.350724557701,381.2318410160534,142.72350744473283,77.13561757755424
314.9287651886675,382.5060692532681,142.30217120843463,76.792393246527
282.48351687731906,384.95782201797425,144.20279203767447,76.11386044202929
275.463051077109,387.6536366976426,145.61472869638317,75.91329734779882
264.0725178426952,390.49416722551535,147.17513781657797,76.39283361642454
272.33890840115134,391.54798661318756,148.63845807906029,76.4606370598607
265.1256584270175,393.6813895710739,149.97550623747188,77.04123896192857
242.94859473546916,414.9082996810393,140.4294985802854,87.74319190483962
246.0768083873167,409.76214464800466,134.43595750276754,95.39652849640635
240.5041109510909,420.5280142476769,128.8883134347895,101.54547052569953
244.39946204846407,415.49409500735646,124.81860714305827,106.85053263152345
260.9953041476641,390.8260447708422,137.17070041047847,97.63051890777466
273.94445631689064,393.1996122852001,145.36736677515046,90.82850659786989
295.3620591668638,395.89679904905745,146.96113522681543,87.65040780846695
286.9149256328355,397.8868796386644,149.10676509547025,84.35527279807626
293.02817697755086,399.8332761641227,149.44843199985053,82.70727959953098
286.09404889337577,402.9701596874218,150.57540856614995,80.22975622053525
294.9278461653213,405.4492102489163,150.79323768253718,78.49162770801993
301.84456196747783,408.9598302684492,150.46986734226215,77.67268869434479
306.3738182597484,411.75036124354455,149.51755783694463,77.37471304405025
310.57268603114704,412.9347228436742,148.67237737837593,76.65903430599502
313.70335481468237,413.6701226355579,149.33951709859775,75.34803878328272
317.53227281472454,413.7628630680306,149.73762935595968,74.44200982501837
320.1813122915074,413.63317103914585,149.37512731813484,73.92918256954022
323.2487347291635,413.64923779135864,149.66163006092577,73.09371888208545
325.82243327890376,414.2940763684429,149.91570791414298,73.02537380112858
327.0530896210644,415.3724923904645,147.7492095184379,74.90677980563885
329.02100954066486,415.82512962368213,144.80774896123472,75.82649096256327
337.525249919403,417.2741582943354,142.94176240541856,77.37738486561103
343.52460557538654,417.24211409692555,142.48192571961116,77.95113302758153
348.42490874689713,417.32247488640553,142.1129447428009,78.5691985250948
351.28278637759405,418.48199603435063,141.47569022908775,79.35765606708
352.74504240702845,414.8212920273298,132.1129858026652,88.61887125771167
356.80355819699656,416.8438403660208,122.59006292348127,92.47513747629526
357.303726424828,414.2399829427763,115.48789455482387,94.86036902162152
362.02562503219326,406.9116533954701,110.1243089794978,100.15954520607761
370.3636140056238,404.9608011536392,110.27754512870604,100.52644367663223
377.10314626971876,403.30293563658495,113.78581771294279,100.19263690899814
382.2297489139304,412.02976055269335,118.7335392052203,101.40338527014065
385.91835106677746,414.2706857398234,123.72449419365458,98.00924801824837
388.7821797987061,419.36373070866097,129.85260207250968,91.36445050954367
396.5053913883245,427.7492341907806,136.5408110038686,85.05011621376136
394.1172914536897,417.96544838926513,147.52819156008889,77.47152006166536
383.82715183182574,405.60428299617644,153.66041172178552,73.40979704535255
381.4497712631526,359.6930643386362,154.9702337226266,70.87932908699553
410.9923858482908,342.99559404487275,153.74354413364918,70.61493739913186
460.4119843667286,355.9407381248958,150.5352903951134,71.35608844807004
480.7519759999458,284.47508971533415,145.64595654274154,74.03306702988866
472.96107508356545,281.9515816994465,143.66817471156173,75.53766815802334
467.0941187968281,279.5816379450686,142.75743873309546,76.14728184780924
472.47954253421,285.34351616598383,142.61516276864668,76.20665624246564
527.3332406081381,361.2020233179591,129.6178648873921,85.61217001468701
535.4972336274669,355.41491807955737,116.67721009606407,96.54815666460527
537.9911447839404,354.2849354424598,108.80357478529923,102.8284342480655
539.6826256602802,339.69671028228197,104.12566886548227,104.94256195184408
538.3354410796281,338.5075738709331,101.16781300923884,105.61104323344223
537.9392056733243,339.89966211293637,97.57936388852755,105.93940031877165
548.3514839979399,335.031539975408,96.46057200980401,108.22318192064108
548.4518396585137,331.4641753156508,94.73499708792565,110.07955707221733
548.3988198178203,327.92831880183843,94.22549274818284,110.61410255070874
541.569787540393,328.70147291911496,92.59008215197544,111.40712165151331
542.7342161634506,334.1977905623051,92.12388972462405,112.50465436440064
544.3053160712543,338.7090771799426,92.05720088771528,113.33567018704795
535.6665435034681,344.8606562336223,92.06600060092433,113.50934542319445
538.3118542728652,350.6964587762975,92.26717460198627,113.91487160920639
528.811117371191,350.2411867108294,91.85876872088632,113.75588382257041
529.2999798086853,357.8412027580515,92.75879614997478,113.67142370383425
521.7437049106231,358.2203671916984,92.54855866124798,113.19669477946314
521.982545930144,365.37882245300244,93.03246887922917,113.70067659083941
522.3235071295301,371.76773311706074,93.45315730694932,114.22093952175604
521.8517870924576,371.1426627469974,94.03783016965711,114.43046219986337
522.1005135719688,375.8300113724569,94.7972192278084,114.91595724783352
515.1900736067346,382.9096117181811,94.73510069178518,115.58010460173418
518.5132597476264,379.507498982589,95.1295575916726,115.00168065122651
520.2326151851682,384.0490228144315,95.37607816380876,115.448407653374
521.1290569294198,381.8053123880165,95.37865990624749,115.55393105671062
522.464508757967,385.7455881988252,95.41069480582416,115.69695235684621
525.6029860151153,388.2071002103403,95.54028497689144,115.78079574256847
519.9764044698966,385.05157268541336,95.36137352051496,115.92532590533729
523.496173043544,388.0483568894795,95.3969959229333,116.12401823939251
527.4415076559044,389.92325767777584,95.48285200491419,116.3526559938546
528.8681641187725,386.75930981773416,95.53299409817501,116.40880507850093
523.8787223680542,386.5534699331395,95.33460098828351,116.48120671596682
530.2559642563318,383.8632064691422,95.1947088102391,116.43976423020406
534.3337089053437,381.84518181751173,95.07315505909035,116.36671223799388
533.9015598345468,388.70710844235674,94.59203617797903,116.83143377925845
538.6889886150302,382.1104085568393,94.37343033362589,116.93766485675086
539.8262136576675,387.08457015605586,93.39642947949906,117.95645229216777
541.6581805928539,382.9040482302322,92.47777825912029,118.82409366273606
543.3425115670562,378.73602963860765,91.73465299093715,119.3241499538037
544.7089930900411,385.2053722205237,89.73513624499725,122.06862652550629
550.2646606450372,365.811040931278,89.72572603124519,121.29819944335318
542.9377055104915,364.0873124365016,89.62680674863995,120.26089710215652
548.3347555467826,361.6165821328318,89.39633773379683,118.57225173720593
541.0297418079348,353.93713697785836,89.75441971588701,117.28276939700639
543.7944467178896,357.4049512993114,89.51238057774009,117.08674188935419
545.0320055387746,362.8434684556577,89.46783806834011,117.73027642431782
541.4646797461894,365.2810965306565,90.50416726200048,115.79961489597862
475.529968567711,298.15136515927827,96.39871321514867,107.0391191426413
471.69635043417264,295.6795159223274,98.14637760569951,104.10731169231816
477.9373521917292,296.60692335238207,98.64158699647017,101.43276041110057
543.5422943919889,240.91480111285378,97.84658907056016,105.30213520021579
546.7647370065952,249.65169051597013,99.63456059183582,107.66530097406122
548.2941500734116,257.47573915514266,102.51479466938463,108.25179994815754
551.8604937371097,265.39926111420743,104.32176932166374,108.84202333349481
556.6854458037793,277.38522213140277,105.14094802066091,110.97291883450453
564.9647123806026,290.06565652632764,102.99192071113067,115.56258105051413
558.9271634112495,298.8894888836528,105.36401858117237,115.76907664470174
558.1029903255087,308.4126394104422,109.22198689735303,112.11771882842763
483.0153331551579,296.0526461284411,107.49926046657019,113.84801079709297
466.78601597503507,289.20445680957397,108.71613648025817,110.73539514161425
464.88640922055583,288.3203289671349,108.84977162389076,108.24153820899969
463.44376793829605,288.77818428678205,109.60347836558017,104.77904269192835
460.92189246258306,288.6113043432514,107.29777872877983,102.28770859438576
460.1401779012517,282.3875886703927,105.55012429622087,99.18058976920472
450.7179886150055,282.0238569365609,102.85806488043218,98.12045391168826
450.79516443774867,282.8449429698012,99.66832857994702,96.37785476153663
449.3140646602778,286.40165789897554,97.49518696743885,93.61202202538026
453.6295190465444,290.12540402548484,104.00849187135825,86.54446894105331
429.31717517418633,279.30625752771584,99.8041429034279,88.92161920587837
429.9806694120492,210.26498623389074,102.67503469579898,89.92528911286456
426.40309308840085,207.16639258797525,103.25606586787606,90.59389860013012
421.8548218745428,202.91816484768083,103.46540317169078,91.80555355123894
418.1617872922569,198.36014188563158,102.85213180205227,91.7784701265826
415.99731937636795,195.68715051855298,100.26704900284881,92.83055809297854
414.32368638090907,192.8544766757101,96.58898635759721,94.27103795792462
406.16040688662656,195.03129644962343,93.34437263192879,95.23737092520412
370.75325488403075,189.53523660861026,103.32357837051885,87.48461756035542
359.8617436320439,193.00550988133674,109.02190887314974,82.39514118053664
362.4297847587087,196.774958177472,112.54682401056726,79.8524790052278
347.47562217017537,210.90485664438265,106.70892573792682,87.80197925158228
352.505442145262,216.80630299223884,105.62815331857637,91.13137262764721
342.77479052997745,226.5952276304103,104.79137610480947,92.49088602220276
332.987814380028,237.26150454966177,104.83579501847788,93.92570622239612
334.5129971443639,235.2085105659637,106.15830661077786,97.74495463181074
333.22296193879885,246.94559686431006,106.91470711147703,101.85467104268636
335.5612690058504,245.12814336991195,110.13757951912194,105.97741773027411
335.4018481608616,246.0900892326398,113.38277943206089,109.55426271822782
330.8090869213537,245.88153196059397,115.8183891722768,111.65688289090528
328.37488868766513,245.98734763801048,116.69759649170467,112.09726287096836
326.57084071148734,247.25920757646162,116.39962698004052,112.53965391974057
324.7969652862745,247.85132939063675,115.64787498088725,113.59758491678704
323.3273621274326,250.25078404867634,115.46054206822438,113.53454739254747
323.06535982359526,255.02226719948342,114.99616868756061,113.32661164665835
228.13150656333755,278.23349161700014,128.97643929499012,100.75408117710346
218.1916112555395,284.2998909357461,136.65757859680446,92.91083475137307
215.3590494522021,285.70741318562426,141.606250856605,88.38558767688674
209.14219548703085,289.3961934358158,143.7239588022063,84.05852303946448
209.21012391201972,293.11396679509613,146.7627910067177,81.31513931147391
204.07723759606125,293.6915704296666,146.52886404604433,80.16434188638868
259.50125350500207,353.93919401706916,141.28144105384627,78.78860154752115
261.4793631850945,353.89427493757876,137.67618337884215,79.54941801422586
258.5450746862737,356.30433459993543,137.59534087804002,79.10416565194546
258.87473322799974,358.1603306651724,134.2994426121081,79.75001978154228
259.19160251755557,358.50775932268766,131.12172105036103,77.40471450184344
258.56705989096673,360.0586837786135,138.0607882409471,71.4261244191086
243.748466284497,361.9500157219906,143.40344077065905,71.09941866032992
238.51126090508092,350.92518442548294,144.07136635340478,73.77995970183161
224.47297423456197,279.1831498572818,145.25135613731373,74.6254942923354
220.86296227861064,274.38620833166175,146.02309399269785,75.11151296369266
222.67942392120605,275.0758242488262,144.82116617183198,75.11033348322273
263.59905669898774,179.9002205893491,141.36631528912022,74.49495755022382
230.55096021465724,274.20638864118564,140.14820009127726,75.56162230104289
231.0169050910813,275.4362706721127,137.90172691767563,76.38726411344109
235.6642888992557,275.7857830437362,138.20931335100948,76.43467101892527
235.19442548811372,276.044994794721,136.75521464228754,77.4058144391436
240.5291837334243,277.52784362665045,137.53858091839007,76.9936267259225
238.20286732590657,275.57845964051745,137.30187428640403,76.55808750443235
243.78262266705934,275.1718963255085,137.78453737118832,75.73710952496087
281.8706093011564,338.99803100282725,136.978261673795,74.89444862979593
291.15175113969394,409.79140564360347,129.72898153675902,79.07314124277477
295.62239744071223,409.9609878385052,123.15682169190924,84.7419805646717
292.5603477516131,411.5937382319127,117.44074067307386,87.8261082263431
291.4844076881593,411.86766964936726,119.51770870640169,84.5408338924105
291.2167713359465,414.98239701425297,121.32168367942776,82.11823746380185
289.8703035676268,416.9623017982785,122.14998172197994,80.80440706178176
288.09717762628316,420.6382882389547,122.8178726179576,79.72028267209798
288.0701022169874,423.50216551373614,123.78199336242957,78.30983368741545
288.6265222078483,426.81927852776425,125.13578956158538,77.19832990362191
288.9264498230574,431.49670591624715,126.19767105792816,77.17395951691489
217.32478665446507,436.2938205641595,119.04739021737836,86.12775916701312
211.45877091371605,439.3832339220884,114.68413246852977,91.26905516996638
212.23555490618602,442.7464880838591,113.98343888182131,92.63266430095369
190.81423290140418,447.2803155759813,119.37481183425609,88.98155518462922
188.14791018058585,455.40098804705144,123.1558507399812,85.56249589464957
201.99792877629307,455.9581602581062,126.19905009031481,82.43693673941631
213.9742826923121,461.141385689014,131.2136140630863,78.43754749259097
212.85656676290407,464.9281204256192,136.05881240520927,75.1265382511615
214.63741117746747,470.1110096649696,142.66614899722506,70.28937286297594
223.63825139475097,474.4155014258359,150.84063128238458,65.39503353489258
247.47771169069836,477.56755993938714,154.92229647540194,61.25986229712728
273.0630321794587,480.4339070075992,156.44260398420948,59.0011872113013
269.05517807068804,482.36056271733287,158.25184075857445,56.80020368699848
264.23796911260774,485.2313269075729,159.7559190522374,55.167585390289155
269.53277288468246,486.1004301643512,161.10541749563686,53.834207902001
252.28526935570136,425.84892432539766,156.50066259070843,58.02039371320895
227.1023751545486,350.70818644227535,146.7600629009729,64.40997799996141
226.257302073018,352.73077727947737,142.81715099289767,66.32992713152659
227.26237494349078,352.10761075126914,138.0600043192586,68.42619691165211
228.06986889282865,354.5361959067418,134.99364856551082,69.60805667578003
227.17534050950474,354.29872650943526,132.84676315915453,70.44065162144946
226.27845637418017,355.32357770456815,130.8471452088717,71.32879136184471
224.69041498734077,356.3812615998327,129.58684807303507,71.50046428176475
222.5639124158987,356.7098185768841,128.89883034299444,71.63860735957948
220.20532932979756,358.26653544293777,128.58463779632459,71.49146863136319
216.11984341642776,360.3586923389039,128.5772696648733,71.16334218302833
212.68569508024427,362.3230933460294,128.79524056209382,70.87342828942863
208.69157969001634,362.95604645042505,129.08982395790613,70.8154117567314
204.71831120961107,365.120716502031,128.96202105207846,70.69294220939715
203.15544462116335,364.2517376606313,128.8028523715978,71.12935856376632
201.00226996052828,361.060169155216,128.63710668020315,71.72642951929916
198.02578338545982,358.9775877000619,128.6200471383845,72.41540305468351
194.71620032541028,354.6707770141548,128.18105390713467,72.83982307151734
192.86345085780488,350.53836664284484,127.67748120614557,73.46939515309603
190.5264147910989,348.2974510648065,127.26811351259218,73.53968150936792
185.93122544332533,343.2177762715072,127.4706458336276,73.65323184059554
185.34057372763715,339.08135024680786,127.35798523664549,74.16880926230864
185.64528062273075,335.75999676505654,126.89960124186658,74.63422244834541
190.74508584405882,332.19578898844543,126.25857119776998,74.51642885697535
194.5482049406888,328.6184129447473,125.98240540746413,74.77183077805074
195.32780990476317,326.5548654774721,126.27753579418048,75.16984122087153
198.45099322168696,325.2292788765664,126.44160245272184,75.87780560901558
201.35559895076437,323.91945930229804,125.97324373199376,77.3817170945122
208.60726821437808,319.35477736981983,126.81808216094309,79.847236850887
208.06290563669944,318.9329991946818,127.57111148333264,82.19230656309392
209.2199539969286,318.0125586711271,123.44785107326092,87.05383513599067
209.05377004167096,315.6380202161363,119.45963754761902,90.02478819038146
233.5894008501634,223.65483166170088,115.84018104538023,94.4444734047211
230.05618428840137,219.2890170930454,116.36035238148975,95.33579006110548
226.27099555208534,220.60505073716206,122.98605786563456,93.87956100491263
222.06004300556896,217.8004189954733,128.6096996472812,93.8859034792264
217.99685662340806,215.46908961948577,134.2231496477785,93.79502839102199
210.05944779070717,214.2642910701552,139.12472932184735,93.53674113986017
204.57169505319337,212.70193026917627,142.7504694961242,92.71598501774272
205.26702044075466,210.8964050056681,147.7080633880548,90.80754530275462
209.41263213820758,210.53255431867768,148.41425648942587,90.69581539087733
204.01787815867016,206.1258081785224,150.143839369155,89.17858772337294
204.79463102204028,122.93646404270903,143.51321429198143,98.25019286511687
199.0512696255265,116.97648928779891,142.30536654362714,104.55832167715269
196.57728528223544,111.56202840402294,141.90690492854299,109.54776828982793
191.7673768204848,106.30894943783238,143.3816756179134,115.1007764266768
197.46302707461717,102.90357636982979,146.49260766122336,119.10679834622081
190.7139945083727,99.22319497197046,148.24233504804576,125.15945722291025
192.21454141411624,90.60748973395026,153.50309159361436,127.58515309171187
191.00039443607716,81.86181557150893,149.80447152533955,131.61124091091827
202.0532452230226,66.88404301060447,149.42850818692227,137.39966414552015
213.27732892175354,57.40607499601728,149.8307874905102,146.43791561964082
225.31098042950475,48.906992283549855,154.28048848806927,155.24143134822557
226.97789887544246,32.816145299544985,155.7386022988611,163.14725594672848
235.70610957874206,25.66553627519727,158.18117152336544,170.24505669424593
247.54987669174983,20.230783417532805,162.75346777220338,177.07193126028287
259.0036720644568,19.658244362464444,167.78471217083248,180.21343571433744
264.1862657085735,18.219577954894646,172.369816516205,185.27843470722667
275.6938154428692,18.505773345458906,174.79698732654427,192.35737201295117
286.7812666928104,19.258157659369417,175.62548372192555,195.62647194592117
286.31215267134064,24.210489722128173,176.7485052073527,196.7172177859188
287.1267824436803,30.302895023046347,176.5096978092036,197.1848005251469
297.5990097374945,40.690109679520475,176.59474227553025,197.70303097172012
304.8897093637695,52.83570193297655,176.34622208944756,198.13504249447107
311.94915206272924,64.05579767118148,176.18319206109595,198.07762727843718
316.08137287791044,75.90999951820285,176.38999047437366,197.25178622172353
318.1734498104665,90.52284530362196,176.57633622016252,197.06626532044098
301.8991476306031,104.20996278238303,176.4646851477603,196.73691599829482
306.0941070008539,113.34911148147894,176.59980894113326,195.70348973962936
307.33798351102854,121.99609944374765,176.69659008902738,195.14432369058022
309.0273562288851,127.50508512782872,177.11437108535162,194.53120614321887
311.86053957806246,129.73526867387184,177.8495332222935,194.1509014405064
319.19953539312684,129.4245319582567,178.4055522885759,194.1280086073934
331.98996031201773,129.7143562254255,178.99117011742004,194.07813223549326
321.9110838681813,128.55556831521898,179.52591618441423,194.0587007717419
331.2881089945444,122.76775133625775,180.21655854338238,193.9537383780408
322.09178090252107,119.71805758551211,180.78349107935773,193.8317265722811
331.18991751800513,116.71064979029781,181.32714895495698,193.67201117973852
322.70639683812317,115.00447297042003,181.74494257302166,193.56486217972358
325.87023066572357,116.38790604851556,181.93620916769888,193.5286986621586
318.54785309412193,119.09426729875261,182.56536601378292,193.43159229251336
315.7075805440594,120.42140062098984,183.4032788202069,193.302701491087
323.2495029232791,118.86658283203151,183.8091534526366,193.23301959463842
318.6966311282263,122.45375393785295,184.8704891981988,193.32354898028558
321.0196745441247,124.55934547412097,186.19055360388975,193.64063853653371
321.3117666183677,125.37905724736544,187.22935219580597,193.85436058941002
320.73550447836067,126.19343053744795,188.62967111886445,194.23805922065551
319.55072587364214,124.0377091506186,189.90225908143728,194.38385925597194
315.6673823657036,124.49144770885661,191.10087139409777,194.89012790041357
318.3900237919102,126.7504617398918,193.01707974499263,195.92073341378264
315.3155225794063,124.40927735574384,196.1897259020713,197.56957790725252
315.14933754422384,125.13656612827134,198.27690833224617,198.990645284454
311.2275421429741,123.78353513173025,200.13116359778894,201.03492560887315
310.3278824554152,123.45054582564765,202.61469017391073,203.4260638661189
309.201250762166,124.13550803742737,203.87026121383624,205.19252059185146
309.219026290621,124.56626575144452,204.7485271453944,206.1548094231174
307.67877822545637,123.77181931998487,205.1910676101353,206.69953536346742
306.92082451575254,124.00508969980709,205.53105430467423,207.04688327283696
305.693904236745,123.51093981361869,205.84394370607296,207.32737252408796
303.2254513528042,121.88084180813627,206.11171581077716,207.6279783384433
302.4782867646969,121.17666653681351,206.31384454086293,207.8486853531042
300.75405551608895,120.7326257902732,206.58407341457416,208.06310346842298
298.98141399981125,122.40129261507423,206.7555888327649,208.26835662225722
299.3033560456971,135.81187428316585,206.7592189650457,208.31455435479955
295.09556646623486,131.61194965798046,206.7955218483354,208.44109961957463
294.7139916327404,130.97428824619044,206.79013190779952,208.46979415870032
291.80795983481784,130.55291680358798,206.7795269512459,208.52593341431617
289.8155021287443,127.2318607397453,206.77224866450993,208.58183386063556
286.0704975381162,119.61654607994124,206.77453687942702,208.61004676026076
285.1364769026657,115.3072855630792,206.77540280967546,208.61457891764206
283.0466975678733,112.23463352215403,206.77721947486577,208.6174669991262
279.7881245738662,106.21803262603846,206.77882343254558,208.61840980393058
277.27246935179215,101.18078168880643,206.78013032902513,208.6186843453258
276.2514526101361,98.96729837625713,206.7809104840139,208.61870051571248
