207.5,175.5,66,71
209.0945421502343,175.374816060841,64.23525737815078,70.36606513553875
209.04798717229679,179.962594324733,63.95320270599696,69.12261367214683
209.84991672538536,183.75591594728894,62.85680526688067,69.53831551217897
211.67297656936339,187.58862995611722,61.74368032608645,69.61429774995457
215.49793842441352,192.0009282211876,61.36481994377552,69.92495703341247
218.19858253048972,197.57470748303368,61.37712073232504,69.45792428944442
218.1974555099683,201.85019704331017,59.9634486745443,69.48547929517314
219.52104105521298,206.82383233806922,58.96070786378671,69.41285775350661
220.53164828846212,212.36282307934968,58.486734131388715,69.71166345661466
221.51521607498825,220.458214825674,60.3015011099875,69.54379103574338
222.4030809094857,224.7527422003257,60.32391840411209,69.29111056927685
222.39847655705975,228.32956669826999,63.222751943024676,66.49518242528647
221.20795836744668,232.12425752139455,65.01524323825119,64.63695379035934
222.3865395483316,235.06826795240409,65.85244756997805,62.992038339869865
222.5893215583541,238.67570366255035,67.24695872331102,60.916995124685954
221.54381009682788,242.52542888320062,69.06463638455124,58.31225503342202
216.64108409729232,238.18045126452682,71.74411754316824,54.35595096290828
214.05029364066382,233.2858001128563,71.33233660187207,53.14989956751893
210.54864596677396,227.54684978461245,69.06588326190762,53.92271160858912
207.72082359923525,223.1231547259605,68.33785814377458,54.00515288098339
205.63549197208005,220.97156649118602,68.3659900031265,54.22121978479744
203.81618328447013,218.64578172189817,69.6783894885606,54.769384324593844
201.55980767928432,216.79589235272155,69.85857968284944,56.46828186787872
202.66198042202404,211.9498521026501,68.34933396839281,58.96470416108188
202.462473746914,206.63312885584335,66.27433637424643,62.751912995241085
200.04419255364235,202.81574467806186,66.15264060878168,64.74756601724691
199.70918423712357,201.20374682111515,65.88972075223717,64.80863005046106
199.77513525975772,199.67893898058793,65.44005922291619,64.94898355118713
197.60917104079095,199.98664568223313,64.87547896715463,65.10835518970575
196.95343762597065,199.4621552392153,63.808074355907834,65.60165586038269
196.6276607336467,199.41575788042087,63.636696076022474,65.98530261802401
193.89876882208608,197.8833907636301,64.12766681168033,65.88397998019133
193.150038791057,197.0994559315571,64.35298362899519,65.2879166056258
192.16556551884898,198.24271274021902,64.07752299643975,65.49404181467217
191.66394122569116,198.88287578709935,64.06330050769742,66.43417065217068
191.51501062168862,198.3261366043866,63.9236831435723,67.21034263732427
190.78060569233435,197.75806583928124,63.80003570781676,68.25831048007694
188.976032617615,199.3247903715653,64.49367454066606,67.66770189631326
188.86572534040744,201.92897988140547,64.74407579732667,67.78509802311733
187.7835939289522,205.06728737634347,64.68689973550205,68.91051302439118
186.40890477112524,207.1402339108862,64.62070817353145,69.91186011720148
185.95808593549944,213.8476820994559,65.35896118370461,70.08522248334822
184.90647831423598,219.3918045446892,66.78198163109982,68.67355897563314
184.18414575603185,223.26590328688232,67.555556204238,67.36780963043753
183.69702431191013,226.59828463432788,67.60120277471333,66.36577524517777
184.13365286113932,228.92870487212662,67.81828176062078,66.08581274122943
182.0553286210341,236.6205706709573,68.67389912816031,67.21856063575555
180.4786311863969,237.3055698381562,71.81789106856081,67.4231025588117
177.8788938941547,238.29911250214764,73.62494869900473,68.0269474542938
176.60000671574903,238.03706330608088,73.10414887521299,69.71834833570801
176.9757875346632,231.0522791471758,72.11508667412076,69.41023911750747
176.19779720250204,224.82983303169527,70.7694696001771,69.88048287282152
175.830039972181,221.27772278062565,70.04702750831368,70.0665615330723
174.51782958558053,221.23289068224568,70.98865061115025,68.65208141888105
171.6712428834574,220.4509925977827,72.70340971829259,67.16531449080692
171.22294106643983,219.36433417585465,73.09081164687203,67.21383589780383
173.33694034605912,216.61900775412008,70.97903594606237,70.54759119641214
173.80846993644752,219.04625210041496,68.27838194144826,73.80860295395668
172.78232547682046,218.9383449232157,67.612404850418,75.01151272394733
170.9812525556062,223.6680197778649,68.89547534685343,73.62042702221734
168.30691748094202,226.55589785104988,70.75939164905965,73.42768250304466
169.6815416652384,229.67383837804772,69.86183702989464,76.84677161811638
169.6247161957973,230.88601560595436,69.15556593880478,78.50207996213825
169.49109975270528,232.54689030797363,69.33830921121739,78.80048589257238
169.1166808835434,240.03920690647533,71.19979329086499,77.02236323939226
167.73152035418798,245.06458478936116,73.16104435846408,75.92196109605709
168.32300432044445,249.4221284944068,73.3455009140188,78.23010709966212
169.05046646674273,251.5438390567349,73.38305225027507,80.32410834591657
168.22940453166052,255.9217203657562,73.23382313315005,79.65091198916545
168.18596899261925,261.6576761808475,74.99840951274626,76.95401523630227
168.04176969955535,266.5050661668332,77.01125832947254,76.30907905247767
169.06453446996846,267.1023185028726,77.18260291126589,78.30144805479168
170.82712771756934,267.30638236649503,76.54881270016759,81.22534204080364
171.20293896008607,269.45000840738004,76.21120249822086,83.81654035271038
172.02116143403583,271.9227519668759,77.69514128979276,83.1680851131436
172.28701710858786,274.2974770665366,79.2480725893856,82.09701778735749
172.87236837302532,274.32186154900813,79.82685066563613,82.16714184226943
172.77858478656265,275.5193495526781,79.86153332542179,81.9699340462943
174.16296278575885,277.2693253732023,79.76141245695796,82.50045897537514
173.0055068144453,280.5741946412943,80.74586718904426,80.40081079029596
172.17836741006113,283.3773518773841,81.29910074692,77.265025159135
172.93698336501024,286.59626870724423,80.85416271462336,75.3310615097908
170.0105683854032,286.94845460207034,80.64894776340655,74.33915727136991
171.31309650899055,285.79955012202333,80.43720182468823,73.73043608963354
172.77246783227446,272.10751721107385,77.62841808757244,76.38150210989676
178.25972241522743,251.68055693462134,75.55591793198143,77.93279128462792
183.0445736394718,236.1628946195451,77.12676418954737,76.358706582505
185.45518698473018,220.23565327860166,78.35006073816633,76.1193171940794
188.2506587580113,210.66292396321677,78.73868328886363,76.88313062221243
190.46186822697558,204.05407734196535,80.1330673294507,75.56059502102627
192.43670372024735,200.26599431784743,80.5508513485529,76.16856467720284
195.73674336390837,188.80722203467735,80.74433733451576,76.49718865028126
199.49327583959595,183.00541399631607,80.11573187868504,77.80679647199892
203.6877207690834,175.05281789059364,78.5413323380085,78.30055069516257
208.70916520324965,171.31687923200087,76.77151094404121,77.17320296809761
212.59477549703774,170.1309113752391,74.6730661018569,76.50193318197209
217.49395613574723,164.35700373778232,72.81446121787053,77.61710170548186
219.61490617898176,160.13917626719473,71.85002575962105,78.88128934242727
222.46421048149372,157.28306092244483,70.74072493963132,79.82376609897419
225.30523777511752,156.03508510808047,70.13396818487271,79.60921438793545
227.15411644456717,157.36766148113855,69.67166063692805,79.14152420056566
228.91730538500323,157.757746166728,69.32124615785034,79.04172718675525
230.8537428749313,158.7281129349995,68.89571285852091,78.95020069386001
231.02379742790674,161.9293801532225,68.07889903588764,78.89974946359072
232.35986257424767,163.46634579646621,67.58637351195881,79.57403409087591
232.41064784796976,164.75835345758594,67.85301617104423,80.56770054849787
231.11302442167852,168.0713187660673,68.48694059683076,80.94424328587476
230.67142721665675,172.15553910628688,68.12263911721064,82.09380721358994
230.41064883859298,179.0023961934187,68.43035582085272,81.51180930977304
228.67548180469643,187.23167839398553,67.83912735049881,80.12429841358323
228.12823471145902,193.3438693373685,65.9583433978593,79.25579821779634
226.43245439154956,199.68182019553836,67.45279584046597,76.68172221556789
223.71744453430566,204.8304896519429,68.43990488371962,75.48360643966065
221.10418480563584,209.0594960667156,69.29081160531098,73.71197828800223
219.26947499898665,212.402737860924,69.66076174763155,72.21949208270314
219.40773749574475,213.28839554365888,69.67087733858419,71.75939772076579
217.40019949373726,211.11367512768362,70.13983079163486,72.09510516572286
215.99743519422364,208.6273281742148,70.68571583597458,72.04448125878723
214.0637530341572,207.15489921653585,70.8999191072183,71.62489110361902
212.0378379688637,211.87421495847155,71.37464609983536,71.4039844198575
208.93422600321267,207.71049400089285,72.6622619149875,68.74818811480004
206.6531829349106,199.82984929154043,72.77018116240095,67.65666762749905
202.88986641085467,193.7149694911621,71.54527593384047,68.24119121293583
201.8583104669318,182.54648869481935,70.50891053057902,68.1183997691223
197.86485853169984,172.32060600870895,69.24717624796673,67.83766315770056
199.34367327825936,179.8750684217245,67.84905710507505,67.64507439123972
193.01000062236818,164.15318666876635,61.158982449206086,73.03033760723905
194.49672658800722,135.31173027966608,57.03188619457896,75.73170970550795
183.90404483050025,110.20832674693933,59.30456431530578,72.59311500704544
240.19786894399434,72.11717694378055,57.219433788512966,77.04653277742553
246.9691637910051,66.39931219101351,57.86041400263352,79.78901067315735
244.45513982950553,70.06513520554999,58.882907726413904,81.49819334891836
243.8637718118021,66.63710978162878,57.573892090983335,84.49053736959709
242.75830394149085,67.77974264423096,56.58580816111943,86.37982837657046
242.9444116656055,65.15994222936614,56.07051587582731,88.19114313070807
242.95404549994367,63.288646350993,55.76487623101375,89.38674330076917
241.39672253887693,66.03768310881671,55.52518159986356,90.37771015987762
246.69048458064196,68.95237967124919,58.19292275223438,89.42438848810713
243.75128679529973,68.67638692261896,59.09224241425795,89.4311045556839
248.63050784757993,73.53210759640592,59.361724847356236,89.87468964396204
239.99831712819275,71.52809488128192,58.031303429685295,91.12691125073897
246.34658290507042,73.24314160154589,59.96411300141823,89.64273982730849
249.00784135532675,75.4430199167164,61.34943845091168,88.96011290430391
240.35633098004064,71.47732204788892,59.876084384589355,91.4772425324923
248.31053065816548,74.70280786824516,59.82051686885483,91.6704488054456
247.1821590924899,76.79630439218471,59.73620174596402,91.24553165859801
250.03495312901816,78.1739128250637,61.13713289516705,90.66004235669806
248.49913501091922,79.52967458348549,61.02571587628374,90.69975313283848
252.2392390489189,82.33138542211381,61.51572598189448,90.17522320973222
249.38442435205863,88.10651899212166,61.22827266534891,90.28742974830539
248.037053459719,84.07312003216131,61.750975418045755,90.65099633353981
247.13676122955553,87.77616484921802,61.37680120565846,90.65449646688245
250.84080362651108,90.08309081018359,62.11605146423763,90.11902799069104
248.5827365822213,91.86778579713624,61.899940107565754,89.81894443806569
246.76762591844755,93.04487717045234,61.693842465386616,89.9775020650449
249.27430845783917,94.6550355078467,62.261684661994025,89.59982650544478
241.18247061394135,91.70193450613345,60.99785058416464,90.23108134242841
250.0253487985812,90.55828028413428,60.54424143168183,91.23906465882513
249.07292754957308,94.14076451661455,60.42123520914755,91.15777730043199
240.71982099946536,90.40840571108508,59.40224193424089,91.60128900939131
250.00909065012513,90.1375080255425,59.24284440233054,92.18799560487152
249.1477971460992,92.27179158826537,59.59528740079224,91.65822757457957
248.26406503993883,90.09258201698411,59.47751141593131,91.9797094803562
253.2553898499505,92.19839939909596,59.891965105539306,91.5263390193399
249.8198667991883,92.80941413503332,60.41816591211129,91.25403642706189
241.30192028300615,89.88794363126753,58.816487609636766,92.48171683354977
249.45564933120508,92.87370995574544,59.128183489679316,91.92199505953292
178.01298330410202,148.2720289015285,74.56946952337765,77.22511150146288
173.61513881640707,152.85480001851508,86.72229021835678,67.19984033510906
171.57548814839316,155.60248080673952,94.17438880513228,61.111111718502855
172.05892837993642,156.8500420901299,98.91324927069564,57.27594191146483
174.15762643390204,160.7303716969147,102.62038941001782,53.97437006972143
177.42536123821301,163.69380682998806,103.68835245673034,52.679441598923816
182.44197319547885,168.39611774882212,104.28903872133685,51.59057274434893
186.8021227754537,171.8217321973622,104.58555570060834,51.70710297965403
195.90154677288703,182.16962773277612,104.69931833196239,51.99211635218555
205.11247183606076,177.9529933863268,99.76429891697964,58.062773036035736
214.3552272972949,205.13469526788072,100.68232193005825,55.67228492234201
225.07711059999113,213.65618090827172,103.2203325158279,53.49663847066151
232.59883954224998,222.11590136240935,104.49635743465495,52.3536524879234
241.55238924790368,231.12683344728447,104.4188688479325,52.95387579681084
263.64423580105705,235.7249006103503,109.32946361394025,51.114182968481934
270.352800063826,244.76681755780055,111.5468413139882,50.18184596078844
276.69147251997947,248.1944178208319,111.81731420411049,50.321537078249946
282.2327304531484,257.12114356832177,110.30164232428389,51.14404040199577
295.57415092399424,284.93428178171536,103.68485668044373,57.96084869200551
305.8415340488162,280.2756715469094,96.25717756611485,63.879204892360846
250.60036097063016,317.7974638164156,107.0344532268814,53.78256554377812
241.93500347557614,321.9840388553803,116.20699084119599,46.0484936061075
233.3383909417194,312.4339066744817,117.18686561288895,45.6493683194672
229.11172557169593,312.5582684301692,119.53260377023327,44.55092832354548
227.04211257344812,302.38478140684964,120.41952402065039,44.70701873371006
226.36182555675265,294.06983237101554,121.45790452085922,43.9101647149241
222.0704104442549,286.8028515275034,121.79007289587909,43.75748280148452
222.08427738058657,284.9442007949682,121.65131000177384,44.03646649082861
160.463853817144,253.63233919278377,115.65372329076828,47.60506350501191
159.59986249333585,247.08426079445957,111.7504078731991,50.6481530943239
163.1780773936361,242.75514671163228,110.16976800103488,51.836531196654505
138.0360004394847,198.28956385656213,116.02557718277518,46.9190640942948
97.6363855830091,198.9677634596946,121.01467963742559,44.27225663436014
86.87091682708537,197.51133106928847,123.4665766219293,42.670795796428486
86.76520214654745,197.74303640192488,125.28171436942634,41.36219013575238
85.92200665390702,196.3218357766125,126.94762097987112,40.470621221124446
85.91644189988799,194.84055704016794,127.48688179408059,39.60557440019036
87.1194389909194,194.19681557060832,128.22457843652643,38.70821594488514
87.93945171229313,193.41375486803838,128.89563416481474,37.92903381456359
89.16207347714834,193.09218037822706,129.24120098170772,37.3668059307066
90.81116371833996,192.95514233043687,129.403178847408,36.90672148379887
91.4735667514344,192.82727687412253,130.11919600242575,36.39519732860224
91.73916461091949,192.06071105878604,130.56610213301155,36.18378194980715
96.05371507747722,192.12321675657563,132.53777691858505,35.894416334195284
89.66904707695282,190.9229678608577,133.15344833070563,36.09008324069767
93.64621539513544,191.91140806621652,134.37900232696978,36.430764456414344
103.09553816526245,192.69698899747874,136.10239658163763,36.85951116036482
112.49851856305627,193.3043890095709,137.58371110038107,37.19955050881536
110.57387026809981,194.04204141383744,138.71337983308572,37.646259459895354
108.21769785279103,194.5876462611331,139.73776046272977,38.0874100806269
105.31775031987313,195.59801257280202,140.6968099436962,38.47367585320888
101.92797935376475,195.89881193989066,141.68089022124985,38.84267170397343
98.6843560070262,197.67164207470591,142.70985873555827,39.058182298448145
96.04377849491165,199.02607554592205,143.92378591936378,39.31017727732632
92.66520425301584,200.85622312362406,144.79246470711047,39.58188299739533
90.33854920152868,202.4840709554989,146.08606268621395,39.83949442821961
86.8815607645753,204.49424852675597,147.28987072161974,39.93102578701776
83.08509237235029,206.50609964982462,148.03920723293743,40.15953606529448
80.23185032421223,208.67902298818927,148.821602374288,40.342303432754676
78.30378590033264,210.87426035834866,149.78918046368537,40.54282591152156
74.84592238190689,212.37799503310293,151.1047855255918,40.777121822709454
71.05836760363424,213.93738101893044,152.32143894734097,40.93618116704869
66.64020180396776,214.92655808292844,153.6490639770023,41.15751451997918
64.16834290457103,216.29377017409422,154.83954095205002,41.360200761689356
59.21865007496953,217.80135901611743,156.31680365593076,41.47963444582228
66.46538187949614,219.96190958735997,159.0873514299342,41.76634618480696
73.3774338007671,222.2763029556654,161.3012705823874,41.963831458999344
57.54055231265798,222.3364867394075,162.7932994735226,42.33558377004563
54.42283521421089,223.09753443810195,164.50186151236625,42.60913515934644
51.48133699517682,223.9259409878009,166.49384075187177,42.67043095238932
49.55535115844805,224.91225095720065,169.08130274744235,42.62050426615331
47.66856185968405,225.39358312122062,171.12458413713802,42.786035700747654
44.81359202552896,226.38342272502905,173.54357112295307,42.86822134603608
43.08552959997576,226.89607981154452,175.90621240682162,42.89522026237586
40.14151464324165,227.08032064378415,177.09238570713066,43.12508137419512
37.43127729636063,226.43235076646252,177.98273716709753,43.47211667413031
35.8218974072727,226.24377646885583,178.87273250664424,43.560902021233865
34.365245081862696,226.21749967567243,178.93384380190395,43.81141258687539
33.28379154244736,226.0615853280523,179.11611142303198,44.08649639696906
25.68669836788058,226.86711284349403,179.53247050928712,44.11662235821205
27.10518878653255,227.5866045007677,180.09858920887893,44.16806319985368
27.00378139841112,227.7514911619421,180.14302703807647,44.41194631728601
18.014595377727275,229.20290462508473,181.20663658249592,44.2592834229832
27.243351795580367,230.72101595646262,182.07275694075946,44.73499551746008
16.16679589797286,231.52067112286718,182.03868726319615,45.01973412340221
17.56590730366314,232.31258113044345,182.33831739714336,45.283899137470286
26.575319202453784,232.97100029064148,183.44992763581695,45.49527074177209
13.161137224154672,233.56382465085682,183.81633366089662,45.76483985962878
12.745899706803499,233.81772208145696,184.244876873299,45.943620351574076
12.817187380314621,234.27945707205103,184.67913334390371,46.076419420030376
11.880533095852556,234.9850948767365,185.34805305594003,46.1294259656964
11.62551302202165,235.34705736245107,186.51348555236817,46.11951671654204
0.601109692109631,235.67600880413568,186.8949624239842,46.25344729350374
2.343823369352293,235.82181272720175,187.7364183855389,46.227508882634325
2.8074689112636406,236.05931826153483,189.2261206813091,46.1318093457503
13.948946068889555,236.0344299523027,191.83810769601334,45.84138178492757
23.760294042127413,236.9180188144474,192.70903166836086,45.98031816204807
34.15925336618821,236.8590476884627,193.15856480246583,46.3696887606514
31.176140258030358,236.73119374514906,193.8321136162852,46.76168284637158
44.090717425545606,236.25244327249555,193.96880438928693,47.304638941090715
42.67028634438083,236.37784011857568,193.96356693651944,47.782815895788694
41.266976301746325,236.29210517091715,193.99517882018932,48.276304176039226
55.047503016121254,235.870580687088,193.77772471089747,48.65550887418344
53.59223582247769,235.23400118137505,193.3308076592808,49.10262302810737
51.84305732492217,235.44444379991853,193.4220615927158,49.402515779454234
65.17295694109465,236.3913998965685,193.31544305495092,49.57984877963574
49.19499822859679,237.31154600182316,193.4902649751859,49.722779172924305
48.0499938548834,238.6239968368548,193.78907709022744,49.861316919746464
46.178646784203636,239.37248838324084,194.09142522900822,49.944269496873346
29.24350207352593,239.99222144156113,194.4169835102269,50.030752810698445
27.682700307262593,240.75245186656744,194.94813198751677,50.05208304211437
26.335001505019548,241.17803920524202,195.59269493624114,50.097270311824836
24.301585849810436,241.3562487315574,196.0656482158824,50.17295820113247
22.86828368664979,241.39386181773315,196.28526891869905,50.30233155828576
22.269615751547036,241.56905181323884,196.46214120305098,50.39972684178953
35.151864702296095,240.8056167884116,196.2785263276759,50.54459263042715
31.97109408621195,240.45726964878617,196.4091505829155,50.54751805076842
29.719528936187686,239.96266404782554,196.52463182366836,50.6533913973506
27.66363672641296,239.9188787815961,196.7738459574207,50.664296103667624
