586.5,305.5,226,234
578.4253779864255,297.83849681126543,232.62906618596264,229.165770278226
572.5148428402,297.91510969543697,237.78853112028975,226.70416485976688
535.2741581825231,229.40254072100134,235.03667747421758,225.6347440928179
523.1470501701685,197.53628991214742,235.02793497231562,225.951291120682
502.0110105588157,204.96575266011175,242.9245449872575,217.25766647085317
500.8594337463333,162.79548635424533,240.74020843506773,220.34401054498832
498.76350532124394,72.2194179156638,230.80188588003406,231.6444628518389
500.98931856805416,72.63596262482929,222.32058819424452,243.82267447415734
487.70031995718097,73.44372223052301,220.6156168948727,250.6410980575697
471.3718501005336,74.17841458796826,226.1258891276986,254.10661887170141
453.40272582354226,89.46091745163395,232.1050503098552,254.91647581526848
433.95214862542514,82.43579055010605,233.75766954983948,256.7627043497696
406.79561292148776,84.1307522467155,230.40342452094657,258.31459251813516
403.9475732182868,93.07929648796018,229.55405610096307,253.19481059234747
397.69591053366867,101.96080864736105,224.48260768174714,251.10382721287678
392.61210997518356,110.5224085489981,222.0022452748526,249.8202108065143
386.55982175963743,108.63492879980177,215.81935374940196,251.89647845996677
362.79620082328336,120.63522217111421,214.89228425126038,248.32188086834287
362.8458661190235,141.22665125383133,217.0135278003288,239.03046404812346
362.49250796674414,157.0117141486998,215.34196632626205,234.5349861618289
354.3865673456112,165.21677677260527,214.2949345283668,229.2033931329511
343.14499293841686,175.18975099734342,215.92418243333165,226.2324908413117
335.6836302006537,201.03575781207877,221.1454470705402,212.74167578972182
334.25637184483367,225.78094839153007,223.99052939229847,204.1455550373134
327.89731477203185,243.60186908682513,221.75430832519453,203.77766613085413
323.4201232444997,259.05729080058546,219.5409782149756,202.9554934339243
324.0714843461616,272.7948794986587,221.98515466277496,202.61580836260697
296.80073035641334,292.4593448835908,250.04605656316986,181.33846565121434
301.09536156430516,269.510438907074,257.23452699650727,171.4106588603516
344.57165284851067,237.97860343625896,238.76236740172914,186.84807858127846
371.3785724034068,221.71471723960116,218.23195190643878,204.13302260545342
388.6214189909929,213.58686683240342,207.1391935304609,213.91763453358794
388.5506251453822,203.4195326199793,205.5093198540752,211.40417177862662
394.4130008637474,180.99216013482635,202.38421403196878,208.07456005947938
415.4039605674393,159.17703138980087,196.1815533526123,209.38236881906158
452.7122721312594,159.55747789716486,183.1912272220425,220.62900124836435
464.72219722256955,159.2041002270252,179.13580498742027,223.62443285054556
472.86214518737603,156.90309285034263,179.41339845294885,220.0751052119429
492.04110748370385,151.7490247045573,181.74959617474636,215.16377147940466
510.38503433460687,151.98106640728426,179.90692679911223,213.27825605567074
504.2716988697348,145.0103483747459,172.6851018639881,217.19256199379436
512.1003501698458,150.58601399351667,175.35998310165678,214.29949625155308
537.4326593417615,156.33083716022063,184.38695411329428,205.67145890023136
538.8837736042302,158.28499486947482,190.30381833890598,200.34075385521996
586.0377721812151,107.37377884173672,184.99268550378383,206.21637804936805
592.6941037409671,91.06522856676959,182.2927285686672,206.43401876043512
596.4804388363527,94.18803823349866,181.26253360143713,206.16310655359442
596.5253658938182,105.99630241278824,180.68084728979366,207.3230121397174
592.2649975811802,108.03263403038846,179.47712617428607,210.3012836960819
584.9315398872782,97.0237444726126,178.98334934712418,210.13373718907502
602.8868279291455,213.00794497941925,181.12360028975667,207.10987047721954
602.2208025720225,224.08592060202042,186.7100917884571,197.58897382033507
603.3431373369475,244.6145316826556,192.4038945295726,186.40813067212622
614.302286477786,256.2457460305239,190.28741509555198,178.11433085975148
632.7862181676425,266.9084582527453,183.12728334425697,176.27004464467888
638.247783107254,288.6124038190453,181.53331034064422,173.7937102137389
638.5122656080118,315.1848915397286,184.19725505668828,168.9542195441009
642.1649859279319,333.9019423143444,187.0259077014553,165.91911244067
646.7165598447516,345.76554677989327,186.42663369288903,166.3351682800801
647.1340157240254,351.8193595517944,185.42612021889602,166.56157956336526
640.2670627158775,359.47270392587706,186.6882292457508,164.48934401649387
637.8988311966298,374.78865065997064,189.20387304939834,160.42704588522074
630.4268939894126,360.5746138706276,188.77105659926957,159.65390181253966
630.9537458455753,331.6370468257334,180.9421162803462,160.83780894309947
632.390099684152,324.33798088938175,177.36846710014484,162.14537627875453
635.1372443429149,307.6444509993681,172.54201152809878,167.9086338737233
602.5536094750189,265.43882850575415,174.5199425798088,168.70357637071677
594.1045332452193,261.3463768827912,180.6720833053992,164.76948967218453
568.8456751828334,231.35141829824397,174.45668709496587,172.9119489555369
545.0431950647694,207.75361857508926,175.15791121659174,176.564747498526
539.8793975560054,183.34227904341185,174.99669283385123,180.87591380553314
544.0409208876148,181.0588516618111,175.4522630758449,182.6619622657104
542.0377135586516,154.2028896791975,175.28797289215748,188.80996334885748
549.0319780785068,145.478113946438,169.53276694967627,198.78429127311674
551.014886779555,143.06053376604677,165.93505787973692,203.46660233220337
558.2815992660852,130.67335279066322,163.14080298113927,204.60842071912768
556.3008321537313,135.73660736520475,164.19147833629452,204.9299372734748
562.6003115170228,136.1640241182673,162.12524780490213,206.32331276698352
549.7918060412917,157.10248957941383,165.01370498439167,204.776051797083
563.3797863768177,149.49947596520258,165.5593820391697,206.50285386681415
593.7638821014975,132.91364599564443,163.35573145284712,208.28466891152124
519.1973011911061,166.81963761638445,167.23143172577835,200.8053158275119
512.47636542502,177.3725646630103,168.4478603715979,193.93217829462395
491.4800420223503,187.55856558195825,161.639634374203,190.26191481427202
491.60911644016704,193.99990511861844,157.99705203065025,186.49635266905221
492.84906522557174,210.04987512285356,156.4239374445745,179.29710464666593
493.78896561066813,221.460452077199,155.18510046718262,171.8254094324331
493.91542929076564,231.8182170276637,154.44029227288488,167.2859316250095
491.4102065199871,239.7352771230709,153.56995997859593,164.27783262865316
486.5622048316693,250.9262297162236,154.11173895947965,159.9836216104386
486.57678596315054,262.64888978918907,154.11024504223673,159.42491531033286
489.60943311358466,277.5327245071071,154.99195839746596,155.23741173753393
489.51406120956415,288.31220883569335,155.3109469333569,152.7122470201807
506.5885701737942,339.34810525724185,153.2780598337543,148.50771797102908
505.9262847888984,346.38180702523715,151.8509261491239,145.3052207460736
499.46654361014873,349.91268101717765,153.7072895719918,143.51673049458395
488.39918053456597,349.5235987800439,156.85733745472476,142.93560949502785
486.34000149439464,352.9010588637114,156.4152359212674,143.51238106963626
490.4129963275186,352.48883014208013,153.67211595640487,145.8107108168615
489.9802863590461,350.1738823513282,154.84524528923544,147.62714747884021
505.27327277721974,347.99275819424804,153.3821934428783,148.85756891540652
502.3195291191646,350.40086004737,153.52983788636897,149.06635290676402
513.0665491018455,348.73273812831997,147.12354930955712,151.25035372671363
512.0530853639915,343.58252773800666,149.26637218322622,148.72455399495016
517.6395897337909,338.1975838678359,152.60534159304154,144.51649640753294
520.6981303000819,338.29114767654886,156.45952243860893,142.2884819111397
526.8944742870331,336.5192602912081,158.11462117735311,141.04956758727772
530.5807899643244,333.8996003857798,158.18831798591734,140.12211026419263
553.1370737820274,331.56603689215797,154.46981239274768,140.70010398880208
553.2309454765438,318.39049238324355,165.77465990795076,126.66188789188485
562.5751849300652,306.40211482992396,170.66143353386673,118.54913875658066
570.3668137778852,309.0163912655125,173.38056498312426,113.46874532973573
571.265099533823,327.2950369104549,172.90845946131518,110.12141497735098
574.601819722924,327.9256390206314,169.95247160920576,107.00622008297903
579.5655235529306,323.00949682414176,167.6472057872664,106.06342665613411
583.849596795824,315.02508935308003,166.75666588412113,106.4996230756135
588.0430141642887,312.73650249766996,165.0664220476129,107.53625251496456
583.8899017702522,319.245884764031,167.85503390157322,104.97882793280394
618.1291838802094,337.7274085769787,156.3006067971374,116.97994122609802
625.5026026684889,343.53092925415865,156.70981704162335,115.75059400168203
626.2805365171984,346.6131428722699,159.86686667208528,115.31468572831949
631.0693399981164,350.77515019946645,161.28170756333742,115.85873500062331
636.8521509401204,355.87145620559863,160.61127782563076,117.50614984382761
648.0622357370944,359.1553316407056,159.3814883281183,117.89875282493212
650.0111914417992,363.39879461593245,160.3699327956316,120.56186750100429
654.378737385035,364.71131709615156,158.39353412739095,124.83388388852745
656.831963076493,367.63156095312854,155.91839649760306,125.97726525034858
668.4014035482796,409.0461984089003,156.90454225691064,130.478411786559
670.6876892463617,409.47798624911206,166.8613707325727,122.82372082216949
671.4159226209244,405.6865382811451,168.18314919409477,119.8935905206156
668.9561181538662,381.0769083779893,159.4581601210091,128.72299208107756
657.5673793394374,340.92808633638174,151.8829441921275,132.17391832982003
668.0844645879663,295.37445957742676,145.63576099975725,138.7670193208745
663.1918079755071,239.69239701835957,144.06479675885515,142.94893160941905
660.4056016377647,218.47003752464667,143.18710567457438,143.63477379630774
661.4365291868418,195.6833583960431,140.80012699811022,147.99398257841725
667.7824541876777,166.37484455783274,135.46730342847582,156.40619915864653
666.9264287394216,152.3608717986215,131.60797609393947,164.63817376032097
664.8855371716068,125.95281892609302,131.18377253904782,165.76108416236036
661.758647497452,102.34367621854119,132.849229247892,163.29876655012026
654.1182017245941,90.37995605566555,134.60779718520945,159.6426726351489
651.2576790541412,77.70097180160367,135.41551244799007,158.57699993843866
646.7554237387031,70.93454289121185,137.0955349158718,157.8505279633849
644.8316420088086,53.02057899075167,140.3677786086629,153.87688868666854
640.316422311821,39.23206072779132,140.2200811770762,150.21553524371717
640.7660856251255,35.96556138318665,139.5764560029612,148.32628413892016
642.2114131550613,32.45197441833369,138.2885238263138,145.6388136365582
636.142442958268,30.219944581723794,139.3600131472075,140.61165474288347
634.8010399801166,26.233215557284495,141.3346793263269,133.5337869937274
631.2988345494931,29.59056230926123,142.18180068256893,130.08245041383094
630.0079583038157,26.220311563030435,141.3778698758128,126.4390560322691
633.1246450866579,30.086121812424956,139.20787798203395,123.61731903262556
634.3915817915699,25.899730455019863,137.13741238671253,121.3128938006584
627.1274735485981,29.378001066054466,139.13235517575689,119.56157470841097
624.8424562950079,31.522888973737516,137.30043026368685,118.87617807013838
624.8212904610161,32.23978796920457,136.59999680305788,118.01003147023363
623.5183851431474,35.14443175999679,135.55655263990613,117.03550169351979
622.1102402960928,34.66080168675964,134.58107592890968,116.5506601325356
621.1066301675455,39.37734772726807,131.92708946374472,117.25089839667255
621.3834607075664,40.84581527440915,130.62311522089942,118.14860881211024
622.44093252385,42.68230080918055,130.1984263958042,120.049692460585
620.142790744951,45.101372571554066,130.1707079737746,121.09372819609189
618.2369773700946,51.57665572953124,129.45303164960436,120.38905726587973
617.7949877233946,63.85192628024592,128.7146839729038,119.27025215688201
617.273827359381,73.64773035104454,127.06639500740371,120.11776907631993
612.2327224064036,91.28401212550366,128.00644449770925,120.68729613409114
596.4041416224209,111.44151147191286,132.72206248657307,118.09374061754225
593.5095431481998,116.93980036210824,133.7358292325311,118.39002382195375
589.8227078442868,125.88538739249182,134.83888569317082,120.05749691694831
586.7527591115868,132.1229864757172,134.92517426422268,122.31751203022168
584.175394989128,146.01448314344492,134.9926379713291,126.4510836361725
579.303515885055,147.2313588593436,134.79289089230463,129.6239935241078
587.0146655860603,161.67099243849458,135.6167004990831,134.7112600266945
594.4893310564769,196.43177938760823,137.36514253798612,138.25683242973673
588.0635498651395,196.34993124705454,139.58145101441093,142.15435487127502
599.4740448989862,222.55637192313625,142.36400327459847,142.17623838117214
599.0936531703665,237.80984786323756,143.456617292999,144.03784347728788
598.2862046314102,253.2944753643088,144.468278708928,146.48253271953018
600.3494199293805,257.14557224760006,147.4536201733817,144.25301189224814
601.5337146040187,283.95426620627813,148.64508727208823,139.83975224027296
589.0052244671283,314.2943615684558,161.87559717080774,123.73165166484331
605.2470197971522,340.34831349628524,168.29416334059397,115.96301172520006
613.0099052897212,351.7601197335806,166.6837575745721,113.5917384229726
616.52465280456,374.67276211147407,169.057354929233,112.43697826435374
624.4758234216681,392.7018797360944,170.45944751764856,111.6179664953377
641.2345675967027,389.18750819307706,160.4697664032972,122.15568675613125
646.5352079151277,411.88700574852385,156.22036107162313,124.17279882297198
603.9201874807156,472.4236263960682,166.63844362745883,112.43954623637941
603.3406297034301,476.47356529667485,169.68964866815222,105.62268368632581
613.1324965506567,480.8604801933623,174.94409360834248,102.37615663495521
633.7876670283362,482.9162828865141,179.78719122109865,103.64171322832692
645.8861799384727,482.5323831532209,178.8754227403033,109.14027517660284
650.5748453962121,466.45684999932513,175.68391097384165,112.50735253175768
651.184342538424,465.17230630635095,173.68217520239182,114.5045665508733
653.1324008683717,461.74270180461485,171.06087815499936,119.08410531585056
658.4424716833006,456.2789630859405,164.16444491633112,129.22148307277553
661.9883263386865,451.5871737342306,159.75080567391862,136.7230477400168
659.14750948669,447.38759232252767,159.53314214051562,140.8840413701548
652.2099124876767,439.93869390645204,159.85746238213338,142.49990155679828
646.1267928666803,433.88263469651633,161.69912333890906,144.055491885239
645.3925783475765,430.4075419383793,161.02831926478112,145.42465656945126
642.2808151613935,414.7420895934835,160.73515681344728,148.02287998482882
638.5195261941407,400.68666724513275,160.88437792880026,151.8678994099239
619.0885265980342,382.5601014947459,164.22102845768322,153.3428822595746
617.8323698914228,364.12338423581394,165.53905862391176,153.65103204843456
615.2560796100807,345.9653060220326,165.99736762211234,153.83379995671007
597.1066598992402,343.2575774894238,167.6624065372015,154.84548943617335
592.4640867533867,321.05106698431024,170.19798245918815,155.13763794884184
571.7795562812458,316.1416525925043,171.3257714308136,155.89947229428245
552.987800732961,316.9217255257383,171.92504104178755,157.4150577052802
553.0741414040917,292.32993551501943,170.35137994221725,160.1647120980558
552.2044577943504,289.80730690884985,168.09573487837446,162.5603633209388
547.9594512728378,288.271567842331,166.06798001521082,163.76114872402644
550.8790084798776,283.3623780568753,162.8526952043265,167.26892610682765
555.9471276958657,301.7353752632656,159.12600600864778,170.31945955659583
559.7712318740237,322.65290190913294,156.04961361989183,171.01121595724396
548.0848382956136,299.9776160657538,152.88779193576949,173.7945078283284
554.3084989378692,294.9035673628291,149.58228488313077,176.90418408015563
539.7368670020559,294.3382170424078,148.2855653868375,177.3985835611395
517.7414074660767,298.56334378751194,152.2999067000069,174.0971056484764
518.5433574263272,300.923773432494,153.6580107258102,173.43080463564243
519.7064667623471,301.9262446975853,153.46838062722622,173.6675458270022
498.66044780436494,281.5487992817923,157.62593978342494,172.58118528529707
488.0211768295586,283.840728836125,161.46688064355993,173.5254595689657
475.8830413054133,283.09924326243714,163.63647940486328,178.1066472500023
464.31020079811833,284.1281217046409,168.78865684889666,179.53293515586284
457.2834175656857,285.0307470945714,168.83812156052701,181.78500449395221
453.33470136954827,289.47370914927785,169.13654634629557,180.43423281984195
450.05277989450434,296.61121785360604,170.90735474285557,178.3415064420695
452.8091203795299,296.08273236439936,168.77198738669608,179.2477322670557
459.6369216144353,294.82885642171755,165.97394125996374,181.06220274029465
466.0379674473959,296.3304670389548,163.36811958305634,182.18821629662222
470.2892230524245,299.7024338858521,161.81321445973,181.8022223229814
472.6817787446149,303.4418992510846,159.8300137141585,181.85279112330858
469.98078155729127,312.49450548306993,161.05261908886672,178.70395378140825
472.60206757408287,315.01844472598145,160.46245613197428,178.6033695308147
473.51551413700633,319.71542304895087,160.88957892867376,177.16074211613804
473.9359742201712,325.15993799537,162.12566820181235,176.65831557870754
474.6651381383576,327.72868664993945,162.21975323298565,175.4859714868843
474.7034577947344,328.67694403240057,160.93742615892523,172.97039054316338
472.4538656928101,329.9367796955678,158.48210825706096,170.50378057918482
470.2002180972548,331.5900209185696,155.06540843016623,168.36574622373448
468.53076042227514,334.41693916601,155.36999198157207,162.7533902477312
439.27541418588095,343.1221288185754,158.448864538589,156.7067680760844
430.5710656717407,351.6575602418179,163.6982416892449,152.97778793528772
430.3417689096961,355.717978725836,168.24141611161906,153.0641748594635
396.53866940911496,373.9867077190971,161.205059875965,157.37720362831237
502.13862745609947,453.81843665396536,157.2432877028944,159.39140383963058
508.7819425247735,474.858037642404,156.69544235558527,155.8527330212006
511.9953176527079,482.1475326833603,170.5690194007419,143.26264944201176
515.4098221822434,504.7085877458808,184.43992908861918,130.63651862605272
502.5741135431865,503.4261220654518,190.3837977674898,123.89015638492093
468.9657146121229,535.2554398993022,178.45718590061315,133.64337832220053
422.70107338845594,563.1708429371877,189.8175230354471,124.80711722933992
445.786391175036,539.373909231421,181.44455973401546,131.76112639502367
445.9793640641341,499.1181131182078,186.19173544629786,127.61739940758281
570.306738636297,540.5788928502272,190.78954977853448,122.5577707907118
591.4038521400589,517.5349637098535,192.82180897706525,120.99050059245533
593.0865570368882,503.4998925035263,197.1290743161582,117.83810119602774
590.816319357328,502.21741489727964,199.63904115705958,118.00320294057988
588.2881343375755,502.1969825732153,201.54464768490703,118.1243278953053
587.962173615815,502.50092378465047,202.87102995673212,119.45818348188776
584.9872613579479,504.952063952823,202.85837774211976,120.45679588007036
581.1284227314325,519.0795896375525,204.92744631061078,121.78314061351655
538.4493110961541,598.4412337271812,212.68099428819872,118.84084303484521
543.2104170702061,595.4161758566624,214.711622572944,118.05667637765866
519.5603727196492,606.0469991470666,217.90700164881363,115.67979351450182
