329.5,391.5,99,91
325.4913511320642,382.26641240927626,96.34481333798342,95.18982284837867
319.9867983630761,372.520695396847,93.74081119468522,103.58932362280993
310.0597187911378,365.92104614817356,92.37012254498262,106.974308231607
291.31148175426,358.517053343346,97.26253167733208,101.24679999055408
278.45571170251094,354.4875097267555,99.24897793927747,99.26022529746558
270.4324949291373,357.6904078657755,100.27669753491391,99.72203518245047
263.5299531915098,365.6996397665874,103.95809326602833,99.31057077810452
253.20023175033623,367.0733723901719,106.22162016326797,98.4144837333738
247.29355113535593,368.99530978138256,106.5369726652012,99.24531779418376
241.31025634544488,380.7744057305777,106.90632084335097,98.93116161661858
235.2413968464645,391.00967007440823,108.30028259338692,99.00810111438243
230.58110758806902,394.031425979288,108.9193764300021,100.63709372967179
226.69602383633966,409.34337339554037,109.76511737782727,101.68040470771378
219.83792721008945,421.31657811948276,114.61656262922904,98.75420552594231
224.4967557869371,426.4999124361331,121.05273543158846,92.94705522989136
231.10211083330913,476.02837795906066,138.7699809662858,79.97838864936836
224.87547809216096,419.86025592477984,132.7780197792706,85.83181411441427
239.33461314819994,415.1420920661691,125.24887739851593,93.23972448277419
247.51907846278903,422.95670845177943,123.07960516319761,96.82118507092844
259.1854093538838,419.6369238338332,122.38705148952849,98.37437048724087
270.0465003670183,476.87550236867196,137.97829643469504,83.48141141561024
276.47878470489667,483.3032410404544,151.14972896438266,71.67230577042483
275.0246461493971,488.2943282134768,163.66157033777193,61.40675654859615
278.81797291560605,489.5743759380083,174.83301350030038,55.542690285781816
271.99630601166336,481.1720550621171,176.12513003828826,56.236364401455816
266.91123016981106,472.57594022321047,179.9989059704975,60.16696592832916
272.1967529515068,463.91332754138665,184.5932990591446,63.31641671769701
281.46386143175573,446.04413657381946,186.3738365847307,66.48531394213808
283.51065818191205,439.4967912325345,188.11894099472693,68.69601624427588
287.1167299621486,435.8351604960666,188.75342800752648,69.714750911334
290.84508618863424,432.5965304388433,187.36673909123738,70.77093997322939
290.57420814689664,432.5999204077603,184.71884034759466,71.74296694829431
291.91652650143243,436.7116333418579,182.80501340815354,72.77786951790424
288.2834204527744,439.74205409159333,180.9821084552986,74.35322749276816
281.94065498708346,443.29536140619854,179.27188838722986,75.64501507760804
274.11569108316223,445.3538576252221,178.32129892212313,76.63681542139076
266.44575603234296,448.55190750129134,177.08575055147156,77.56760852203541
270.9385854334995,455.2506647381129,174.72774153324661,75.73161081017211
271.94970586344573,459.8130351754628,175.1236057987814,70.70850729890623
266.16338277921545,464.51108722532007,182.33393821983594,66.61160564136078
247.6272614139367,482.99593012810334,190.90727004646283,63.08741544126306
232.82705996706937,487.32716332655656,200.1087128266721,58.97811114228745
233.50385591268315,489.90964030381866,208.69551533699487,55.774449931446114
104.03968632231278,421.668147630845,195.41123855093872,64.11467404692469
88.38930126511485,350.01040580167734,183.57281799150644,75.6304598292835
75.12888995751703,378.1290752001945,164.12785844117474,87.20028045607734
85.51289101602487,389.48677294055267,150.02682466980116,94.83384394447714
95.85780078383814,378.70565091531876,149.32780217702128,90.4144652990222
96.8833089305954,369.8461229464857,149.6098845334854,84.84114376476444
102.80684709832343,370.3165824873622,148.03446137338335,80.7894990417608
104.75969979489145,383.95031527228406,146.69023340296155,79.00651528344052
113.11049023291885,397.5791226272335,140.49386149602296,86.54633251934237
115.91014075988467,403.5290802246047,134.84940177646408,94.43783158546434
168.2098648409328,477.3867358181958,153.1857598887819,79.97689967074301
169.3767238001136,484.3625738601956,158.84181572072546,73.8165305592471
110.71616137946651,437.119744407217,150.48357349658994,82.40450727526287
115.82166137745071,450.90824712685446,145.1156635579946,83.04312950627602
114.4300833573511,464.60247896041085,143.4087463941533,78.73929299065256
108.93954445735667,474.7272621480931,147.84389714641264,69.49563558135254
131.24802722014948,480.33073892807795,153.0578260910419,63.86291984486915
114.91114827461787,476.9212127532366,153.28555813371642,63.577628780245185
-4.447915735852092,449.7697483577148,144.9054042943048,74.60882905566376
-8.126834214387827,441.034596839701,138.23371263351737,83.07075024812443
41.942795914645814,470.4007990869533,148.31116532711025,75.0666401261784
70.40245533286216,463.40046029629883,145.60765917378302,75.32334016079555
75.40534834122059,448.0879097799349,137.74923610453015,81.73687236112596
68.31347700955746,428.67204598599943,135.17820276687985,88.23582864772729
136.9659525562755,484.8917037004792,160.0422275035219,72.62334122169753
129.69571527642768,484.9849901883109,174.10605671276133,62.66331834826798
128.54204714920826,491.815850911681,184.4145011367558,55.28738925229679
132.31783333925677,491.74373224144927,189.78069342035508,51.31186560261749
139.81423394872812,490.93747144882843,190.32577977465456,49.872693033119766
153.83729260569126,490.88408124255096,188.6903890079695,49.75056885566407
165.80658547191732,493.0821747143966,187.32855689185038,49.175384395340586
187.05900010320102,494.4609275421819,183.5021639085799,47.828802101548426
209.36040595181893,484.79515147514985,179.7749663776038,46.10884628578333
216.1185564670296,487.829500450196,178.1640694380638,45.889643269773
151.7997692466755,486.94759178537765,179.91909077818607,46.426214195715644
22.666488789664797,344.48523409237265,163.8429087722856,59.907997452819316
32.45698994833529,319.3937016239281,146.73278386392593,77.89003165850721
40.76291746191032,296.50506089493456,139.8463831672202,87.61095096439473
46.53109766130288,295.0089819249884,140.14227431720218,88.17238046877073
58.63255683267563,274.60015235114844,132.2009373953551,99.27266672216354
73.30321939012649,270.0727497701699,126.66426735552665,107.21720698677413
75.16856024157488,267.82702757464466,128.94493580750657,106.01359780040153
83.32860166238427,269.55630485129814,127.1329220042789,106.58923437868637
90.88289243200694,266.89702931113925,122.46148760553649,110.7282824949844
92.70963074712084,275.0772345990053,122.5945247806981,108.19433371124441
95.42090299733405,286.42341973206277,123.74373568951239,103.67191583770759
94.21447179562078,286.50869288718553,122.12473201933054,102.07496421683132
92.53608674208006,305.9639989474633,121.76461655970056,100.2187153470081
85.7352172404839,326.469405190698,122.22658886977761,100.29757113446456
97.72920219958166,315.37968510394546,121.9244614656202,103.16350994993745
115.08618211722977,283.38016870790875,117.3160523963152,106.3380378897159
134.8721823840317,264.5061358848307,113.35941975211563,110.25189027903605
147.3330013291864,251.5437450196914,113.71948771812946,107.94220545658025
162.7915448849808,242.64767057420192,112.62267305221937,106.57875475344305
175.75054765643,234.6935129514322,109.41524261308078,107.75248423695854
186.6617971073287,233.36097953088546,107.92114909153236,105.33644727632478
193.4344644879198,231.9974866115905,107.46859444357042,101.81767172041398
202.26556536254668,232.8455597471655,102.85591700156758,102.66635028790219
207.6397897969681,235.49276677373223,99.5613799140358,103.75161829882519
212.65709248014844,240.98759795660987,99.72962202844909,101.3725773854014
216.84964923230672,257.4969626405663,98.93921124477457,100.44148687246904
216.64826669942005,268.5338782135859,98.68835278921998,97.51727387523349
221.05536761912418,285.4197061818153,98.25426264414759,92.81419475151887
221.84203689904984,294.86056365454664,98.10859372865208,88.52005476485746
222.60181811193615,296.93030833818983,96.67895220364156,86.55998276932094
221.8728093060285,309.155516084116,101.52997280236477,78.28498422387969
220.13882916139102,323.17747361237707,105.99316203784873,72.58523496935956
210.4593801362879,326.2473263553572,106.84707618607739,71.39227011068813
214.61556936470555,342.6087060076221,113.52841683019427,65.25875755603622
198.0003444575977,376.506835391641,113.1839459901131,65.1721240321391
190.12536684258035,390.7626136940956,110.8769821222474,66.69401087815763
189.27653629636592,400.18746843576275,105.06513269755587,70.51310556352448
191.60670982602528,418.569564457018,98.68281901397725,74.7352340166195
197.09494296858455,433.19594319331435,93.72755243207526,77.6416867491049
202.3773403531217,441.6072738875495,90.21663120197188,80.16429170279767
197.68450926859447,460.1034133230798,89.58312260991796,79.55915501313356
196.1557630586131,475.9251754101387,95.05100159222806,71.44159939065148
176.40298170685594,484.4453923594686,104.21403881356466,62.22491694157672
175.05906178094625,485.72730478961773,110.42709929793713,57.685309686869175
163.46354602504744,491.8506467729221,119.61178601450771,51.84644451451089
163.7275418262601,493.4624547350199,127.32203274673816,48.441714095514875
169.51233515580026,495.2789793437194,132.49151125794594,46.72783847640531
165.76793913625662,497.57234144996403,139.8087088113927,43.92383530654905
176.72367476313573,502.0821418047293,149.9883859340993,40.37575359039621
189.31795931645985,506.7700114487936,157.5105178162206,37.83177280141315
211.33125228690744,510.32441196790035,160.89948973665355,35.77512105900657
259.11603034682196,454.4713472135054,141.17748305530102,53.661563678148
276.5478305332732,450.5974650352086,129.9699724651134,64.07366996131631
290.79006857237835,447.1481785441851,119.75369821490605,72.67098783643736
302.51923986185534,436.73704970675135,113.40957911617669,77.21162548567013
302.57437796051977,433.7474481528579,119.3113130163515,74.36559131928706
323.8033076823932,410.06093875442593,114.14890187582722,80.22970279803582
346.04462788571425,390.0096029121555,107.51902941352111,84.05520239395356
358.5001321846205,381.73527104302445,105.513801607945,85.79916528077527
366.23535081780517,372.9382157561239,105.12934475691986,85.9114757752307
379.20784168498744,362.40782657721667,100.3203417212858,90.79095110875308
387.95481356774116,365.65414775483515,99.14671999252155,90.75523748352711
393.548747202855,367.29044596875434,100.64164252484515,89.02937312375063
398.9638432597313,370.01744235466396,98.17262594820191,90.27708246985127
404.7936921329295,375.9265456879741,95.04150123799938,90.98899188446873
405.8541651583514,386.7520699476127,97.05354602425274,88.99993829927364
393.5264822303292,446.75609180721165,114.71638677958909,77.01575169677491
375.848361915608,433.5072065208973,130.34961067013987,67.0709334632513
363.6976311539836,422.95089520338024,143.31221644998053,61.0920701211125
353.37068036411495,417.3706244906175,151.71324747002535,57.763244061591614
345.4987361961334,417.9691742402045,158.25873244752904,57.21274963682331
347.2031795869717,420.6401966529899,159.75737692729655,59.451049488223916
348.3960544497605,419.67587304090193,160.81178771464312,62.63434527864597
351.3127249017267,414.3732864707498,159.78270658777973,66.1042235047046
369.4401458228748,458.51404107928056,163.8102362664797,66.81441350639305
347.510033627131,444.76298164116844,166.41695495118014,67.56869531596693
342.61119978996066,407.6361753772988,161.89190495889494,73.94952799751483
331.09432670236936,391.0908018392515,160.29244190556187,75.45539043005469
307.91139166916923,393.06954735750173,161.26916325980397,74.48375902604624
281.99641069430464,345.9537243181787,159.5078852803339,77.0305525045948
208.13943356016125,300.263261891887,147.1550060525269,84.06692627075232
251.12275855096925,350.1669496907257,145.34694066563745,87.38384113938359
160.04098589611067,255.386731865885,134.66327223023748,89.73777959668209
134.0671883078487,240.10927519551802,132.97896280471056,86.25716666178131
126.51438926355038,232.21363263587864,126.94021274877599,88.32698476293263
108.76679713585364,222.6151651071313,119.62169918922807,92.55125498735843
90.3071373553115,225.85583825102708,119.92079856598619,92.09859379249295
68.68408609972799,228.36931865915176,116.55940672290515,93.07783710450894
57.74051174563697,227.70451837258247,111.74578791399735,97.23311292674724
36.43209915314017,239.36116593887823,114.15315188683275,96.84904371578658
25.314664931297486,244.02834132577306,114.90301590546929,96.61211744913805
19.217790702546793,252.1852723331139,110.50392607561716,100.11470746082357
11.689766624041695,265.8868033829731,112.1676659974589,100.29093575111983
8.487175151445406,281.1589531295892,116.3944708374879,97.02939687800482
9.50263959190655,293.4821544355645,114.90564453186774,98.78345927765085
17.507384663291525,308.9805333278648,116.33153532476673,99.72440176465676
29.248691480450063,311.10027191925053,121.82922068642134,98.42000749433029
80.12891926443487,284.20641511494017,119.5930723694283,100.77196823429868
116.11092480123477,272.15084256252743,110.61469514592613,105.59319062489075
130.5496239792872,270.9362047255448,112.01205798977247,103.78165304354596
150.64733301410735,268.0235939761737,116.34596349801303,97.6219492722076
164.26266920041755,257.6845009040581,113.93851233205766,97.67451743548176
182.80097938350806,257.96077477884637,110.10203097344498,97.79286126887115
192.1904983446963,261.850854420537,109.0264308562443,95.86070918763826
202.14293672848805,263.3300617121291,106.21714468009148,95.67450210300447
211.4549302303111,269.70396310692985,104.73563852666508,94.70851293492402
222.98483383358752,275.34464879613625,105.150042059248,92.01808107830068
234.48103744779266,288.7333236337935,102.20033655202911,92.0556003299883
246.40305060347683,297.8759651464437,101.90231358233558,90.43511413391138
253.2265068558392,302.202860638848,104.47923988376314,86.82764835585945
257.10897489867995,304.0434208313857,105.85847265184142,82.94596144055642
271.98801776570815,298.318279785156,103.58680087347356,83.85600896728087
280.4316962458363,285.74614045470605,99.24666795801703,87.27345428467487
284.474228665839,280.6702759239867,98.33097376925669,89.63560919984285
289.5406639393299,282.47989024026117,96.45464828910848,92.47361924145775
293.68895830314074,280.4165305290436,93.83037849688102,94.66475268824593
296.6767892092637,276.7432968681278,92.38809480887215,93.57735637024597
295.25666270581684,276.9510265888749,93.6207132713934,89.02055619617728
289.9628861778391,286.1364862196836,92.26444442030544,86.43660516576111
285.2718199470855,290.57066042306496,91.39591217081406,85.79554119045588
