109.5,363.5,142,137
109.34920250052953,364.11566071363336,143.01145401249838,138.3931142359566
110.51344886269193,363.26203098024615,143.7673345238761,139.28810908147315
111.33175916700148,363.1939443066912,144.1767492050214,139.96601843531982
113.08242691139941,363.0646979595615,144.57982455530635,140.9164661595437
115.28858187918607,361.8459991097666,144.41372757902258,140.74871029849515
116.76409734263635,363.5804577167308,144.65427337140608,141.17859107345828
116.33768903415668,363.91102983675137,145.14413122929597,141.0372047598812
117.83174953867382,364.58763628889426,144.90324098846543,140.9429671230057
118.53302561567682,362.72001570398515,144.9780477717229,140.54604762921923
119.12037908572995,363.28965466936353,145.06853357873274,139.7266090567922
120.25665521005689,363.4583526961362,144.43307642380597,139.5496287867713
119.71822580718583,364.4654982722676,144.49044701410162,138.912524767344
118.95873808887266,365.3980915787712,144.49305048531963,138.82479503395257
118.03783323232396,365.4588142053364,144.26373302213224,138.56411005237135
116.64342848680023,368.3212470635926,143.93561989622108,138.73311850425503
115.21259579884382,369.2150998434295,143.20996661330517,138.29820866468148
112.1138646689805,370.40439242688217,142.59638227269002,139.8113423622171
109.39412645914616,370.63992940563026,142.05015999240752,140.17579290413735
107.47827780508602,371.42072825038485,141.89503088069748,141.0765584577312
106.5603319328789,373.9974332202881,141.87822716002384,141.7359913638414
107.51056669861657,375.2093843240004,142.1706616240624,141.80185885360618
109.69556859533714,377.75297825913924,141.86488398113397,141.23550829030472
113.02547287625212,381.15607117223044,142.5952088001939,140.71155284131964
115.50483612286233,383.9159565972342,142.30323416854574,140.0395660336706
119.92378110033616,386.2082673504362,140.30306413089545,139.47269860517792
125.10978165328682,388.3059613998979,136.5927790093386,135.85965974703436
131.12573077750122,391.49539072537374,133.18120203471352,134.5255527402172
135.73404353986155,392.23421347445947,130.65590312818745,134.05436612056297
140.38569475824283,393.4103049215387,128.65775835286286,134.16092942124396
143.00733772101964,391.988033396844,127.22837528222868,134.19911484848672
144.89160516584042,391.0405702667905,127.27591547918075,134.56953716228938
145.66159089403624,391.47428681875306,127.89071892704024,134.8265863324197
144.37382450758724,391.26577352770187,128.80858728171765,134.8232811681823
144.19816378079523,391.34970983693245,129.55525042965672,134.81845623594046
143.86427538141857,390.83866629449284,130.1808778001318,135.332697024986
142.66503160783498,389.40554668145353,131.16398856488175,135.60456898536341
140.56338103181628,386.83762343347814,131.87816708775344,136.2332281148285
140.14807270879967,385.62928737083064,132.1592326640502,136.57968143862516
137.5598293859123,384.245321381518,132.12691517927072,136.64011510525387
137.52933902643804,382.45554399036297,131.4920305055343,137.1588893623565
134.94497603266763,382.26179132719386,131.19223871277117,137.21149675330423
132.07921638077926,383.4943081813271,130.85826490970592,137.3406658019195
132.5775422171259,384.9353605785326,130.11454635177967,136.80599028302115
132.77625161805582,386.1539650014313,129.6327315750453,136.28038298065036
133.48199518613058,386.5095479996016,129.01470510602914,135.5161869292934
133.95213361889972,386.841255112732,128.49758435292335,135.2902056776096
133.72177230705876,386.6720158948116,128.11178446655353,134.36900193495302
134.08869358569387,386.70514206446995,128.0663194088637,134.48599263190647
134.86988789843286,388.3980322994201,128.36536142837474,134.89680916594295
134.27182868140466,389.6196523390607,128.5062759477888,134.53016415463966
134.57483476751923,392.50561269083215,128.3751016747677,134.49613893983576
134.29825778581835,392.734928001576,128.299020430135,134.0225395226462
134.35123131211685,392.37653104820004,127.7645647084,133.41323808676208
133.46607717332262,392.6639984071809,127.25708959212866,132.97346961151908
131.82573287677326,391.6650267161587,127.52730517230319,132.47864565957897
131.91517176452493,391.65275877163276,127.17962729611568,132.6411184834596
130.7786761697017,391.1465745952793,126.65252984173442,132.19212435504943
130.4866654725394,390.5515175057991,126.8948138166921,132.20406630328915
131.40240141484134,390.9144356308384,127.02966125467434,132.62491779925864
130.81049803587388,391.0153363349301,127.14091235140778,132.8080772510891
130.50952754533586,391.1499252163784,127.4621293732763,132.9060113498984
130.7660221834547,391.17817912429695,127.68817981614336,133.1702367832487
130.61416870373446,392.7872133521778,127.32090894469701,133.13269696823403
132.66962495892196,393.3352343204756,126.9950730525166,133.04181595941097
132.0607941006789,394.6325497430687,126.74367732824498,132.49334390481314
133.919911911292,395.65303714187814,126.49267965639011,132.242438091226
133.96584897776734,395.4828334591565,126.9867300296269,132.02310479409448
134.5212608037853,396.17817819224604,128.1879886682403,132.37053135384014
134.09474832909356,396.2056401844608,129.90927257071831,132.78287223027905
135.16764563856185,396.2159296397896,131.85196843792673,132.29014215938133
135.35125343456502,397.1740221465692,132.96830339447385,131.43729602159257
136.8669436284884,398.0433977090493,134.45299861774163,131.28394070962065
136.66375263714053,400.02528159487304,136.26331019161623,130.62862220631422
137.93721832405114,401.4814005952504,137.01567019009423,130.31802085373766
139.122609931889,402.67699120495104,137.44091082009112,130.25832371369728
138.25584851556357,403.56567044016015,138.39441705165632,130.16570149511017
139.02441496233774,403.56079152484733,139.30006465279791,130.11750057381897
138.4044354004884,404.3005210420747,140.62600994368907,130.09038834112204
139.05512857254828,406.84847739766093,140.93807972959706,130.5978181630611
140.43203807738865,406.9973734236736,141.2667816816778,131.46579175415553
141.52783405754974,408.90286542441714,141.41076935506837,131.5520588818189
144.28900121724553,407.7075140660677,140.96498075100888,131.80469888298737
147.64095692754012,407.70337967574903,140.71142867490207,132.3791750129251
150.98917317620084,408.12873890957894,140.92855942907602,133.49350414315035
153.2091831996812,408.1379485912773,141.30895583261577,134.102027295127
156.97064593809864,408.55069160530485,141.01184565195396,135.54651645246614
159.7107741831814,410.07293083253245,140.94517148677014,135.60797428684452
162.3014797088669,408.5783596855803,140.83245216589845,136.55334149911428
165.35302536649152,410.293282482345,141.09774187405617,137.1634009768435
167.4783408567001,410.5735904041142,141.12204804650156,137.12032618421597
170.19272387264564,412.2944989714324,141.22148407149524,136.849220328495
172.82808807074082,412.33635888046956,141.4268346624265,137.7162602193021
174.51660179696717,411.4735301434537,141.38618864536804,138.855605637746
176.46667143679565,411.1621593500771,141.04820222825992,139.3387269203916
177.78755927194737,410.46285844559986,140.39738453334405,139.01234873266483
180.51254461229325,410.39351680837996,139.7541140822971,138.94787520802666
182.68109579325238,410.28011360206756,139.3057691876487,138.9830206651032
184.54837912772464,408.3524577932095,138.67055368638302,138.95377217463448
185.63785463300223,407.67370971919496,138.68038083783037,139.2155963112881
187.91072568624236,408.0311561703694,139.8703889297144,139.22447915337742
189.94688878083113,407.8298058400883,141.9939064371311,139.07112432773732
190.99577073959637,407.1595070589715,143.560515202172,140.02356386661353
193.38872663288288,407.79045807105933,144.23335270988,141.1388614922487
197.89959921762613,407.74097406623343,144.27396639659472,141.47652270940284
199.29804300053928,407.7197062268119,143.99538890080623,141.09558297373127
201.04776369170105,408.9526408101385,144.07620731844,139.78371110913346
204.81092665566473,409.3220574701031,142.93856184858143,139.5675799467017
207.33039618929138,410.88811741609186,141.74887977366825,140.96104952081922
209.20033113282096,410.16092514932893,141.01662926756003,141.92227777025124
210.94304768590325,409.9365319492895,141.24897985089433,143.5597522101097
213.43615310401094,409.6521644008126,140.93278053506467,143.46036805533544
213.84680466746036,409.72443593510013,141.49056712126247,143.55073680109234
215.35379113377456,408.75802600799454,141.67710588258853,143.9885247024456
216.66923934318237,410.71981298221044,141.1445843073703,142.87475853141856
219.0155518697935,408.9977904464474,140.49107563674693,141.41090613056303
221.95154117956048,412.2611274076897,138.97088601486317,139.8347021787816
225.06298395325172,413.6356767879299,138.83540614909077,138.9730733060346
228.37071111842312,411.6878181677166,138.7283856375651,139.58450547794928
232.06467246740004,414.4432286015974,138.78691269623354,139.0751589906808
236.8548665039209,415.23512118942165,139.58329082802587,138.08304593751092
242.5366578097529,413.11170183628724,138.14983917491892,137.74277269385908
247.14118842591313,413.2290488104204,137.82111375039878,138.6145707881342
251.21896654270608,410.17101494681094,139.6970411670204,140.34141446292398
255.99574481003503,410.50880627133597,142.9303727549211,141.8718195057531
261.5284535037463,411.2582359385842,146.59904807990097,142.63636334851805
268.0647155002117,411.62259851455036,148.4417805872142,143.57824874365141
273.30395885005606,413.2838976917134,149.6207045091686,145.7037681223271
277.9956279891501,413.5545505098777,149.1066079454581,146.11152572748026
282.9770146640642,415.74130457057396,148.36307192320558,146.28784708911996
288.0829708147485,419.0828547857049,146.68458876765004,145.0251701665485
292.7635583796529,418.7659963873265,145.47498968001642,144.9927740039205
298.38241106189395,420.8018964071474,144.10669387669154,143.77848214680418
304.36586241170977,423.80199157169505,144.34396235778505,142.45980989555926
308.3688496982833,426.1562603802861,144.8412379067082,140.0836084657399
314.37820526872866,428.2485066455539,145.82422525977506,139.25470198714513
320.10241037070364,429.5409667041698,147.6707788924951,140.99974984552972
326.0903255491433,428.1935985587526,148.02888522689986,141.48962711803833
326.8494776033455,431.4746700644582,148.1496606892657,141.50571830233642
330.28194273519114,432.36843187166016,148.30122231552815,141.74965163525923
333.98207229210664,433.90338095540847,148.12377680795927,141.25499646397833
340.02100652200437,430.5123512553274,147.92594374855446,142.4732545755358
343.37019474396493,428.7739002438623,146.8842831745369,144.08517935790363
341.0447017649805,429.32251154851326,148.0392135294784,145.18915008127377
339.84652902424017,426.5495806857183,149.21124646709004,145.8220040706576
339.7161944485178,427.6573132694591,149.61815354322982,146.5508118981711
339.71431575915744,424.38531414183,149.63976166555727,147.4842049135611
337.4861525674495,425.90232572355205,149.34883701519016,147.92376211052965
336.9624098198683,426.81772511326164,149.58981092940843,147.06188827074283
333.6720911645848,424.9850026967451,150.03104918830928,146.7274468294382
332.04815694464213,423.2814395483056,149.3465438660638,146.65735139894596
329.344094378174,421.51389431525354,149.24318294553325,147.62919013127018
323.9998785764235,417.56361375500796,149.69834295021838,147.6670336232824
321.88631921138904,415.2527609774519,150.25930848776713,146.5369457938425
323.53618631111607,409.9614142160246,150.3453043164656,145.18094913115021
321.91962714835125,401.20847489146684,148.05910406136772,142.1816016450118
317.57744344791035,398.0819454832416,147.2140134162901,139.6780114441283
312.0023699034066,393.03828001133763,146.68920036888397,139.8240877721526
309.51692872978117,385.590303537213,145.60878171363245,140.6364053902016
306.23461332635725,379.8779354996947,143.95323296267998,140.56197211556793
304.5535833949334,375.1255579408063,141.84522198659937,140.30859334510006
299.832651972654,370.9027484849835,141.5869314803282,140.35641944058358
296.1994730304728,366.85577160467597,141.24631190192204,139.96933987600318
292.49825172233074,364.59063847038186,140.6830953766656,139.308882725402
288.42755193193534,361.7611368365792,141.2714887852763,139.59312012005194
284.3871926331681,359.6715681177554,141.88699646819882,139.3114364059662
280.81382904963675,357.37951238477774,142.18336896378332,139.06230164084235
277.6206912186333,355.02486729385413,142.3125650245024,139.16439501482827
275.5255279808437,352.8793321699486,142.50220914610816,138.52459997485857
274.23529810295514,350.4997910484318,142.18024122854547,138.24121176272257
270.82255404530423,346.7657720973645,142.7470475697079,137.79525964410516
268.58319524261987,343.2141641715119,143.2758883897983,136.99011596822243
266.20804513603906,340.72677861376485,143.83929609349948,137.08423179502023
263.61616395709507,338.7323507780587,144.4107771289082,136.8137896186848
261.29514496797435,337.20884577949636,144.8260137117333,136.8750303439589
260.6573679734362,336.0883708873994,144.3539382967417,136.96717546354097
258.8116392059903,334.38597491762096,143.55041263537495,136.76935919920987
256.0744635663963,334.00614007351953,142.0109194245117,135.96138250317358
252.19049909999035,332.9257897767859,141.8798510504998,136.99955633177115
248.7395632140643,330.5340476365578,142.01431445138024,137.61661061573693
243.91333798033526,330.8578451094903,144.0549122729643,137.953954947044
238.1582446216521,330.1041377668357,145.7152559651231,138.73744034634998
231.90910215519585,330.3827440088256,147.50390134878023,140.94302927113796
228.05599103247278,330.4184043843708,147.75881009859043,139.62149525462857
220.71319392468942,332.8258878790715,147.24308271228944,139.63210600112797
216.5166971009385,332.5938703640596,147.4127944994397,138.16841213977904
210.1089147075154,334.6795266995172,147.7058783216253,138.9561019636759
203.32389093559416,336.4512975997902,149.3548681643569,142.43080967484863
193.76612426277575,336.2091981977856,151.8343446099693,145.80953209946333
183.68994268113866,332.7844153228153,154.27839478496225,148.38647431043304
178.47066789541793,331.18147153076234,155.64896931215324,150.51346227257545
169.56976747634883,325.83453988826983,155.77459407912445,151.98863468536805
162.70482680116865,321.0902314074282,156.73523981852287,153.79528486543512
153.35708934034943,315.9597580084365,159.15371812761248,156.07768456716613
145.30505762088086,314.68851579054643,160.66009003059992,158.34005381577813
137.66047056116736,310.71542343310466,162.01740227258549,161.42234740593634
131.73185556173678,308.0128544657123,162.28289547792858,164.97402276385498
124.89326634869971,306.5758821975778,163.89579530140264,166.95661428899254
118.3218599618069,307.62290179669515,166.0348191271292,169.48606923901224
113.40242735147369,309.3180635432717,166.50347656123554,170.7112285530186
110.33129566645776,307.9121231877315,167.48519410530915,174.0222340294951
106.20175775998383,310.415706807253,169.59768683796526,174.66993587004197
104.16783426232317,310.74691112194046,171.29315166928512,175.67561972990956
102.91580875045389,312.7848168494181,173.3472772405529,178.2064681641755
100.21344201066046,315.1840677048451,176.48978318489196,180.76196892906006
100.50035685446579,316.333794568899,179.05585370480082,183.1239312547242
101.08894396368498,320.44954743216636,182.37284633740614,183.75142191948586
107.06499453674105,326.2109502996057,182.3977435204566,183.11391300620141
116.60519082810328,330.583892508108,182.2848993080935,183.81556315035402
124.12621543427812,333.4116705198146,181.31617239188637,181.9746402579681
133.53551183315955,336.015561568616,180.58892252014888,182.01661878811183
144.17926562732004,339.20355426249085,181.06491323810238,180.45649891702476
157.3275611820696,347.44430979020336,180.78488363678196,179.4973992080353
172.9477499385115,351.5919292563071,179.66915707909834,180.2169803747048
185.54276647566365,356.33559628764397,178.74664300198643,178.6913338768809
200.17361451442792,360.4699275819852,177.6469533026317,177.33932873601333
209.9438736417764,365.64992142557975,175.24282954866715,175.59541179619973
217.64165941409354,366.6202186146414,175.06880417712858,174.74296839616488
225.88265992390126,368.32858967554796,173.57982798356292,173.05906836209732
232.97304355120576,368.5538776191417,171.65102339069708,171.2144509366714
239.290980496947,367.93096873821736,169.21893730286456,169.72300644952716
245.8933510054529,370.30222348166893,167.02885235274726,168.82714970882455
252.81234502325677,373.33866430080496,163.63518404217615,167.76462831148876
258.35297954500174,374.2359066270278,163.44975373617402,167.1595089267966
264.5448290683596,376.61826882811215,164.4139064426931,166.22802860993988
273.3825894362866,378.73436676320773,164.50067093938313,164.37537389842487
278.7859526605617,381.64794719816916,162.8020873436161,162.43460633714156
286.9334441836283,385.7222174676999,162.04578818877928,161.19029353169202
293.5968086505176,390.52651694908735,162.29253223168527,161.02783008985227
300.1860020341771,391.7662346223086,163.4738704628404,160.15984100481572
303.0239084818759,396.37850363789073,168.8784227484121,160.29965424623444
308.531341959178,400.2571891105494,171.07392681126385,160.87866235212562
315.67325002188323,404.23321213512435,171.55588350537244,159.80305730486782
323.6402586022076,404.96060809309995,172.09705555370806,160.0327410492407
333.02972149255436,407.69139498710956,170.9489605377851,157.88942197046532
345.41324381784597,411.68022047320767,167.93088019689424,157.3281986105738
355.61480144473063,416.53485187680457,166.62539449024405,155.85063193222516
361.19087967925213,418.8972104452038,164.1797762215794,156.20142482045108
367.6310781450267,420.4025156125828,161.80573266832621,155.70461534514436
375.91156331229683,422.107501733252,160.24458685771177,154.47894519540452
381.86316249864075,421.659377678242,158.07319047171825,152.49761933844457
384.5540067451616,420.2386574102255,156.47614014510418,151.35745196050647
386.86549854291945,417.8613746783242,155.1595871278202,150.75849083205463
390.86794255005407,417.0138746959896,152.98505380410276,148.94612390104803
395.1518326689328,416.29398484367243,150.38037495336926,147.1703989593811
399.1375026862525,416.66934893356915,147.80314464468202,145.44709666478815
402.5078477661224,417.5346804467632,144.90868070030484,143.4467589796247
405.64338944978056,418.7802804883121,142.19323111632883,142.56211984203787
409.06804843861204,419.14615654889764,139.96351820305802,142.29402951076088
411.2959347636223,420.1894017396961,137.98796420194805,142.21294503202648
415.73491831890385,418.4805664101733,135.08910494813537,141.955693224794
419.52887564819264,419.8630422023468,131.38548193842263,141.89818130147307
421.5704671165887,420.9889371630902,128.83747170251237,140.5936580778698
423.966678995219,421.73215468454464,125.0462921326068,141.0398684750626
425.7158333796594,421.5718799315185,122.00987051472895,141.2383960526853
429.1433343603057,420.6915434655824,121.060526798523,140.91402126269466
431.3835439518925,421.0698791972104,119.70297972953097,140.63749832348455
434.20592524798775,421.7901236905574,118.75645980167758,140.77938355191662
440.10760948482493,421.98101201966495,116.77205533251978,142.05334477059364
448.6877448884119,431.21182402019974,110.8994050697795,145.56740207445569
455.36852644751775,429.57456712576857,106.41619602413859,147.7903155262895
450.4798417500102,435.72262838896484,102.10015969558187,148.97400943666452
451.9655809681062,441.1695507962119,98.63979669117548,149.51425332914064
449.5819981638993,439.8619508587189,97.39946784997379,150.14100899502787
449.2217528082769,444.1240434312958,97.50944123820152,149.47464149971543
448.628558712456,450.8298083683741,98.38006282708864,148.31186135852994
442.7791629773984,455.09149971828674,100.88375351290213,145.2286384563731
440.44364577359414,457.4027615195198,103.30807952741371,143.48915814309157
433.0675301811689,458.8541279906514,106.55678020994495,141.7953735746229
427.97258775423256,457.58380685094073,112.87988835902931,142.34594467656166
422.4517365551902,455.70946554369607,118.65460820172467,144.3008030951892
417.8368595922647,457.3885827404191,123.61817493656608,145.52072994136705
412.0769068867733,457.51619913856274,128.80664991236824,146.30954032840657
407.54362975366683,458.5426122065422,133.67841095424646,147.28152259927754
401.6157019818799,459.18691589613184,138.0039010307488,149.1288791368768
393.07922472520147,459.7629689490084,142.9073361196672,150.12416053570138
382.1108530846123,462.3444199166523,146.86642208273028,150.16053027933796
372.479990680091,469.5994982630541,149.45218253630412,148.32311738383663
365.5907409078975,477.6320550418933,149.2787758764676,147.3679271888903
359.5362722221482,483.0838280385711,150.60661011381075,146.90594861649413
353.500899398138,490.54475750797195,152.04509543926036,145.08503515040965
343.42853862436266,494.55480381445204,152.88740495373003,143.35435312857496
336.0913817595564,496.0159808929245,152.52504418383091,143.55473208777997
330.5906560311391,500.8344390050638,152.32923383036282,144.47781151474652
324.85103786843933,507.7687210728228,150.9238018055426,143.16344182960688
317.04707543269944,512.3453476006312,151.0921028443197,141.63169832599212
310.86527763843924,521.2769116890328,149.88802284232503,141.698574269062
306.32678415890973,522.2964501550955,149.21761333226783,141.92831452329202
299.94625491283585,525.36624683698,147.8163812512954,142.4236398492507
297.4130134848293,528.8726675358835,145.74135886591444,142.24699010564922
292.9536095229537,531.4691779950014,144.76956181682635,141.83415345636485
286.82090592332634,530.6398827520925,144.61160533047314,141.28941509429757
276.6899169740928,529.2485257528554,145.5788292006199,140.10854848440385
272.8431176389913,530.703966390912,145.46302921969985,139.74111327228593
271.9562704918538,532.83700501064,146.39664557732553,138.5677114802938
268.3487343430618,531.2648816744,148.3105212997448,138.79875157547286
265.4992570941795,532.872635904774,148.53841885933798,138.7287068197877
260.2809487364623,532.3762892872835,147.95219030652294,138.99536553271207
253.60423297093996,532.3095735118017,147.84513256449625,137.74986830312022
252.88779196912142,533.5423715973045,148.31863465671057,137.01702338238138
245.56737315171307,533.5893363123108,146.12221109157613,134.75267759723587
239.17454145650052,537.379386355356,145.43246020587816,133.11522782929123
232.51544734220246,537.9844194120822,145.2314614609025,132.16138491759062
226.2256152486617,541.1458151221733,143.94218529459042,131.68891431344832
220.26578301451997,542.122417742993,142.9553899545243,131.4005157954037
213.79846202477592,544.7357972098803,141.08924591564082,131.99910094732252
208.00906912240038,549.0186982102902,139.94802859234017,131.45796001065057
202.26333756336447,549.4020074002391,137.89027543996517,130.53050810807525
198.46798035680797,551.166179905321,136.31449071519975,130.27074424987387
194.71919121239364,551.8219084366755,135.35727698132337,129.67864741951806
191.53127134483339,551.9524337297498,134.52163562208352,129.2752370997877
188.31551801454378,551.3313319989401,133.30017959803135,128.95502841865363
184.40229018099024,551.0302915818495,132.11553831079277,127.70395662012157
181.663902544865,551.6054798558787,131.02083712354005,127.55155720962867
178.41012776325715,550.7737865571205,130.13063773961218,126.9558750796518
174.45134763623037,549.0379210100227,129.96267820301637,126.54257423529447
171.90748622180098,548.6326356165202,130.26800614585832,126.07533587923318
167.6873900467839,547.0846245030102,130.60621065714733,125.20677900087591
166.59799989043108,547.2751104087043,130.67130869980292,124.63563526227398
163.6975596129822,545.4880133196763,130.5825021933909,124.37736379167907
163.87452948473498,546.1125595673914,130.45747525043575,122.93260422311825
162.66163961781564,546.6263358776697,129.88740346755083,120.43148268624077
162.88508773209315,545.9187001310503,129.2042644380448,118.63792692232332
163.80408721539416,544.716071644577,128.7922938423,117.07596215836189
162.8908186213393,540.4755988432771,128.43589102415362,117.22886573062709
163.04253443949574,537.5054662421645,128.8531771159787,118.12748159126907
162.88689087177053,533.7410726086364,129.43229483190208,119.54352309645405
162.5172671695028,531.4904414691528,130.64555958830334,120.62662732106944
163.1878894185545,530.7449741252717,131.26914358141087,120.77397484872104
159.71522305056078,529.3065115460878,132.5963852109835,120.06374681075411
156.78177080933762,529.3834433814078,133.33027024610317,119.512317924288
153.52592995047593,529.8193761250009,133.44302475206507,118.9233646318307
144.37949378986417,531.4253980109437,132.68139649345457,118.80126832202697
138.46495278717862,530.5848173627172,132.60122156370608,118.62726640188907
127.74337744456942,529.1083915146615,132.54960792092155,119.18778363678823
116.71286760030623,528.3326342705041,132.179246383862,119.24979402621105
106.8707060162975,530.4227330875182,132.02770453112748,118.61765728619535
101.12252211686776,531.4962793203837,131.57474295376628,118.6492573997336
93.36803329747895,533.0676384364776,131.3369936027978,119.0480697766766
84.11486668075305,532.8730910427488,132.35209110321736,119.75040184378777
82.50414462552939,534.6992534913961,132.61623478908888,120.92613995766266
80.75892143103674,534.5040160623757,133.74104935930282,121.74409056614977
77.25125100818362,532.2060628205113,135.47626506386527,122.76574992806772
77.24761839624833,530.4924192203881,135.2792779850892,122.06330595003038
75.79418928431548,527.5547121599699,134.35702081817732,121.75880559637955
74.80937314186436,524.4193037737571,133.7498487035892,122.23661833285553
72.08151370135738,520.367921821113,132.38418696936878,122.28122717832913
71.00932558939849,517.7156505384896,132.00172322174421,121.36221990074137
72.21942631509492,515.8447096863036,131.09559895693582,120.30103392093974
72.82132296934441,514.4046914702778,130.4122756119874,119.0346856369573
73.40409099483315,512.5189983785053,129.74654042189172,118.0007420208504
72.49588748567551,510.411410552165,129.56454687124491,116.83563908618962
72.52171914469592,508.6648004689754,129.0634620580049,116.71904127084889
72.11640828109805,506.4984185943757,128.4762387553697,117.06653595037668
70.96134222106758,504.4781106465751,128.75247943599277,117.07164130596941
68.5913570657989,500.213842912637,129.14844511548765,117.26514907914338
69.76106589197357,498.0702543844922,128.79283002012988,117.85266130427144
68.53993680566178,495.9946808466671,129.13406809502092,117.58008515909651
66.02974604163974,492.35877846610106,129.90941206737043,117.36930830478065
64.14558218917288,489.98980211573644,129.93150011013373,118.23791104899742
60.91812496790487,490.2451072416602,129.8286428699305,118.43798140113083
59.10218667840728,490.3899921604481,130.3657902638213,118.38854707273606
56.11426042556461,489.29148425279607,130.7392958723814,118.3166043194671
55.43443676037286,488.1765432913611,131.1991964867424,117.74546085171215
53.81729912852282,488.40090443773107,131.4949792138977,116.33472173806456
50.40278829800401,488.3446100176055,131.83493904250733,115.62223805138396
49.84971695950209,489.62580448401917,132.48367960941138,114.35529754098857
47.74303177349903,488.91798863278797,132.04885280734524,113.72931471098028
45.230092938564326,488.8337731511315,131.76236351478178,113.47189665381211
44.787779642580716,487.8847977058121,131.5644295675034,113.39118147732745
44.42422419812573,487.3916616409022,132.2287243506304,113.61549125296405
43.114678897172325,488.6891962842306,132.76808634917415,114.28449247717154
41.51299803638413,489.5083050031178,132.90010274146587,115.550496097289
38.20803432314332,495.9432880089292,131.63834704721995,116.87789012442349
34.79778699684803,495.16910272662517,130.5150388662534,118.45570961734308
32.950159007690786,496.77243670783355,129.28587496465457,118.44665107951727
32.91270106302204,498.5537163597694,129.11984330941732,119.27244178556379
33.06433758945974,502.2807689329347,129.00610819895144,119.99214759809556
30.711277237259253,505.8931900982027,127.73352588134924,121.72456158469825
26.2106465397695,513.0485898542481,127.38155203157777,121.29385183243409
29.10852993743184,515.8487491278165,128.51244911183292,122.62915788475395
30.48127909402278,520.0364721845681,129.2240051752532,123.55988509583581
30.11353520216089,534.6667733215189,130.02974913258768,122.20110014371151
28.186867388560543,539.699552282649,131.63617752559648,121.11511547126821
26.642336880982327,543.6641686168118,131.22596214114049,121.50516056630936
24.327265814738638,546.3668543473698,131.17307414514886,120.31171938015686
20.339347321629333,549.3308934062967,131.69706214760282,119.97408964181946
9.616043058761932,556.5450300286707,132.49352609631126,119.80788991391731
7.048325442816946,558.0359499887688,132.26792884223931,121.06058568784326
4.830543724789521,557.6405910940746,132.25034200592478,121.70758445972604
5.969333182487489,554.244202693148,132.0949571422714,122.4496811010568
1.7816178912756158,551.8119410501747,131.55120590096467,123.22382276468896
5.191043536686578,548.9993674112413,129.99652859467034,122.825418578475
1.5652105181923588,545.5537150358343,128.72497456940292,122.63926351712462
-0.11571303532900856,540.5323446815023,125.90844595546787,121.84568048769054
-3.1289439449736136,536.752300746416,124.19479785425537,122.17867609178029
-2.6470207002967783,526.4598505467875,121.65505462494198,123.74248312250714
-2.8087563358931362,518.3848564964613,119.57199265486273,122.94976988343782
-2.044210787716011,509.4592068553843,116.51804475270708,122.6086539281651
-1.8446355362004994,500.9496611329945,113.15197983431656,122.91792367189484
-1.6158763322154712,489.50834604686986,111.18655308207771,121.74441866653189
-2.4925631544774305,481.5726437433626,109.46683393218329,121.17479849327293
-2.5858111896540237,473.8574753969675,107.88820997308702,121.69048808370717
-0.476322144119635,462.68279068539425,106.83145736686626,120.44023478041316
-3.341191659626979,459.4696052848433,105.0922256222767,118.39119798111236
-2.1451583721298704,448.84067694836307,104.06312343899086,116.90303147597216
-2.0240583270849513,442.34220725348695,102.07004894876216,116.02669796991138
-0.5250500395404458,437.02253983643084,101.27760092569036,115.05040742255397
-0.33938036115317516,429.3215851233271,101.81645888651607,114.04607447815586
-0.26186676041788814,423.32361297608713,102.47819377477481,113.04055678990886
-0.3272625376135281,417.4377176400076,103.14303549577299,111.67386250723399
1.2645354015349426,411.4750331788426,104.32156024583298,113.17992944286962
3.551262151326256,405.35003979170824,106.96878984408971,113.9462555192012
2.978707469412413,397.2886452205802,109.56800053199882,114.84889466756087
4.582062663842969,390.63371730521817,113.79736392319752,116.33275219201053
5.824309508988534,386.21004091324295,118.27279302343374,118.25765967871976
7.741487509440702,382.30881569292364,122.86955312665538,119.34395363666185
8.829721750484893,380.00500830529955,126.37083809305332,119.73666267307942
12.169852110595244,377.6504748580843,129.56715284280332,120.1229069967091
15.41828900953891,375.54360570155336,131.5401972959536,121.09404892190793
20.307513620919877,373.45178095560357,133.33634257087232,121.88991703220046
23.5858538418658,372.7010820601437,134.90639114051612,121.62597032257847
28.057361974517292,372.19962945944377,134.438761494781,120.62409546988589
32.25243263880691,373.34208873063966,133.27888530673522,119.65087357609181
36.23283571276376,373.4517065319674,132.92587725833934,119.00027233446511
39.98973989677775,373.6225384764705,132.97975544808114,118.28663102679775
42.96075407970201,374.8088755665716,132.93707534120477,118.10665031850411
46.738773757273634,375.9333948527072,132.80224246036573,118.88240847055238
51.210990954616506,376.24144692033053,132.39244360950323,119.12834962339167
55.439010542134625,375.7381435096583,133.01000901820723,119.62245693349419
60.05546559653115,376.04286943714203,133.50630404094494,119.9012593037807
64.2353594834819,378.34135995328046,133.5754284298242,119.82947673112912
68.63140024265311,380.3161837246457,133.1917674742259,119.85408975701745
72.31280422447145,381.58916750768486,132.553094909454,120.13298395584692
74.18602215253496,381.6225255676726,132.461827109815,119.95731342114618
79.98567975340808,382.5246410295297,132.21914414073478,119.96317184717876
83.47865354092622,383.4657858581172,132.7417667599429,119.68322181536223
90.2030532548985,383.2706368376418,134.5490183955359,119.47448769269307
96.55852590420258,384.5876216465278,135.4538453442422,120.05771477787825
105.77969174195245,384.33791202444684,137.08850761100322,120.18179007343745
119.70885514266838,385.40791372323224,136.11625869043073,120.47265959304197
134.00653671629732,385.6154075295882,133.9388490343838,120.32744856304791
143.69681018116023,386.9718192454945,133.52270334977516,119.27200416241672
156.81687675916777,387.4942211174727,132.27014381741733,119.32818439577804
167.54902647385458,388.3140615542779,130.54905231956224,119.14013029981659
179.49295606087978,388.0747723167855,130.03356100439856,120.19674895739185
189.11852851416575,388.9555023876681,130.7484157010981,121.36251178277449
195.65364822867303,390.50035273258146,133.59981094615583,121.82873884639628
203.84593625997462,392.932984617618,137.18163312268837,122.55948099291871
212.70899858127515,393.30375280618654,138.73261571885683,123.17769917815949
227.166067652556,395.5786782123696,137.98499674133421,124.69146607209218
235.88728937341952,396.16101117483265,137.97476422184837,126.5075366412304
242.45515048262075,396.477925161926,136.03608732967885,128.61842221188934
252.45525341191154,397.1822598011332,133.16557927077986,129.67637361714492
259.8910195190401,400.04752838511433,132.8712832320598,129.78101482442685
262.1252164256866,400.816218124486,133.16654984967508,129.52110605357683
267.5490969040393,402.44259011502675,136.39943445418794,128.95082738736056
264.78463552870016,403.3943110027174,138.39397915310832,129.5050517706553
264.3477957897831,403.8878070625817,139.91639349851528,129.6879070201208
262.87249713949745,404.43640737704663,142.00016742386146,130.04101531014388
260.49189372355426,405.63747082210386,143.83309294852742,130.69218546287607
257.5763163386037,405.9302791642496,145.91938039359943,131.2005427728396
254.0322592822017,407.6220008198694,147.2732081981149,131.5711275434939
249.0667472052356,407.30289068617924,148.9667197635461,132.42495108796152
245.32853573694172,405.60787446167615,150.09760742181356,133.7198821804613
241.0991439414088,405.3644853490724,151.5330832125864,134.70603896764231
238.96311775632304,404.71242743447056,152.3469811428318,135.4322602880075
236.22256550814802,404.5122008852523,153.1656667968662,136.43519147339236
234.13987029960703,403.57860225777097,153.97877612035074,137.42569446632723
233.19272542026354,404.1740160070759,154.55829720704827,137.76433919958237
232.1303542707538,403.8142853018569,155.15787788211298,137.70793976397778
230.82343968218788,404.54785063932934,155.55263543258158,137.8154351771753
229.55840688757752,405.6273684366262,155.79749351180783,137.99451575155726
229.0222570283625,404.5807159322949,156.02073400610914,138.33558117529714
229.02997375450923,404.95379415940806,156.015494156929,137.8535045004573
227.46313306776722,405.602688749989,156.09832418535075,137.71361410297925
225.8079979944526,404.9742788173254,155.6661285974982,138.6090384602555
224.57528559486036,404.30366135591953,156.01460956047046,139.01250277798005
222.89472256885048,404.0110230141912,155.7959900814081,139.60110704160547
221.8620223758008,402.1731671598196,155.25954544149124,140.41878628536762
220.83003662628175,403.0087624258308,155.20088181441542,139.655627932224
218.65437539145245,403.3106931433736,154.19439283311578,139.58516220474567
216.3605901323412,402.2129275307594,152.2230124503068,140.45489301112036
214.5030781783012,402.1132308852207,150.40326634648494,140.82847846256573
213.49383779699235,401.2682187991321,148.5983525721306,141.22704569695298
213.01859755815835,402.8024692688838,146.78443709757386,140.7298815036654
209.38285039574455,401.28176553588287,144.1250031921158,140.78459654107832
205.88166189009334,400.80972856984476,141.85459310930202,140.5981289101205
200.48155941536382,397.65102911460104,142.14604237486213,140.89202165605715
193.3794019241609,393.82843909238875,144.0359538233324,140.03006726292068
185.40096178025706,388.1172658260484,145.6084461411694,139.7905685883871
174.23728503034042,380.1196615825317,145.51572517811206,140.83123205436337
158.5451699215154,368.25737445546787,148.29883540064492,142.92832866261702
146.20894416915087,356.0441727278467,145.31861699875776,143.43242414971962
135.5831847252286,342.7308036123276,142.76737099402416,143.46073937660748
120.07555113940397,330.5055766247178,143.58668098183554,142.1002592850547
105.55625407034277,316.0353598289681,144.6341786233759,141.47064168331667
88.62120307216057,293.42108495593953,146.71084838402254,140.61563811516487
77.8867116617686,283.22420742309265,147.90523594418636,140.96956392670822
69.13942493350683,273.3945017009023,148.8258634015644,141.3019242083692
