336.5,265.5,42,39
336.4795532402618,273.56018495062216,42.00271030719615,39.324021349366014
338.67291505934395,282.4462583599399,41.21752461191818,40.6529220465997
340.22031104570505,291.49001980570847,40.56757593143228,41.04995153848546
336.72113269738963,299.3370924817116,39.48135125294106,41.31952936915745
331.48683170206664,310.3408775357321,39.039245769832206,40.61091327112619
328.8407986631091,322.796795661355,39.07281747061097,39.67166651267815
330.6357594237151,330.7907257652898,39.138590672528224,40.25070655810451
336.9617398713162,347.72284176026204,39.885635667218715,39.39681239774988
340.2773000782286,359.03785979933906,41.174161039679255,38.382556196304805
340.74324741701906,367.1718645379824,41.26132339754453,37.72012418789021
345.2072237822078,376.0979551362957,40.85682247228178,38.72064227104878
345.94888522928744,385.9533924022865,40.89259833681999,40.35596105266579
353.54944464401166,395.85159520994165,40.95018846122901,41.142527010231476
365.775377014125,403.73788759020533,42.29850797088027,41.999708713937494
376.9482965090737,409.40556988685836,43.80426390590957,41.87623338759918
388.5675513582589,410.83888023000264,44.75056484596692,41.459113977326865
399.8696266105077,409.04229742928607,44.74847465946257,41.492972241952764
406.9308100675921,406.4290342279775,44.65463500512027,41.13595915863851
410.61686509280236,406.0834796228812,45.00526465120255,41.05760608140514
412.8044325414279,403.453144613103,45.01117223442017,40.995263748971745
413.25293659096116,397.6531061009585,45.56476666678684,40.597952887213374
412.0976805897431,395.40099395964796,46.23185332380204,40.60984947970995
410.0352406047071,395.59149055744587,46.519497127873734,40.18103423708921
407.3477789773885,394.26162311810776,46.45777249051263,40.58956796296393
403.35915754472444,388.7900756962167,46.294380819097526,40.60491508030551
399.40879260248977,384.87081561052526,46.40410843000733,40.53576952216573
395.5794494720251,381.05816574800036,46.3673019464909,40.61487374016597
389.4866882276614,375.89631093364665,46.036690173133344,40.946573252296325
385.862770166011,371.1445476377158,45.80688948231669,41.33465279978543
385.14905875516905,365.71437691827185,45.78584063861817,41.81483009224992
386.36823902504483,361.91029234930994,45.215143243931905,42.29267248227953
392.47324710275075,359.08490626558535,44.75704015919885,42.85553828910251
396.26402352462026,358.07838237179266,44.30737427453576,43.28317011732966
399.5903294957759,359.13396687020014,44.45644480445341,43.67060637182695
404.93786219290166,359.5974299349494,45.013540436202845,44.2596614396856
410.4597346119334,359.97028258769745,45.21942747985322,44.53007930981049
410.9851150928995,358.80542094768657,45.87338272351805,45.13852571052166
413.467161135987,362.35627853345915,46.61079248365648,45.674664161413084
417.27959026511843,371.36922863011387,47.55263802178038,46.19446022664853
418.98056630056254,377.98329530331466,48.195894881861406,47.13150231817423
419.9974377390915,379.69661492830744,49.760604811276224,47.05029868754289
417.5480550377178,377.8197719746066,51.23617723611832,47.61722464621399
415.4339462385404,370.1780382898323,52.64171603007562,48.37907126533547
411.7983632423983,359.7052754652049,54.1970507426052,49.00470975333534
407.19947249687823,360.1708908484143,55.68344889090237,50.96311311930191
403.8509240947273,372.6030395788189,57.28611477174225,52.657151916427246
404.76709597190336,377.62559169901385,58.5880717261609,55.060027603100245
405.6099285215622,377.6842621608264,59.617204600476,56.541422011964144
407.4709915750834,375.4226915448155,60.707188440638205,57.771800010801144
412.07171166272684,377.31028911510253,62.08263730343728,58.641672562030095
414.5105894536383,378.03766081622393,62.7863336144671,60.020150118496986
415.74374858670694,379.34741668085815,63.98345748318704,61.299310969947534
417.6110065644498,380.95299009229217,64.77235041747196,61.43481140965277
422.88916655089895,377.7044217943767,65.42698129601403,61.98711758785069
426.1956868193775,380.6936817201532,65.9718310788811,62.18571031564327
427.4366876315435,386.04279088167317,66.56118026746103,61.89559307445157
432.9724780881146,386.0624052148518,67.40992463355472,62.304011979657986
438.8620069255603,383.6838612592053,68.04635806278925,61.88194454121958
439.5216718372594,381.2601069613064,68.2551045304754,61.47489743480784
438.31258637070886,387.96010070670457,68.57678579568406,61.28044869370636
444.20168307070435,392.4099315958315,68.35104925146695,61.222737332017495
453.0367320626326,388.3409197969033,68.30058398855769,60.828155758670306
470.6982775080813,376.22245764319734,68.12844448315843,60.3332799867365
484.1299019772375,366.20708789310663,67.43266647685275,59.82015809775773
483.92976905251527,368.9165676422701,67.2306748957438,58.559901449772596
478.1499517658402,372.1828944155036,67.00114015757049,57.79948043580684
481.0223331590724,375.2971087812264,66.59398046329977,57.05446778483596
482.5207198955432,374.4877600064157,65.62652055465871,56.775654448265115
480.7897443033917,373.10111652404623,65.30166467871997,56.47100977047177
485.9500575355533,375.93623098347075,64.64072811765605,56.4828458616935
493.84681524438156,383.2804779861545,65.20547380839793,56.852151195620465
487.0065723186482,390.35323206067443,65.28230956678608,56.431081713877866
474.2120057034067,395.93651021009885,64.35079384097023,56.88284778746562
472.5159368417831,406.1097504888845,64.37213416851121,56.99060612149587
474.5824440965429,408.3471699903522,64.56749213747688,56.96603347979708
464.90061941329924,414.6712749904605,64.94076598516531,56.545311043667354
452.00341476768523,412.9352661054128,66.72126498281423,57.186128214092356
447.1814671722422,395.60958069926346,67.5026781027774,58.197228793236754
450.81849752404673,376.31480985593464,66.35878679080037,56.794125216222476
459.9375694413643,370.1985687891797,65.49669199791339,56.47666056475916
466.43164826966256,362.4759120150352,65.07462111042076,56.15105622059221
463.25301426588015,344.3488790840058,64.89040428522196,55.96410874646938
460.39624069878585,326.48761414148527,64.39642378192889,55.785549916910796
459.9654395679965,315.2536712868357,64.18510846290307,55.66111804503315
454.8721366555619,307.70301191304765,64.14445369817261,56.31412021851263
446.824430817723,307.87284762986235,64.1479464285379,57.351350411470094
438.5949308448199,312.97513964509153,64.44739856855801,56.966274933563035
433.7409042145965,307.7660063618397,64.70356851296472,56.89673422620195
426.20665931739944,305.7141635456729,64.67435437364307,57.433663610061416
414.93285553416763,312.193533809334,65.59900661784108,57.43943304672844
408.3538489157723,331.1047218815006,65.70961270436317,57.77879625176048
403.38019107684414,340.56538983040633,66.62840398341578,57.760032985785
403.86735305249414,336.73069169829125,66.43777078271465,58.0267874767912
403.40449142758155,319.10682399747895,66.40626954428146,56.64346895385523
393.65411895572856,306.002187562596,67.41530191779702,57.060253725476606
383.28203038699496,302.07580426577573,67.89452353463437,57.7313878003489
385.2498078980061,294.0256867650362,68.33664023120942,57.65837260346376
395.2716641659301,286.62714625212163,68.11875624760759,57.054471726216605
402.04964999908833,270.4665208952004,68.16970482360065,56.577024014766174
402.8440496027092,257.73588502229563,68.2778306604186,56.061866774979976
408.84758348605635,248.71597104565302,67.86116358952518,55.79444756639997
415.9860385884663,242.02249736579466,68.00146968566969,55.5644410763242
416.1753134071974,251.13760155144143,67.99767626521032,55.79275740901016
423.528028035165,256.42942783831296,68.39520950317157,55.92053061651714
432.85123426685743,261.44311845454274,68.2790227935709,56.058798798120065
441.02812576431535,266.10959388678765,68.00757050239044,55.84252617154527
441.62383433741974,267.8135035713882,67.78303999577663,55.4390734386204
439.93056048781955,269.5697491456817,67.5167806976778,54.98138160834694
440.567565896475,272.32235937427885,67.71567873485151,54.828435092192755
437.3962193057192,276.31345605025,67.50415934617257,54.30415370848161
433.2622299992028,274.1986494876635,67.62745126029185,54.51157435547478
429.12853899865183,276.981935991755,67.67853706541,54.191889507997274
424.0634672949304,279.94976439136224,68.09774392652719,53.94817492374861
417.1566119710768,289.15286481439097,68.32393302119472,54.33155156182207
415.32011247839796,300.7288542946964,67.90644214220305,54.21333267201187
425.57580038731425,305.293458638106,67.49687868704143,54.7046388548826
439.2496615349904,306.88623762490425,66.76152783639124,54.811936144042534
444.6397477977246,308.1864444622248,66.44974196100823,54.74229157912732
440.16212802966527,309.27233011257306,66.6768473418536,54.54584705493545
440.37265674845827,305.70243445562073,67.0301048442433,54.243794382328815
446.51692015317946,301.26870430830473,66.90193360273307,53.87156675734407
449.324838128089,289.45899320969744,66.7828279805201,53.504567369475666
451.6457655747935,295.5277056191628,67.03674602107117,53.76046168048879
458.4222584111754,304.3113612466969,66.57128190134684,54.29921808289137
461.7021105913962,309.8642622204781,66.30671208527785,53.92088653327815
450.0014830806805,312.735056336985,67.0622895401809,53.052094358919085
442.94107313079667,317.1809265754101,66.54731003198955,52.32351229881694
444.4907153010648,318.9026975924304,66.11317466491828,52.1881656173307
444.84122470773224,321.8865977531861,65.7555020897197,51.88979888956928
440.64371023354306,328.89177925287555,65.2303917253539,51.59214913176754
435.14051463838814,332.9413032088646,65.03928077943324,51.139891247407874
429.5182311897117,332.31313789537313,64.6461132636392,51.19695901695366
423.3544343082664,338.9841266852516,64.61918432145166,50.890570655336276
427.68920912774917,342.37105882652884,64.14931310350664,50.80569887308704
429.32956381137524,343.2743331244219,63.9548342526882,50.62056660763852
420.59723378176983,342.7303817413534,63.99433867225055,50.333713275981836
412.5173819100043,340.3350599951966,63.82036703126012,50.41300537364219
410.71458615988996,337.32533214600454,63.85547127067037,50.28714971643542
411.09189029147086,338.30426686716766,63.721542207204166,49.8124004771274
413.1822690496183,337.51190117611003,63.327485178046146,49.83215933936815
414.02089362246153,334.827626669993,63.337067625873104,49.68168827103575
412.55175370225857,331.5354381321333,63.44591474037266,49.91576932624728
415.1163626746943,331.8397421647302,63.61922422317461,49.803275395842064
418.4423771750846,330.0074186112627,63.562139222638194,49.589053446075354
419.5784613099621,329.52348644931806,63.34398635090864,49.67471591955042
417.9094199010627,330.1043921293602,63.63203321518574,49.27329609284091
417.39472886092796,325.9429168485269,63.65984769329762,49.44650071334536
418.39870713014363,324.79006285098166,63.77789203606133,49.43151926866233
420.2892266821316,326.2662864069816,63.470351991762485,49.460609975571174
421.8893596212722,327.0926532729147,63.239088121919416,49.43010677349011
426.01804083022256,328.23968514132986,63.00373650724133,49.33013149567466
427.84756885502117,328.3472104345208,62.85531559520208,49.28583945469158
429.4341750674216,329.3423695711466,62.85457397843036,49.395728987073404
431.0179103573435,331.10247416021144,62.73944009139663,49.28602248113914
431.3502504444792,333.4885297856393,62.66342546211209,49.22630928249912
428.7191224688342,334.39406722866306,63.08848172544423,49.05142242669449
428.6874135633191,335.79347364008095,63.07973188660921,49.240754001594325
428.15963359753925,336.0542922976224,63.00693941452826,49.42420405023137
423.4688081704223,335.1820415957297,62.79395049062496,49.82032751097782
420.82880393666386,335.0793559651349,63.073300446026366,49.97262092167664
418.70838677912275,336.9377476298649,63.4550060475008,50.04787054929368
414.8570069951921,337.8649464752201,63.262457120794274,50.14307605854194
411.70482084445604,334.7422547797526,63.40024588421091,50.43969178742865
409.5194384644106,333.0426227691981,63.43204665885867,50.47914855565378
409.53443336132045,331.57003258649274,63.427617512288194,50.64251100800901
411.2529655562579,332.3076953371773,63.531443100822145,50.974182090578594
412.1902931172256,336.4053363063265,64.08856855559256,51.122074132993035
411.84822475826087,337.99771120556335,64.36051424015879,51.53191738261504
405.9526157979312,338.8170493401109,65.22996301866722,51.64454717049623
401.2462047414768,337.30727515092633,65.78102308476205,52.170939831015616
401.0467785330176,335.4659698091376,66.04339040188805,52.59682711066234
403.2539877621299,332.0597037940806,66.46583736877325,53.230004473112885
405.91388223733924,330.4650806019059,66.69201170570811,53.838740717996885
412.1458224499123,328.9321091167926,67.07494162144326,54.59121213251359
417.8203058903133,321.87584031094514,68.15615052189125,54.880091754706626
419.91685943574157,313.4894516795486,69.15017578958576,54.68578413285614
421.2896505668471,306.9109066804794,70.13950639968917,55.33863314130956
419.0172126270028,300.0362091617494,71.42531665132607,56.02610419805656
414.09473891399307,292.28534483483975,72.28696482197444,56.78091608094092
410.0301845048456,284.5217273956732,73.224768956584,57.78098459269681
407.0347253094774,284.62275579996765,73.83064849462886,59.00672104849697
405.11144458641706,283.7600496300813,74.73346647341853,60.153183758009156
403.70795438322494,280.32753255005645,75.79852104419332,61.237062331816176
409.34172142453144,277.0792825261542,76.93097513601874,63.05965748383819
414.6104658136311,281.60031019849345,78.31814513314912,64.18914526049764
415.8253189923955,287.5966271134369,79.62703330763318,65.24989430414583
416.82187574237855,293.136753932012,80.71055731415206,66.40835583880957
419.04582510060976,302.39252599117395,81.9995827691374,67.51513981496821
419.815376190525,309.91260869076353,82.85198511544525,68.74568631459272
415.84070292719804,313.6696163954648,84.09365570826125,69.55785994632788
409.2175880585163,313.245164717439,84.95090362647198,70.9300154915388
408.6411473881145,312.22245931698046,85.60920076450911,72.03665033582527
389.67734359659187,306.88860135067694,87.35825762733951,73.06122547558562
382.826404518571,307.13644750535906,88.26366704864006,74.05069137125368
382.68672054486666,300.98932098208576,89.59505840684588,74.87401813301031
381.3180699859895,297.7477185025996,90.1542215069457,76.22079378213768
383.8799777677749,295.12447553220136,91.29277033088712,77.59170823360004
388.04767991627784,290.26666294864305,92.2474918807441,78.69484942244516
393.08615137519524,287.0115368795124,93.43178801472814,80.51401383792815
393.45024265379897,290.45496487829644,94.66231457827107,80.85170665704098
392.30881181766915,288.35549650305086,95.57536137778904,81.8988427750553
383.0918004514113,290.6634351715801,96.60722155842487,82.69531323157591
372.2636163264257,294.9685141403535,97.8469485730445,82.88883857497403
365.7917493448343,299.56905230381244,99.73340581045825,83.83493326856393
360.2567253372729,301.017294079903,101.35905685292481,85.14762387257167
357.33488957457377,303.60008264444593,103.19163666918612,86.42706408128493
358.30445681373214,301.93665062316455,104.72611139992996,88.19799655570193
358.586855160522,297.7012042678855,106.08200989201156,89.80593464971349
358.09234984203357,294.522461825019,107.31599302621329,91.55068855552699
360.37331528606,292.33348334638225,108.87443347986577,93.23605336878805
363.014968534168,290.18308352840717,110.36101252365825,94.57655804280887
359.36057001570776,288.0128897244182,110.98661730746593,95.49676842948865
354.91943390776953,288.5332569197951,112.7035924919398,96.44900164432559
352.8200496661576,288.7120833934101,114.1757259959156,97.02959566250384
349.630323957274,288.74262848048915,116.0927650563525,98.4521413907506
348.19836764479527,290.5796566923536,118.0621419609616,99.1471783851431
347.0412504723216,289.19045652849246,119.77538005003436,100.55430960600037
346.7250081261973,290.4208329513236,120.90220602631956,101.62246930458863
340.43467358335226,291.6851275929665,122.8104755911356,102.7131863472153
337.61178362207005,288.45055102451494,124.36985500481944,103.60913735093969
339.00109594828973,284.981276634484,125.42265673444494,104.83514788866144
343.43395145111253,281.5154813103352,126.86470119907523,105.73309910595938
346.3661891040794,281.4552476136165,128.5454834615008,106.08467289988653
349.98691768330684,274.87833558789697,130.82163589929831,106.89554136203117
355.6498259719532,265.17126246904706,132.93700622691287,107.63870142419381
357.62369059416056,264.4197500647525,133.31683168525691,108.48487446428929
356.6405469408589,261.76274648738354,133.97365501404659,109.32212361579238
354.71238447105605,260.10866398941545,135.2025306795891,109.41684867032238
353.63300018453873,254.92339528445592,136.92559818040772,109.88805117270965
349.0356160857333,250.8140187616478,139.49187640685776,109.66255220416578
340.0112400095295,245.71730655422226,141.75610936370865,109.98493436742991
336.5321759352341,240.94020348909422,143.7662385117502,110.63135985040815
336.43719297377066,240.20887581403545,144.44391184095943,111.13046624222414
338.4982269797467,242.3829243103482,145.14518090710195,111.3667346174881
341.31449800851135,241.96953194388834,145.82317094262072,112.07927620065036
343.7001617446221,238.0604502409738,146.589027708833,113.00732529907592
343.7309410637486,237.43139486535495,147.53281226935624,113.66113429965367
346.01363522988987,243.59464309251445,148.04709913467502,113.44530793505638
347.9296823915897,239.56725904583047,148.3078125810507,114.0000736442385
347.330068767665,233.04246627879846,148.2776959377564,114.1509985185125
345.65939465760005,232.16875890327697,149.20283279123288,114.43451568368664
344.6920834718771,231.91079403787074,150.0534167858706,114.36702656836869
340.9027989876544,230.75253926444964,151.49352559501415,114.4677408366617
332.6987054647681,232.42207100494582,151.90118430521542,114.36797498407209
328.5580292380457,233.45268371797982,152.6371299402703,114.86150381520623
327.15978516949474,230.2636186821351,152.74263311300166,115.41340145357655
323.51396954234843,223.4161732981536,153.33878259010305,115.91879999589258
321.94642289708304,217.25222420952946,154.41705977955962,115.49994161949095
320.2814836590238,215.72780438337523,154.26711871946893,115.59217893682326
319.13679472928334,213.65884488422446,153.8627986495676,115.60657517664087
320.6835331076862,211.18146819818725,153.41758987715215,115.3323933070161
322.6567819487783,210.8399953145448,153.96053311293664,115.37734913604183
322.42240296504485,210.07954458897376,153.6417814602139,115.19995642443368
325.6846209206452,207.36423012894642,153.57767031326483,115.23079267328475
326.6976985195011,208.87661580896696,153.62965251331926,114.89159727531035
326.6125449419189,209.32376222017143,153.79978168262605,114.73722024107511
326.50107524573,211.2700310606799,154.17218720216096,114.5250068760829
326.29702085920576,212.0692789175719,153.75237273693205,115.07680236675147
325.32157626407354,214.68228780633478,154.261980608532,115.53304939406576
327.269822564795,214.77168539009529,154.33313842060227,116.5168263720068
331.67963929161925,215.5643259025985,154.6237659303937,117.22467765214557
333.1583012930659,211.7956671728004,154.7127518754679,118.19073942784293
331.9703201407112,203.683637935965,156.61985170621267,117.56751167714845
334.1180501915903,195.03844148318274,157.51428580382571,117.31883445331843
341.1190463720346,188.00899442794645,158.1466547100271,117.6531983437593
345.1384763245197,187.51096512488124,158.36131577063307,117.26349556969407
345.7809443812734,183.64015764322272,159.81135165724763,117.22557666994352
345.1418598218522,175.5696498393506,160.87989121061264,117.17137323777075
344.8563279993019,172.13095324903867,160.93554544571344,117.25224523156604
345.80855029577526,169.49164260153097,161.29336677340578,117.61225404641783
343.7862768642779,179.03050073577236,162.97804010315153,116.99152897361373
343.8640184503466,188.2534653597732,163.28242631577984,116.34360006130542
348.996806953459,190.89595316060536,162.4194886985931,115.88582964076295
354.88152312900434,193.62160229337212,162.0144076200854,115.93197981959585
358.89758215207485,197.816296630505,161.65748240689123,115.45265870361865
360.93024300579674,198.40914518374785,160.887726304611,115.10566779248748
361.2831865266299,202.19071049474775,160.5665583069148,114.25915523155334
358.808878490352,203.18718119789776,161.33491992008942,113.78403299143682
357.20448015377576,204.0099005598311,162.11459939048308,113.3352107979885
356.5637929571966,204.06099334662383,162.17763779750402,113.33987423916213
361.1510376235301,202.89668020069055,161.57700386492257,113.61534534723654
361.4916947899231,205.11675431867744,162.32588629422153,112.66295074094722
363.22866369699346,208.10436567929986,161.91459033913534,112.4395128211855
362.78445216903503,213.2002219299489,161.95410079834954,112.26315543005589
361.52470438905334,212.3460429798676,161.5372526884216,112.07891625094143
362.0306508903024,211.56751510672308,160.91587560942355,112.05089602276607
366.4846988285797,207.95480131351974,159.77219881169583,112.08704357606123
372.1328691472378,202.43761623477218,158.707379780825,112.46710350711592
376.421658725309,202.25564374002994,158.0870717237732,112.65295913123722
379.0037841547559,205.2656394964605,157.57366877671407,111.99931588497773
379.87943678292567,206.65752189268488,157.00946905683543,111.99842853774987
376.8533935690226,213.12097418210638,157.80251083742468,110.70989542649721
373.45453966275096,218.89070568406916,157.6622112952317,109.92332491677332
374.32009711555804,227.09625117931435,157.51434142860379,110.24940319202999
377.873572691101,238.91621111827754,156.1177550960909,110.77082212025597
383.2252981970442,248.61686318705472,155.49255687656284,110.73914688895158
389.29802504389824,253.49595416352054,154.62801844316974,109.9753964316865
391.0974198012292,255.98180561555807,153.22951865476512,109.30939621392122
388.1235398301171,256.4068734724431,153.30718715869574,109.3450828558983
384.7951193299948,259.34890959520175,153.29056576804072,108.48384538821311
385.78601687372105,258.38325552265223,152.40607717053277,108.64824035772921
387.80618452754675,258.0330688800293,151.92178787194507,108.98443429998997
387.8440857663259,257.67630086141276,152.31616528001254,109.51066320295234
390.49474302459777,255.74835909849287,152.36920943656457,109.89241371411319
392.37120537820726,253.97209757443144,152.08319842944937,110.3223927120194
393.11967830067283,251.77875273253153,152.3832870865476,110.50238397815562
392.1897249112515,246.8858423060866,153.36273229178946,110.48199240581357
393.4932513357933,241.87064133168562,153.80957324725614,110.51487104681526
393.500120220721,241.21063171857435,154.1530507328996,110.59638896268929
392.1804670797882,238.95206527703505,154.40232591544577,110.80509165091314
389.35016227438655,239.54613669590026,154.73024910199365,110.40414687989414
386.77141164187117,237.0164352921365,155.31024763951592,110.75557096198834
383.54991211514636,233.90749877315062,156.01444187576575,111.4187173993131
376.90865862821175,234.82615590628401,156.96788448043336,111.31049823440281
374.6400372507007,235.00541569531663,157.16686563114638,111.25189492373258
372.84150783745383,232.29872180016508,157.35582409104762,111.69446181025761
373.1505412829185,229.76059841176973,157.30087196242462,111.79034188020017
373.99311353553463,227.86338900796613,157.74227240958487,111.95357515619116
372.48839156096506,226.5383280715247,158.57198642021697,112.0277952823242
370.96408058058046,225.6977194094149,159.26147370691393,111.4492803601448
373.22770679120265,226.5894251255246,158.6251702965185,111.75755398461183
374.56089785658594,225.5979605095887,159.12572623223446,111.7893277923656
377.08766162286224,223.66021107275543,158.90241749164346,111.83227733245971
380.11549539450516,221.17460936362292,158.63809077629952,112.27537882964322
383.119090694581,220.09574774945332,158.02475908575482,112.20244018893334
384.71617255291926,218.5331149276728,158.13846718762082,111.98797843076095
384.04195121084433,215.1951285524332,158.7952469641703,112.1211407411767
380.72711594086473,211.81616420650667,160.0959489791966,112.28053675633299
377.79846811577227,206.66466337367513,161.85592931794963,112.053267845519
377.8921560091516,202.83929258315848,162.5182881355496,112.6704186329427
376.87498950229565,199.76245296257696,163.01839270516217,113.23332429164725
376.2583407400006,195.78102762617857,163.45797719655286,113.98972450210269
373.85836698009894,193.28514406773053,164.00658671129025,114.52978997791601
373.0160509114379,190.34660981694958,165.0749651745821,115.01348880479533
370.43625246412626,190.43248160407313,166.05499616268068,114.53154298960429
369.85834815703436,188.20966139425585,167.13217214645672,115.15744168331723
369.15766817556823,189.04581611103444,167.56122496379345,115.00407651321832
368.62763240172603,188.00719483914258,167.90274290878227,115.03408189918034
367.74722287728554,190.65239039155801,168.34051312763097,115.0665419753798
365.0976312460167,194.6403101027078,168.201757223146,114.73211338071694
360.6324896429527,190.79628984738457,168.7433780910171,115.03893879584334
356.4047452081137,188.34198454401738,169.30002796380796,114.82494884715781
351.31599874981504,187.11090845192612,169.8736266467016,114.9540047655475
351.24290727222643,190.43101413366847,169.25580507335636,114.76576540981426
352.5257292043535,196.71695585130777,168.80317233085196,114.85902308018748
355.6145397447636,200.51580366554393,167.52841618304578,115.25953692818615
361.41016434698855,202.82189190609876,166.638236810444,115.53279173674935
360.11683860301855,203.51816599425536,167.2053403590835,115.39485648310463
356.4584066008947,204.3703235933024,167.71165939567976,115.1834384379112
353.47512281076433,203.70673990420033,167.2667751593817,115.13630247520345
353.45139797598927,203.10585130519516,167.34817009508924,115.51198754922855
354.3834706712219,206.52400102981062,166.7587671887167,115.57597239031135
356.7146830654614,208.92970465303313,166.79555256716893,115.19891801862218
356.35914707418556,209.18569861524804,166.30098125347882,114.68848445922937
352.99855264986724,207.893385972205,165.98348811816768,114.84258992605575
349.41741579856443,202.6351147413677,165.525059077243,116.19691238650974
347.27696605662317,202.74369177533544,166.09935002726627,115.58260383835531
348.2288137047262,204.60381495426765,165.78710935618994,115.02497421022724
