163.5,187.5,98,98
165.3152772848009,186.21146319176418,98.23499451792262,98.00323097178017
168.9083969598983,183.37034734075917,98.16801166415723,97.11486311782093
173.3621748372282,181.91172996792346,97.87047559333536,96.37922553950253
176.97113091151436,179.87115656481967,97.73926626840192,96.12737359311612
180.438442749473,178.71991465274408,98.8549212561199,95.71029107205243
184.9947411411964,175.9397991513594,99.07000506044164,95.32345958245119
191.771637564487,174.7102766576378,97.9780251868829,95.97423673809206
196.69647418543138,171.22890037074293,96.39516236216944,96.18811750859805
202.10430199448126,170.01647529446112,95.22509657256089,95.45025055720355
204.05637955003573,169.2796620165716,94.47371126545283,94.8191772629002
205.6206136952096,166.7920845556477,94.36679172312144,93.16600386138373
207.96991211825306,163.2183590584433,93.06564627779134,91.04485916029694
210.1069813984975,161.3518524030349,92.31882190339867,90.43698969294599
212.94763984226904,157.5690668548072,91.44082971525748,91.03989904623731
215.1159825242407,154.0530229102862,91.13039805157047,91.39275433792832
216.61048332584284,151.64531375519798,91.67297689651681,91.49798664346605
218.2086904555165,148.64408837982398,91.54583849318763,91.64848674876728
219.19307688078896,146.43547017352302,92.01947754220933,91.69732592549882
217.88008322252674,145.70990385660735,91.69451423617517,91.47169430952849
217.61431939915795,143.66905761691407,91.64377877084456,91.00846920544947
215.70631352027652,143.1010460333444,91.38587170917995,90.39910434158301
214.6811392676294,143.49193478255125,91.02655176888703,90.16782509031589
213.02505609257759,144.17910550984698,90.4854745295894,89.31184079343166
213.0839549493679,144.37675548838342,89.29426821234057,89.05178505685396
210.60219727942965,146.31811550752752,88.08165421109159,89.0747797688557
212.87298997616054,146.64669043653873,86.16141910602092,88.7049322856731
212.4904830502299,148.14403519545368,84.80332147144728,87.85728051236526
216.048699658781,149.90263847365526,83.52495149439633,86.5070115456075
214.92637849359215,151.56001267959533,82.44253622475262,85.47407890101557
216.1402161477373,152.6987239608576,82.52198748621025,84.14445649794541
217.46842884061317,152.53881563681816,81.79764356141128,82.25210159145882
217.2139648214022,154.01575146948835,81.15623593031575,81.25552152920679
217.31320124024847,153.91939468899523,80.56237693320315,80.5321543173163
217.40437469598172,153.67125599407188,80.31372085280185,80.83829114689368
218.68427570385313,152.40901683883348,80.37364406441498,80.90442547467393
218.25612533971366,152.85976523990615,80.17121180624375,80.68409824202094
218.75294247552273,152.46699246499153,80.08643541664847,81.28044215374764
219.23020160753558,150.8371227542195,79.8879381754194,82.13661545323664
219.24294262629724,150.21776182928716,79.38378756737757,82.38638740819624
219.12478693294776,150.51778865777703,78.76840210520719,82.45767558766897
219.05196897803125,149.11504327259607,78.39503104749566,82.22041742996085
219.22099952560995,147.74006848894575,78.30582536434464,82.05543212368052
219.146969178755,147.52005608724664,77.97415765734729,81.72368567492346
218.67929108628442,146.89858427947726,77.75818754357473,81.76341166484423
216.94386530150547,146.01111556851714,77.99821273526403,81.81154173088373
216.85322720586848,145.15917179065204,78.51413816154815,82.97071799482391
214.45378677073506,144.46128894949157,78.97831463270612,84.07537721466625
214.46358495104386,143.95672909084385,79.71675470673895,84.62497632377492
214.90505709293762,142.73904334085108,80.03325459771793,84.8554117962336
212.51486915007013,143.11524817349513,80.51147784978593,85.34748405214151
211.30066262574795,142.07679636251723,81.46259383078808,85.92344115233828
210.27442861264666,141.3468880751202,82.28657186198792,86.31492720078037
209.69818838913437,141.90409328599605,83.61250437340743,86.66312428196603
208.40302647401361,142.02526646535875,84.06416038176481,86.79897568263047
207.57879906705463,143.7779268384029,84.91183174031089,87.19096447824451
204.79388421907586,143.680490348096,85.69392120570814,87.44614083398324
201.88013245607578,144.54063859919512,87.02887912700251,88.2510539970834
198.42890798292697,144.66211429631892,88.38966204241632,88.21941866683596
196.2576211742055,143.7915229615292,89.59324454238185,88.60798621838862
195.14073043928096,143.63568705069986,90.84866333274945,88.36484787368838
194.4766937322663,144.07623548836608,91.76841131304761,88.33085197148522
192.93948351190647,142.4476069399841,92.46530523208455,88.53654628214692
192.68061078910412,143.25278729834787,93.43106803646917,88.77372296375768
191.56802023372725,143.6492471950571,93.43176541881411,88.5451518680016
190.80453561763355,144.90686686464224,94.23948510447367,88.98182087882215
190.43899984046266,145.50893344162512,94.49213720590981,89.351694282321
187.55663610183095,146.22890687047183,94.77332081033994,90.1932580161345
186.8069197010925,147.46558529148885,95.51885129572341,90.81215509751661
186.365297124163,147.99240385224977,95.9861026398824,90.88958286780999
185.4465989147469,150.01898493229405,95.72643217944214,91.12379520418136
185.14928892470056,150.47500465100495,95.35378673242221,91.46494485367359
182.37071079306475,152.59694691241373,94.96065756097096,92.14832359074373
182.918839554743,153.89081723772867,94.52680010446707,91.47671980096135
181.35481917385323,153.24623331383197,93.4509691392568,91.06583252637927
180.05766508459118,154.6146135332861,92.83674522282547,89.39483889884184
179.8435286888905,156.0074589994785,92.61399826220125,87.30681818778578
179.41431628260608,157.66301849952185,93.08446979336748,85.19043018478465
180.44901004841628,158.17830461191033,92.31999912042016,83.17436996247577
181.4505253779033,159.59335778945206,90.77177040832458,83.539703184495
179.81306143705893,160.11514724323547,90.67117972960372,83.53510988693645
176.89022957156016,160.27762509700648,90.73962797979686,83.08456597095741
174.5342418248341,157.2279098424719,91.72069722515627,83.25938014320414
171.9827356313706,156.17517238414706,92.7010170270919,83.55316210674405
168.01347813846755,156.60180929385263,92.74675504680302,83.5647557957443
165.84580183823522,154.43435130304252,92.31179438432821,85.44468711244753
163.6896971022636,154.2998685776172,92.58316418418283,86.29878182431506
162.22557064243924,153.53990105803226,93.43691725832679,87.47819758424333
161.1693982250151,152.61351638763057,94.29796652661622,87.99365220012453
160.5838284780772,151.61621182785308,94.75619882540074,88.97184739260129
158.39975646339286,150.79943174521145,94.8352717717006,89.11912747422822
155.71727730996582,148.17806908293147,93.50153632626584,89.31122175249297
155.27075533749777,146.607056713678,91.56247725720965,88.97325553183246
152.75675428449142,146.42435701449037,90.6603131187155,88.28388982496024
155.4485186023864,145.93574641566886,89.71925980183427,88.24415719665262
152.78220589641563,144.5066259004838,89.51349648468036,87.7843518956171
158.3399656611842,144.44780732883612,88.6818085515177,86.73912471148171
153.69499888382404,145.41353814698004,87.22732968405782,86.92981182740641
147.0254751838363,144.99642334932867,87.96086923338632,86.81255131851074
141.9889073560849,145.24008415912272,89.63159056698976,86.56188749721284
139.76244870400873,144.79095324993517,90.67258660840099,86.73884770034977
137.81121139668568,144.11098969045895,91.98680796338827,86.85491934292284
136.36710344627224,144.0125190099444,93.19203355163887,86.86973608923628
133.47242508439646,145.76878250989597,92.9022696394041,87.69580400281583
132.46636826297146,145.39556659831584,92.61822759110724,88.37462714167474
130.95112495783803,145.52123649717856,91.82273759119037,88.81742444035436
129.94050804765118,146.28991088311946,91.21634189305516,89.19905066408563
128.84008901723678,147.3882881061641,90.88281906826384,89.5004141417329
127.75193066036589,145.34357313448507,90.67468630004154,88.78071103226505
127.31328295152842,145.94816315172238,90.27762416041972,88.18372946981344
126.91032657867068,144.4682145455946,90.47548351992381,87.1059479635021
126.52475135624985,145.16531646678263,90.16170902847091,86.32575600486173
126.08843053700949,144.51643029431955,90.3381652569289,86.42644153872217
125.48796765076901,144.47746863123587,89.96534232163856,86.76724218017237
125.27579458875029,143.87799947170106,89.58330972348514,86.55819493119544
123.1448364612461,144.60369290548408,89.95688836634142,87.95607149327111
121.89957133553955,143.6362740126484,89.97215645268494,88.98368963058127
120.90729820990656,143.11403829012798,89.4093465752583,90.05312670274104
119.8796719036825,142.00721672818875,89.37446480545847,90.50265795013176
116.90980068443702,144.1806849150328,90.06745116713672,90.77114859365561
113.69194149535318,144.88566049355546,91.29408551133832,90.9055385239516
110.84307262777696,146.49367811118552,92.27169757128934,90.98217282337471
107.20764310282503,147.0139625626643,93.3260825649493,91.0327035402826
104.85417963671097,147.9814469523706,94.09876152659638,92.21719891988181
102.6577805559921,148.07383914172812,93.46070546287541,93.1019838904557
99.77854546337413,151.38770503226687,91.88844759406473,96.28642309173904
99.21514386074051,151.79714904765507,91.83857273784669,97.14496783646004
96.8018847536571,152.38297890782565,91.52642861375665,98.1522333919215
95.04088542367862,151.9181453625274,91.32597701736597,98.20357680831606
94.49274812498749,150.87500317968176,91.41667571943877,98.79750129737464
93.16906627630524,151.32616867927655,90.9742843585147,99.27176889475793
93.21772896618137,152.34159714163624,90.96544747560243,99.97635746945872
91.08674166713692,153.03477346287525,91.15381701311395,100.93363800187691
90.86267078497795,152.70277760743397,91.91683122110787,100.77759133452079
89.25497745518179,152.5031368812469,92.12833928725539,100.8770015508091
89.02742021912154,153.21661168175646,92.748245641414,101.08005802469535
88.37076939861333,154.93097122867516,93.06600994178939,100.66117369724589
87.73243209287257,155.2137664788329,92.8318855029398,100.32018725221585
86.00629975678685,155.5259122786939,93.47749834443803,99.65748143496216
85.55674694688325,154.90306569219763,93.46996963349571,100.5134702612979
84.13043026702039,156.5707394893348,94.10690451261537,100.09921017045677
80.75899016855631,157.92898513082815,94.22667727622442,99.5226677323798
78.6316974123735,156.93048577010893,94.1400791261755,98.70885374210252
75.75703753904565,154.2340891573259,92.96132975814612,99.17783410145762
72.36950461719171,156.61576036004777,92.98000455342262,97.15986637557933
70.32542321993415,159.31798525810882,92.97773851874463,96.42033214113324
67.9415884103072,161.88860359038398,93.31488664980881,95.12496620984403
66.72832279412256,163.05954881855558,93.82343923780708,95.16002124910634
66.08826101493528,163.92165248680405,93.78992708928007,95.10935605452374
66.49556623809457,164.26987747591818,93.67000472470284,94.59326082049145
66.05001842443642,164.4639379926029,93.59915040752298,94.66262021772499
65.58068758145293,165.5571563051592,93.75741664528209,93.96917837792125
65.62453764141718,166.43825777542241,94.00480939773482,93.71523711799787
65.4527308014632,168.12980188833558,93.97866187888368,94.13076482463612
65.71352498199464,170.76034504967123,94.12471927025078,95.31892633903148
66.02494176185357,171.3691562236146,94.2341137512281,96.46947353727204
65.31819748867626,174.369239921771,94.93462047747622,98.25575128179787
66.54100671314109,175.67020241278652,94.43843893154646,100.59089571581299
66.62028684993251,176.50620966851267,95.21846370091708,101.60257199072237
66.41406108885715,177.32767158979908,96.0242562577186,103.15970803889658
66.76388490458976,177.76854224462016,96.72389406192997,105.15415667638273
70.91364521726392,177.02263680869356,99.66146164001182,105.06414860998063
69.11189154524934,175.99949227430827,101.07105290165877,104.42030553763794
74.03303421805172,176.27742453489222,102.56230561147393,104.00715334132776
71.26789678244758,176.5325042963995,103.70971600743198,103.89040035846858
70.97549624865655,177.00004282850463,103.83943471808425,103.45078985438367
70.49239070402845,177.66247000721833,104.11198566730293,103.19472342935224
72.29856516216358,177.55941646110796,104.07183991036494,102.09833468436139
74.1026687438089,177.4285226070421,103.26097671641938,101.89864111931874
76.77266014363704,176.21537810387025,101.31530606008891,103.05542593617119
79.50084540347049,175.55427277308507,100.84300202678065,103.82491378604264
79.58333408346027,176.02057217743487,99.21823324491085,105.26858169525386
80.62423743200314,174.62542964253166,98.39324269658303,105.9421670694731
82.55158177569447,174.56481299976934,98.7729275786889,104.5271979242726
85.68629249019727,174.12852383559226,98.89486833992989,104.84542301547467
88.95205708095222,172.88531301506956,99.38287326944294,105.93019053226017
91.31369506863567,171.5065394360302,100.32626427863414,104.87031458509898
94.68112677854002,170.53762139253865,101.03569817251562,101.42440452492633
100.41593046861432,173.64988810694874,99.22769758100227,100.43353179404318
102.55000945478963,173.07842585517483,98.88158555477285,100.79216216917305
108.32195438081834,174.95375259030664,98.39271889607483,99.908817077129
111.81345463662676,173.93020931871277,96.76086985082762,100.29880437333799
115.50472568279322,174.17802645232882,94.74365416306622,101.2683490726281
120.74709250102023,174.93581780157362,94.14804539691251,100.881613138703
125.71759448641728,174.3693193280442,93.80220763247824,99.60880473641184
128.13558081608915,174.8099727959265,92.51828055685948,99.27858988886979
131.30970705058257,176.21073153972338,91.30701243616976,98.14516989730876
133.45907641302605,176.1601826745822,91.08401309498034,99.31660635363485
134.65781295960412,176.93571592896112,91.74663483519822,99.28676696623012
137.70897035272046,175.81476580469166,93.10940460173043,99.93601167525641
137.9148421748177,175.06855833019202,93.84310904618187,99.69639861674835
140.32718144547306,174.4527067765067,94.01947859294489,99.34288234087927
141.39214489042007,174.1633955683599,94.2045908609183,99.05777212119796
140.94902520390156,174.53524036170194,94.50622823562618,98.7667321874718
141.39447245603066,174.93300303262725,94.37602704305925,98.05184660283712
142.85477913817317,177.01980583912226,94.15052614558633,97.98118393342014
144.13260859027758,176.6044865637241,95.0273361325213,97.54477710553147
145.8845869507775,179.3997214013266,95.48139866811329,98.59875714117246
148.75875196236223,179.14803925361755,95.30019968742432,99.92281105517799
150.09026381764812,179.6719220542302,96.0248121615449,99.6016207689513
153.07863952054194,181.20207876389517,95.49351344588177,98.76895274680764
155.45940722780347,179.70674389836523,94.31762919064522,98.15537276206248
160.08675099570146,182.2174072508152,93.55377970569151,97.11291144221809
161.5402622412787,181.91614838156315,93.13284835146945,96.26746713505266
166.79276268949297,189.48773377120386,93.68160226155945,97.55466668658173
165.53484389011615,195.48754256219897,93.83534140488399,97.71171872129077
165.5864665574582,199.76432561025734,93.00652849093045,97.15986160954904
172.53819649048867,193.31192780511307,95.05416992797012,96.91096688170279
172.55496649001174,189.95931636419562,96.16123907408846,96.59792165516977
176.2918786017506,190.5230236993747,97.13550540389446,95.50859729580243
180.27596448222437,194.20254753168794,96.99092106054943,95.78855958372111
175.36471571364538,195.14084539437192,97.07744714690175,96.61502543901108
177.06485572408064,194.94266001142307,96.78221578249486,96.74220786043017
176.11804667844373,198.23337166642239,96.90923743726812,96.5484159667524
176.62391115785292,200.65972084337056,97.0402800801267,96.64797524606522
178.23629378367934,196.0592051049228,96.94232657125643,96.66804225305108
178.49659298110447,199.1367866566192,96.90817121916132,96.45898415301524
182.77944785982228,196.28249964287144,96.18805634469079,96.75097893398977
183.3428600612349,195.88733821195564,96.31821438758244,96.34417409596938
186.9605356560808,196.89320042048152,95.16432319697509,96.43174720241616
193.4687198712374,197.67103109707938,93.11131173840258,96.42532572310651
195.3477086394861,198.02612275083357,92.25067378434846,95.59194325818132
196.4307284939581,198.02731186420903,91.67348540806896,95.10739608874053
198.01439768373862,200.43491963231196,90.62633168846575,94.94774247651539
198.0042402906443,199.49289188164866,89.56952295189595,95.43259384290087
198.5638522140662,199.30820052904363,88.67681252062717,95.9217739492411
200.50448641556093,199.3955501222373,88.001195877739,95.5468634018032
200.24155919339972,200.73529805221716,87.65178216076455,94.86451569800953
199.08425874309947,208.08586700807763,87.73257144446751,93.85307982028522
200.8808972649901,207.37255982001042,87.76837088155176,93.67052769346701
202.2527953936902,207.29101354742926,87.4710589514678,94.96724467310048
202.43612603237904,209.3650600548993,88.16857280302693,94.93184496794439
203.55613305035666,210.6587886590343,89.57190293096627,93.43244778107481
204.1509092351179,212.85061921859122,90.72168886405616,93.0097568253063
204.43752703856322,216.74615553919685,91.27751674421842,92.98668764784013
205.0181906711647,219.39607360969086,90.65312451042954,92.91171551289462
207.07796661119977,224.67681311652152,89.85481257863205,93.11475332967763
208.72995042824104,223.02322341102692,88.98589280946345,92.6174200014853
206.87447230993575,225.28611264828345,89.4999689439164,92.72861443117756
208.24622869330938,225.45106391116076,88.7983327316583,93.49905227178644
206.55338975734412,227.59772459579196,89.0671847845733,92.98749731716639
206.62904429789344,229.92463005287618,89.34134951271692,92.42556481715202
206.35320048098254,232.62232884601227,89.96417674294136,92.409402498519
206.36161215653917,232.56802174390117,90.9759887744804,90.3430332013069
208.0461020728817,234.77516818654024,90.10185051741792,90.07472734987272
209.15813929187908,236.30489418440806,90.22263019586296,89.00114893411602
209.8277717969886,238.52988464213695,89.83012297907041,89.72405200608503
211.06420823713214,240.17996833925352,90.18597662885843,90.18987439227787
210.28372063604883,240.8570269974813,90.90632320706263,90.600299178636
212.42097998713098,242.13411991384595,91.68647531559785,91.43832525996922
214.79589145204602,243.92007195337078,92.96604033666493,91.90391202564615
216.25077055936117,248.37926069543235,94.28937252273045,93.13221728078084
215.6742789620009,248.65664837138044,95.05265748027028,93.21995430996145
215.99981425333266,248.878077680692,95.39992386841287,93.70871134199214
216.93615549642962,252.6007535265356,95.7864190670029,94.01499806278052
215.82617617591097,255.64607851869886,96.66545916708561,95.41594716140082
214.1986787416933,261.4331140746872,96.3282494647507,95.33897974052526
210.6395828984939,268.63727239623825,94.85344360018513,94.44431971363403
207.09285727992946,275.2489395091591,92.78387851803909,93.37562473187197
206.28450658217324,281.2923740736037,92.36715410559867,92.13410682215994
202.24180865013858,287.42086437527774,92.05015186023195,91.25856161309896
196.03483680551588,291.6250760823241,92.05226560105207,90.7599086877453
192.26064255996624,296.13300305790045,91.92756029637493,90.07316583583574
191.04299683537607,297.26769130598205,92.07110417551745,89.92758699477812
191.91630410366054,297.2927546017289,92.33970670475972,90.33656184180683
192.39176297530028,298.70822168803454,92.58111073882397,90.33236602673944
193.59484887778208,298.93904014415097,92.47448493720202,90.53945394942556
199.32046670899183,298.54846494174086,91.43427622943338,91.27411511923208
202.9030499320685,299.3182958971962,91.83233552943484,91.6021165918053
209.04634534808082,299.3567640020939,91.50179270919003,91.8260618274178
209.98700538112917,301.7426938625214,91.76697036953371,92.07942774590605
210.09748698322687,303.4376184735978,91.31082468631442,93.08617781650831
210.25220533991885,304.96445199927587,91.00708016388677,93.38637996490507
211.4389392146188,305.38671306766184,90.78107716668413,93.32032727145426
208.65981870026167,305.7464169985818,90.62548152547652,93.69168142877174
207.99172938955786,307.5471527383783,90.54531192796625,94.21029661910063
206.98550441294984,307.2616818193173,90.20258829338324,95.49719735052183
205.06373941662366,310.55660091570616,90.2000921038609,96.13819697970452
203.62043232658596,312.7389822798857,90.43617594564901,97.16710528711204
202.50335042091038,317.514950889007,91.11616402248019,98.410634491904
201.21430400685813,315.21156238116026,91.73841507087582,99.49956110858025
203.91248364510835,317.1320085299273,93.0374865499906,97.78975206109192
208.0362454180107,312.39345350566464,94.03666138370252,98.50512905450248
210.67726654151,310.62953696051204,95.17096139515732,98.49476248164552
208.3992512540667,313.13966592527856,95.85773261259148,98.95612152598937
204.5195196839352,318.19468968211817,96.1241547143413,98.71533384659973
200.91172276904575,324.84809518805116,96.20117299022615,99.87804626460431
198.23599603431967,328.5695441179639,95.75594124086732,100.42092339867528
197.9114769307373,328.1437434005811,94.30210230798687,101.64213266944893
197.4275741071131,329.6828674095095,93.40204954535369,102.86905757181921
197.4826423577477,330.2734230447305,92.61954404078855,102.28787611094751
198.5601409569,331.72583873184954,92.14035551062057,101.86106945785508
199.08417092619942,331.1123309008187,92.13078908608273,100.8798295905132
202.11063462739315,331.3140451940085,92.02331198963395,99.89623889618908
204.8260527424435,330.97455873394324,91.69688926890214,99.40640430975827
206.52064023681538,329.7453337126949,91.18967967894685,98.79174639441499
207.7079059183625,329.61947011230336,91.1845430950579,98.03987728935087
206.81772499366974,329.1374332064742,91.07152203752972,96.97940853089506
207.1100082387863,329.13521310240253,91.0456812023755,96.58553912080379
206.83393391516242,328.9340623290271,91.03156843891004,96.10926909763513
205.7807366209567,330.1328330241314,90.99190780576384,95.74364313368079
204.44760103767823,329.88776259353176,91.06326048286462,96.07662837680843
203.029169973524,331.16358607407625,91.30016228402465,96.80821529671618
201.22694809785935,331.2170543872888,91.69193475544672,97.12378106878204
199.16342924683119,332.271690033799,92.05071174011107,97.30443868887802
198.15754399035944,333.8928869543988,92.5204267654218,96.91481946773456
198.27031396533033,334.1470777140007,92.18503738485934,96.42772269081162
198.73340863605335,334.5324193368183,92.05340007159249,95.96098018838444
198.80524508394956,332.37922250040225,91.60635771330999,96.13479262723823
199.77293511564886,332.53988847666716,91.48433440707537,95.47943132800393
199.54056409102742,331.36415957992085,91.59215567756691,95.9073921599029
199.95067972798762,329.8489239436776,91.63057890270042,96.12816079757792
200.0769716071214,328.33031359527183,91.38320480226213,97.12274986826043
200.5515948275161,327.2319850701954,90.97315681966745,97.87815206421106
200.28402811008345,326.1686658876258,90.86234911626525,97.78401482510202
199.36112795681905,325.60637627485966,90.88187490859575,97.92263773940849
198.85617128335605,324.9358357351965,90.47465540106009,97.88006791980138
197.6621324081499,326.7156162719191,90.13881662086327,98.58674505894172
197.36249291289545,326.0995240519495,89.91385599974649,98.30647987672663
196.29056466297592,326.7488303679176,89.86515707203428,98.41912570388156
194.98288171117053,328.0295169270525,89.71513138743396,98.97305228730251
193.72537656638065,327.09268138740424,89.7411699668087,98.72445135198113
191.00012654470635,327.53295248536415,90.22804124123635,98.16051180336586
189.14575766295658,327.53673317951603,90.71757982413288,98.57629317943965
187.26902143454095,327.16654932566547,91.05624972969466,98.80588305606315
185.04861072471454,325.2624905776288,91.46524226903742,99.08088158889493
182.8881127543846,325.99351658323815,91.63668061921265,99.24564287017964
180.25529880910133,325.56236238418165,92.64479498667738,99.1269670573246
175.58795816010144,325.6062918655439,93.62640602558292,98.68484148087833
177.5379689985375,326.2847014180452,93.55670160754565,98.49858261662118
173.60481182680886,325.81456021478624,93.6798900354756,97.56479425955118
173.68613549868485,326.7569479509213,93.81312938710857,96.73827076424793
169.48986962855344,325.61174334518,94.0443232748934,96.2464515058818
170.99859894528674,325.5721753003856,93.81791054558627,95.62544193363978
169.2479709714346,324.54314433862027,94.36113674628132,95.71939181378964
167.94886819142738,323.55739878619784,94.79205376450196,95.4314327214147
165.995213606975,323.9930030260359,95.77452725149142,94.56439133796223
166.02838702564765,323.9433986572118,96.28180657476774,94.36290203369452
164.39028150982318,324.18348051791344,95.99354516951175,94.73963524918473
163.98830837766536,324.0950278311862,95.60733521243768,94.40249776833016
162.9091732941638,324.6965730812364,95.45450441966295,94.29664151734471
161.4029530545727,324.8316332489487,95.76175829339167,94.17509072110948
161.53130273743113,323.7936181522576,95.94010074271729,93.99014507678416
160.3546686464852,323.6301239536429,95.59686743115518,94.32355856926995
160.73768396394286,322.30822905192065,95.85169377274892,93.92993835188625
156.94973886078736,322.9846605020038,95.45952634661361,94.09717270742672
158.56261490734698,322.3773299730813,96.42635733760082,92.99892010903696
157.102897219709,321.62407860363635,95.88051170320274,92.31914879626065
152.03163167321316,321.00359916259976,95.3425990324615,92.38462957755716
153.96428277326493,319.33750097882665,95.29883385018022,92.41341088506
151.18008113539315,315.9299970983659,94.4675860753562,93.27657586109996
150.12921257610188,312.54788702334133,94.29208506336926,93.61588784998568
147.26669029833988,309.2003788861835,93.86712094045697,95.12311945251797
147.92985265279265,308.64697753257326,92.33720135323549,95.46964113337503
146.71009993058794,306.5239927137778,91.59795366005645,96.17899826028489
144.64073572514235,304.1410366070448,91.17789615557284,96.9302977990377
144.48985237904316,302.6049990525743,90.90600843454799,98.42936973510419
144.10082540375197,300.5487954424081,90.75629117445985,99.90372544557947
143.60917652010133,298.12417239915413,89.63268252772917,101.45594871256836
142.9225415466654,298.0783122247873,88.75038230133751,101.38219360339531
139.49054260673722,300.1345147875775,89.6010616425281,99.88709900180172
136.18970180334264,300.84397222834025,90.21194048442464,98.73501685939095
132.95250330889962,302.6928983549725,90.54641628495617,97.84306422618263
128.5853082572464,305.4456028620407,90.55163940370456,96.67770495569852
124.73108917462542,308.2900495976706,90.91689643567621,95.7843551550931
120.63976532196622,307.7784427574551,91.1285139057041,96.0686766379151
116.75820450448481,304.9723694782433,92.27103340977703,96.64870106117638
114.20563339241083,303.1102283054553,92.67023729469159,97.15617532607915
117.9031509093683,300.45813012277245,92.491011606022,96.55749626801348
110.30500291638754,299.9711052428741,92.3123295264928,95.93996456399634
108.61186651331411,309.89482447669604,92.04556478457447,94.71570267105947
107.20400306713478,311.91128461119223,91.6618316473311,93.30717014315596
98.67646080223531,328.5875050110957,92.23844442114859,94.00819614022402
102.89039351406302,317.15371567098856,92.90226238524951,91.7041840153846
93.91127780991178,310.088500247108,94.23870386130103,90.52488910173209
93.06060389400425,316.9508249815551,95.31721105018701,89.13242156337995
92.1288348951744,312.57578619162894,95.80186497077455,88.83881132279765
97.70299904977757,315.3028823818861,95.65850911945395,88.24921244814276
90.64401783699499,332.7170073751483,95.76457541159627,89.50950921454807
91.20884966121574,334.32214300904013,96.40026127048664,91.26166937758097
92.71631370888691,328.8097327992153,96.51331436105735,92.58149941026785
92.63834984235721,332.7418098294456,96.96216214712197,93.57645618202164
94.49007957283591,327.8258987910484,97.37994377884647,94.84468344070072
93.01083017237404,333.3684349279847,97.88298656132233,95.11552242171086
95.23696004047547,328.8816701797737,98.23216324937485,96.09041424189388
106.27740110880302,305.24791600865564,97.13555120854494,94.58130744130779
96.9478025981262,309.52232102186105,97.70115653983508,93.34696532184886
101.55200589400675,312.2538829951307,98.38129116969266,90.9837323226515
99.53693555812768,306.7303565366468,97.32975106676206,90.34039751378916
101.48110809763917,309.91540557019107,96.39485905170395,89.15435000669818
102.72331367142463,315.8888198564706,95.16727156307618,87.5759191468467
105.92416191761117,309.9180486715493,94.46942963155516,85.52673504574204
107.43224785262865,309.78465926250567,93.76012869886762,84.27006718471402
110.70492097985232,306.96185360131244,92.73416015285535,83.87407446504717
109.84317603619807,341.1967236554133,90.97488150454981,87.6451104188572
101.74360439984657,355.82096142013603,93.28134079440369,87.0309026964186
97.46371773095352,369.12695589172375,95.69811114528184,87.5282658650596
95.14250454228939,368.63675576687706,97.3725588067135,87.87620242113414
94.10607990290762,367.48884932019575,98.56415937293735,88.07933152238249
91.5672059116281,367.71021021979925,99.94909419746112,87.68427783748001
88.71357267268662,367.7587165841093,101.358222533712,87.93433845523639
86.9792072471483,367.6923710128728,101.73010179749312,88.18175947899599
85.02234264197095,368.31776215243883,101.27912163055899,88.44709679920626
83.65687946241135,369.75861962751054,101.18861373026353,88.3721733930234
82.18111924860995,370.4657019870939,101.65962439987072,87.66967513866234
83.3483935733212,370.27770069607794,102.06957519540975,86.70253723779172
85.29382967074062,370.79153026154734,102.01411645653405,86.03195049001823
85.41834736631118,371.0211028898117,101.2603651458983,85.89312598873283
86.2788562392673,370.66872870856065,100.70695554188518,85.78230733463344
82.71213162639555,371.1319876496694,100.64946629488087,85.71094176135686
84.64994483797437,370.9926452709281,100.67725674374778,85.53066559826706
85.36466217703111,370.5952861116207,100.90243675260024,85.41679365971407
84.83105032248773,370.0666196967795,100.52146893813506,85.94838848852675
83.57442488649266,369.3555108598912,100.23373852693732,86.14631376480435
83.07947840404714,369.78916207086746,101.11138579802554,85.61693215760431
82.09188975242279,370.23140373073767,102.10135464952636,84.80410677115863
80.75212628055436,371.30326753126127,102.42499203447107,84.04430234306218
77.22725083702603,371.1057344233118,102.21597722404849,83.57733423812994
74.94737999892693,356.77291432175093,102.14666483072764,85.13646618624676
71.19616924136268,351.42940437666573,100.23169838351484,87.31661962133902
66.48977289100176,346.4557737406089,98.63687504114584,89.27380292104057
64.509336395929,341.3438625181737,97.43259405103626,92.6078438908438
59.48497557293882,339.1383487839226,95.89087780791749,94.8862019104935
55.161473598425914,337.1205560581843,95.58110227696284,95.92978559004311
53.63134821126129,337.3697527125397,95.3339695139996,96.47084233073267
51.01965569168544,336.94126526903807,95.09743080894964,97.06020473065826
52.8401337269472,336.2419638147184,95.34508057147971,97.37017183702861
49.12594734201557,333.0031982470438,95.32413827023701,96.74171113201523
52.56700746402536,331.4856120605318,94.56729649911783,97.74204077547074
49.05561020725927,331.1248664127879,94.81388881080674,97.79572329982516
51.10303662949343,325.3716349771137,95.96091972106865,95.70577828085379
52.82109779295759,328.62190625247047,95.62183327899751,96.71301199051614
53.263911128518046,328.8887938247771,95.34177752023774,96.98701156847903
53.74413142505375,329.41844870330533,95.41240537141834,97.38730452500752
47.42975469960037,330.64274468458115,95.61809459045254,97.67097064389198
48.20269352779492,323.36235184326415,97.27370185265781,96.22406780418719
50.401739046898214,325.06150241816,96.51881454980278,96.32836470165188
44.04252489798319,328.7092914243949,96.20682445163673,97.30704244174558
48.37477764468447,323.3197397082432,96.19595589060722,96.24357080080676
50.35426728347697,325.00662039054964,96.1033840074314,96.29002957283639
50.70058272627443,325.8897856624288,95.8930312602356,96.87577341376748
44.80549846037497,328.02771851180523,95.32041159165611,97.86157448976432
49.78307307340824,322.3984631150865,95.11329588914914,96.18561319915634
51.071810444199414,323.0057406244545,94.68473786891079,96.94912152537576
52.50301123053633,324.02857740416596,94.47293553749367,97.1681896251173
45.99161626292796,326.28453006905283,94.57371695830611,97.4023503887883
47.921875490450724,319.9737932667037,95.9696658456373,95.71156622676305
45.64068905978064,321.02633975483576,97.83232929154167,94.43241940270914
45.3877668460393,321.4570801139546,98.6522897201535,92.95042834473458
38.200630209910045,321.99487889622844,99.06709510453359,91.81902837530633
34.05051269648048,319.8357449431929,99.22041374192739,90.85263451151044
31.557550781582492,319.00764888941546,100.26090776978245,89.70716274348553
29.285575208199525,319.36864899554575,101.58010243728508,89.09276312330165
29.644456210599934,301.5845458894409,100.7745978952242,90.80699213214224
30.502488869433954,296.5024167816698,100.08021412472108,91.82750206429822
32.71630282443561,296.72828136443144,98.79398798244848,93.75701731978016
36.77694021840047,282.71036923110216,98.39099970880099,95.45070901807932
38.37497502088498,279.12109851260266,98.1466856275136,97.61708061712675
32.63379329860285,276.50373551817967,98.62299610119163,97.6473631512303
48.920159998330774,252.28552862452085,99.16998316072016,96.88598107062799
56.70579467011042,244.88597263578114,97.51646131471946,97.10325157929636
54.59435123932528,248.4961029696619,98.42472100572701,95.61072786145546
55.18123411832703,250.1771177610514,97.87933703645412,93.59508518816135
58.681311850003645,251.45501473917955,96.52022189826569,93.96918257979021
62.79798971364054,237.17401257548187,95.74860380374336,94.51538261641409
67.85683204356657,219.74125950091894,94.2936789247751,95.28803903409457
70.56846131996116,215.65542821712916,92.32360116193342,95.79024988811219
71.89351441287874,214.6444501328858,91.19351581865044,93.67517831612038
72.7482211101746,227.63217289665505,90.29875319806082,92.61098385669706
75.91091216704865,232.8776203707451,89.37367778597286,90.80279955610001
80.73921012065098,194.94486016730838,88.63304695902943,93.44530513143046
83.7898145275385,187.80902073069436,88.66779777049854,94.68989774672394
86.09827827108253,180.77904440800717,88.35264526204816,94.29093372797479
86.85737178872029,176.43321200849502,88.95538198432574,92.90231917671831
86.06640733648251,172.4702292775572,89.31917517427036,93.17384042091209
83.88663526865128,171.74855339467015,90.75309160149779,94.8111031877724
84.49014926441777,171.9481580382647,92.24986452663654,95.80414348478132
84.57288348807165,171.39327440923068,92.58774305894684,96.32178783044242
85.08896160541784,170.3005559751715,92.2552217338843,96.82986297179988
82.31603992944554,168.70437973764928,92.79916012138189,99.12692966164613
80.21198759943317,171.90689205394273,93.95643227141211,101.15389946723067
77.28734257374826,176.79286661074855,95.6991392043432,99.37520978355066
71.70592878357394,186.37775822187922,97.1076170761347,98.58691917603538
67.83505592494151,194.77045984551282,96.74245876355337,95.69785343792347
65.02807843717339,200.68956090450658,96.77479018485988,92.89667391057316
65.90716350285032,206.93200037966855,97.16469181940568,89.88349086021258
66.07203038781151,208.1577933907295,97.06603093726157,87.97485004425602
65.06424320912652,211.71453060926711,96.47556267111167,87.67453507297054
66.47420740524804,214.53898008661412,95.07070624313255,86.11299173198505
64.925948966041,222.01433592112085,93.55973258199583,88.1607122223954
65.45848914335285,224.0045442431921,91.79528530022523,88.90020572305883
64.12069150942526,226.0523009643121,91.13627153640319,90.14624787621673
61.92178753747042,232.10776714522945,91.15696041598179,90.61523056107399
56.578098969741006,229.4892104032096,92.2333165095705,92.16456747956195
55.244538864124436,225.3721653066375,91.57928117270794,92.97649657041117
49.60148014031383,222.81542946091358,91.9196302640059,92.7714439012023
42.93461167803662,222.11887275316053,93.25112796126541,93.10728762428741
37.22650853158791,219.51888300061398,94.57762020386986,94.10799163575874
34.57895637147574,219.87641186927036,95.30069922502193,95.93351154851615
32.54567829081448,216.26611430979108,95.87475770377304,96.59956507964509
