437.5,117.5,89,90
437.95130003602964,120.36048662892956,87.75544986900368,91.27381538883887
439.33074653744535,123.51355622124818,86.79627453089088,92.30380777692503
441.2975147239134,125.9220969522482,85.75978043242975,92.78955891837958
442.41537634675217,128.3152032319166,85.41677991262057,92.67247143915145
444.20574372407856,131.20999279425482,84.8552719474422,92.33668297914785
446.7237413212212,133.33878537202926,84.01335805961443,91.77672703693206
448.71766067874273,135.87459777625338,83.33508321976981,91.181448244414
450.9114676672124,137.50567244719537,82.94452668072728,90.87936450578627
453.83639088539314,139.11499959705824,82.59632819358445,90.34036551955234
455.21929872231004,141.01393274576554,82.00076579657559,89.95026794848664
457.2692478579183,142.28643694553634,81.67050987841695,89.32676190070589
459.2861158887294,143.82408684232524,81.1480395714945,88.79170334858318
460.7364555660989,145.3502106215084,80.93453572906922,88.41361269443742
462.76427328715147,146.9509927050168,80.48041009645819,87.83328795117245
464.1905873619319,149.05128957366549,79.92379792475683,87.2962815456469
465.96068555093575,150.47273457698162,79.5177861456718,86.70203636781103
468.2001860286977,152.2606099288834,79.05997297243546,86.34311019556262
469.8120985624987,154.64059468064025,78.7114852671229,85.88307794027895
471.42344237723387,157.25396839934803,78.20801016969605,85.40549794518515
473.2084917770897,160.5355047959602,77.65980725545194,84.74515943159338
474.1496551009105,163.1377377169306,77.4207453783182,84.10994846483574
475.67364388010174,166.35150932574746,77.02816070514379,83.83122803162581
476.4646807502579,170.64760277162532,76.51178475402364,84.00671272495308
476.75195499197935,174.6724163555104,76.41386379924822,84.09619612236851
476.9911505127519,178.96517095220395,76.62646976221214,84.09580331539493
476.8143668529498,183.34477150293537,76.72592880187284,84.84077167804341
476.0231680925197,187.67712298888333,76.94421025007829,84.8192667194532
476.9401894696858,191.50081066137153,76.76249276830629,84.3039595316728
477.1664191425895,194.08817407790764,76.88712446072587,83.56211071602614
477.5502947417763,196.65021957932078,77.03631198448593,83.04045720938518
477.846707555081,197.70038134293497,77.15216943139723,82.63470589246866
478.70315557014976,198.30684384137624,77.10415379619532,82.47099525868433
479.1134636208033,199.20199960364695,76.81114996381287,82.14725375386486
479.28612530840195,199.61758494027993,76.61403189872192,82.11190087301452
480.0018222388938,199.2763623359366,76.5756044273943,81.92004989334666
480.9907956477934,199.1547937456128,76.35909669460182,81.68656794958174
481.6877070490957,199.79561257144525,76.04641095311626,81.29401296812864
482.07929925987827,199.01909167815506,75.95742996792576,80.82561997077347
482.5872006533561,197.3085236508194,75.89316473046586,80.33423823941877
484.927312562536,196.28082974425377,77.53095076546913,76.8617019917285
485.03167911896895,197.94429551055788,78.86063034276584,74.06388917583709
486.53049955652716,199.22715645401863,79.54808716204644,72.57312585176653
487.61854654559744,201.9219880969995,79.6906279323647,72.0982021745694
489.00067709822395,202.5692528885996,79.93871500216054,72.4440490400005
490.4570253019153,203.68510975532536,79.48007652667782,72.81217904701225
491.98750814719995,203.67432929298718,78.78777796181038,73.91270861583072
494.06729723171804,203.45755314140118,78.4794437655525,75.78126384201455
495.9332043564586,203.28404689778716,78.2853633093301,77.15205095311339
495.95465610819764,204.97839323075263,77.95953595841516,78.48603408750597
496.77205798791135,205.74359390079758,76.87041778830127,78.26655370116667
497.21026055287035,207.0152542194756,76.53786439159093,78.11676796256862
497.74908549674046,207.53392737431045,76.36169738396626,77.53455884610185
497.3853693326965,208.28124274725332,76.50468805021944,76.34502192507958
495.9184273909809,208.96955786334058,76.61250067129097,75.17004836228332
494.8328436039783,209.49597925822727,76.30342360876057,73.9045252774002
493.64193450709433,211.37868755171073,77.0007158358842,72.60350564401604
490.1903525357329,212.56739724595394,77.35160745881333,71.60018729827706
488.567178876109,214.0460407021232,78.02752950607331,70.76531163700666
486.0959769654632,216.020571984903,78.58253937594887,69.9864720691125
483.440002395662,218.16772373360166,79.16023272484075,69.47957263207896
479.6615737578441,223.1388112318797,79.83475004610032,69.74825884157754
476.0804706954926,224.57650545603246,80.5011304032863,69.67619962262685
470.6532146320565,227.69080047223886,80.28749582453104,69.46113984457808
468.00475983519834,230.7899138898947,80.33393859466943,69.27197386894659
463.69564269057236,233.941229954518,80.87190497773244,68.10039375691188
460.38676240431704,238.10580528498141,80.59447149659324,67.22396040021484
458.1077544341732,241.8884758691284,80.40845076238139,67.65218622181952
455.99687224967323,242.93230881271933,80.06579824600534,68.33420178834251
453.7560160493831,243.42891045213432,80.03221418738762,68.2852241784197
453.61538064013797,245.40448953095418,79.34527186491336,67.64963113003289
453.6001473188044,248.16516572428546,78.82326704866864,67.1085152736743
451.67965946069864,249.32679780173885,78.7653985227841,66.901433446038
451.24267933065323,250.78345366866412,78.65861120234669,66.16398712394592
451.33268559487175,252.35932925479605,78.77696700867992,65.49338872458547
451.37758068201686,253.86566444858067,79.01515434269615,64.91892691703332
451.39882755548774,255.3165737026964,79.17151575742133,64.24078032194888
452.4624094984788,255.82420629677716,79.01003449720969,64.27054441635724
452.9459443361234,256.86026732675305,79.03723943816206,64.03278784350414
454.29001631058026,257.40041641557747,78.81796994374656,64.1423948324813
454.0965118214845,258.21341308275373,79.22112569727317,64.36066481332955
455.4398457645601,259.04987304446274,79.52285302520272,63.81381503170388
455.4221285428136,259.28608338205737,79.83406331851491,63.88755118014968
455.9059536473451,260.1257993177297,79.73854988113094,64.06326154456096
456.69279915732625,261.5659019911388,79.80532948513866,64.02876170692859
456.7745957876931,263.11817376418236,80.06304408620983,64.10225485059973
456.71109924794007,264.7092115524623,80.04575542075892,64.3461905979686
457.2773885178623,266.07460619709116,80.17982255085161,64.27777055996215
458.17543846936604,267.64354250290626,80.34197054785326,64.2327581701947
458.8057535533527,269.43853782097267,80.35700792805955,64.17309294681218
459.6315182639849,271.05349589379944,80.29461558412679,64.02591329331557
459.1779435209438,272.3486278921411,80.36454922939237,64.10469999014421
459.5330964097044,273.9340405539131,80.36473606280269,64.18025618782517
459.783410771148,275.2640362034732,80.49544677072444,64.22801592439532
459.9112388017276,277.32265278959187,80.44540715391449,63.920570740820665
460.83333501876666,279.24087758888896,80.38595016104426,64.16325036128174
460.87872327511184,280.84335468599,80.63644016122475,64.1086500756185
461.6369032406868,283.03911281121964,80.63898443921175,64.02836877617847
462.9939546201608,284.55913091029555,80.7086808517115,63.86859018453299
463.3571563480007,286.70385494103675,80.86666769058368,63.65284445840824
464.39499827879854,288.968625167456,80.70441714235764,63.756938095993235
465.56696875340265,291.51988840756974,80.58007234068668,63.67005282822929
466.4713690525629,293.3345108641348,80.56886533596355,64.03236837423606
467.3873354157578,295.10354509981124,80.68851694871573,63.803867354360264
468.6604300883632,297.18146694496323,80.75169473569169,63.694473802148266
468.9055720045922,299.3344600078518,80.71647731592104,63.60986791013579
470.7113939645635,301.93934677021224,80.66570022871159,63.84324299839099
471.15960970531575,303.5186511980386,80.81597232424868,63.79101389012908
472.1605880695196,305.02817899234293,80.87144610159363,63.445911596274456
472.64933043133124,306.37762567261274,80.83496219717652,63.696160691789444
473.28033411897434,307.6113744823006,80.5678840163407,63.60025702459271
474.12753406385883,309.1956339211979,80.22313379431162,63.969839819924346
476.28493096091375,310.56959275241974,79.66790225415377,64.17653655834434
477.31107763838526,311.6003797446613,79.16106638154875,64.27957439026741
480.26459394110816,312.35920285062303,78.96916696625789,64.30139563230055
482.5330648664727,313.3064111940969,78.2858909442336,64.54146800480113
484.6225353712376,315.7792489383505,78.82221711610043,64.48252032619983
487.045515793542,316.93327188856074,78.56856145490228,64.28183860348332
488.8882301356995,317.9761512737932,77.98579080395828,63.720378262507495
490.8556754364176,320.86015285747646,77.9944124038312,63.066289584886995
492.15480740671023,322.742166648053,77.86153819179205,62.87424343378769
493.5206285043208,324.2035643537255,77.765755962849,62.74548178823554
494.94744158677076,326.59518515214046,77.606798329367,62.87279173940981
496.38924449443755,327.395204025005,77.39446026191237,62.674668709447616
497.68740252443774,328.862548426229,77.1389189764634,62.76250855537605
499.31138924087253,330.0468120182446,76.78091989929143,62.784843597831056
500.3288930464959,329.9504935535233,76.51451024851681,62.692223873249574
500.8920782848671,330.0022523323453,76.25367675955587,62.19816413625948
502.2161919645332,327.9930858393771,75.8034019091501,62.03146427765236
503.2658381152158,327.16305399649474,75.68923431500698,61.48355948998271
504.2834371840567,326.6847754719871,75.49348713271606,61.07568122386576
503.8821121223875,325.29002749039944,75.51463888349967,60.76329663665656
504.31635912265347,323.83352417429626,75.2704165738132,60.70507466931467
505.1771547434985,324.765356919408,75.0109779324116,60.77978298318353
504.94147517910744,322.9044340481457,74.99443644645518,60.73140677708458
504.5519222564204,322.8810088626627,74.8811439940425,60.56685383775152
504.3037292095447,322.55353675689315,74.70113389667384,60.474671768029204
503.6167217335213,322.55031023498407,74.61649015349975,60.791344248731306
503.2915564496528,323.3279646582828,74.36020850381044,60.83175020964429
503.2698137336341,321.0724763139421,74.01856344101472,61.10682458890793
502.37203221423,321.144158320983,73.9828328969068,61.46595461197739
500.9442965194244,321.6131980372274,73.85085225633603,61.71247982426408
499.9035603086361,320.4020989918124,73.60464909693431,62.18602600526583
498.4647242899947,319.9752227733836,73.52413903773571,62.489010066726706
496.88286155740377,320.4641109702928,73.36768337155472,62.88252495270112
493.72114834047875,319.12911017255624,73.21200004130557,63.479850366381
492.90514130942944,319.3122885376356,73.12914245843051,63.56034217772043
491.070573062843,317.3738155037224,73.2936100005688,63.75754972397084
488.8758639276872,317.9006304845762,72.96106009689966,63.82428621638782
486.77185031923767,317.65867777523505,72.74512662806876,64.44076954608944
485.09617042150387,317.5502468338882,72.5022459965191,64.7537936064055
483.3714779158865,319.51987124014636,72.14004033621464,65.49437200717654
481.5140794456172,319.70358054496126,72.10901413184048,65.9624863012179
479.6159377401313,319.5679574217554,71.87194850564181,66.53580319510772
478.50300499205207,320.21742656455837,71.75467387652567,66.8718558400591
476.37353162838855,320.09044929733886,71.88283513861221,67.20075014698479
475.313296343209,319.47043733802116,71.84231141766571,67.56797848380262
473.0921981757128,320.07092318469716,71.86849165082107,67.99769903402664
471.77844611052535,322.0174201683483,71.77326442934351,68.09843942646562
470.240498562042,322.28468340936706,71.89016776033428,68.79272265874533
468.92965443719453,323.58650480378407,72.0353891158794,69.20399772040574
468.8161465821266,325.2177468144991,71.9939881828726,69.29481570092875
468.3050612093049,327.2796059877936,71.73810695612676,69.19090564672871
467.763451867095,328.1841336449149,71.54467139707725,69.44579371856398
466.56962218437457,329.74697333105235,71.43204990543205,69.77932760312504
466.49125760563066,331.50116878701385,71.29800665467283,69.56792827788715
466.5988019762044,333.5732915154242,71.00911495062616,69.5812150361848
466.50359836364964,334.3387639157315,70.72359792227192,69.3101158500036
466.4513299357124,336.3170919618587,70.35509878695447,69.28169600385819
467.0888883032318,338.2308906654143,69.87881393200833,69.3175300504519
467.2217291539264,338.77484537068807,69.67452438888904,69.11822033367949
467.3844987904448,340.310448813464,69.24586640563231,69.29051058138259
467.2887710859576,341.49730751245477,69.00065183908757,69.37768991382399
468.182506792709,342.16028458556764,68.50215745252424,69.24883879112734
468.6433033079861,343.3017591064905,68.05100403483542,69.2613304231097
468.93334008156177,345.612981012549,67.80100008921984,69.00713459683256
469.29802802484244,346.29982772554007,67.56493879668889,68.74441309849324
469.86036423364806,346.76923013969474,67.24086529846937,68.51513463021891
470.864899397199,348.3241346942166,66.83935310258539,68.49506150597742
470.6828902816258,349.68347545152506,66.70034526552116,68.38186113912664
471.32853504727836,351.2807254338821,66.60230209880962,68.40644591409759
471.3511927689824,353.2375483345927,66.53099735389875,68.35811125845888
472.2028627392691,355.3601700994803,66.2901645420409,68.24205578944418
472.6756671539205,356.78105163468354,66.0626969108964,68.24641569915545
473.2985952794679,358.58892488942917,65.76832635325631,67.90527517912035
473.06019899782285,359.74200929923865,65.70447170785577,67.57300786974004
474.1907765690278,361.4145253768209,65.303655014924,67.28097783363987
474.74550684705895,362.56992933311113,65.16123809709106,66.85711934103475
475.2089926089716,363.7367540023136,64.97124349482414,66.54564626834633
475.823032840284,363.7159764439466,64.89100770440251,66.5197761787768
476.5256109782457,365.3326643765596,64.59281267878424,66.726161475355
477.5605938063353,365.71759947148064,64.35346504647737,66.56545796727936
477.50083388571585,366.352020041759,64.40367875998922,66.64486292428741
477.8584636829074,366.10503524319586,64.37193519114926,66.50391883847605
478.50072525027235,367.36385689417654,64.37570923278058,66.37429342935216
478.23082187653733,366.3755958781168,64.62447514248588,66.02743856747438
478.51894850710903,366.55332948527393,64.52201190109305,65.74970086889157
479.0782656807099,366.38192523995167,64.46336569495125,65.44329473417744
479.7920155059193,365.7374069183685,64.50344505168104,65.27605960972761
480.0612868266809,364.82915710781873,64.61717350209601,65.03423584749578
479.9520351418303,363.78805894406247,64.83916290788726,64.7851331084647
479.7800238603055,363.05875806976724,64.99150927150069,64.68684651515156
479.81145912142387,362.74559863372883,64.89673459573821,64.60447796256855
479.50054612830417,362.3050864247555,64.89179539042257,64.65587921776884
480.0579322930816,362.919109101658,64.75438587243312,64.73022932695356
479.5642035171902,362.75325741085663,64.76951643027354,64.68790360861506
479.7360562950093,362.6380141530013,64.69320064895791,64.31645890999322
479.60747272213484,363.09889949564814,64.43196575470206,64.14975807657477
479.8929968359669,363.43912862240035,64.09506395812639,64.16948732736196
480.67408170267066,364.25616056694173,63.844131917551856,64.11734084340765
480.3850822358819,365.106470795319,63.76005104003316,63.709067698626605
480.7533687571984,365.87086878372617,63.584854628660054,63.679454184504614
481.5000322814797,365.3456692964115,63.38037121184186,63.60249817961896
482.5163789190763,365.7797627615984,63.030752649402,63.302603926647535
482.54877461738965,366.7722899245468,62.87218152495865,63.04270388141335
483.44244202028983,367.67166738353603,62.601934774769056,62.605074194223974
484.066377897375,368.0024110325464,62.463679777037946,62.41373244955377
485.32744800942226,368.7549506516296,62.44324257685389,61.81807876804703
486.044183753136,369.1273111783604,62.256170849672664,61.72041018145475
486.66233837133063,368.34664246072657,62.32900706387542,61.99684313674193
487.55632331161917,368.70745982887405,62.21989677478243,61.69643588538847
487.19431824051685,368.18349452938827,62.42685045183818,62.05596126861987
487.90171276285344,368.43888872130316,62.20554535587254,62.06474901708762
488.11728365388865,368.55696037092827,61.95894803278742,62.07553883534627
488.9857358484481,368.41923168285314,61.86547280378673,62.241263836947645
489.1095454409905,369.2206549739031,61.82102843328376,62.135341535967974
489.60040967482917,371.363730983838,61.61362724374367,61.93228220561232
489.9912719582889,372.2018519248666,61.43982022405014,62.074629414856055
490.43194872413443,372.7616980912944,61.35952558079441,62.13824091500827
490.2493086211364,374.86411044277014,61.379005088986965,61.961760366414765
491.08795422279593,376.40733550437216,61.3945724624425,61.54534679754731
490.35301759838205,377.02760939071294,61.662141467228786,61.66760820607908
490.29401203858725,378.21566901134764,61.63122322928977,61.498343308223966
490.5931661812679,379.1702943518012,61.69411838793242,61.5473799856009
490.8323058290513,380.0568727460916,61.70255309783607,61.78739749244552
490.5857963712734,382.74583907187986,61.616502637400025,61.51465511796858
489.7964695198939,382.15789270164936,61.94989288286069,61.73437121982635
490.0690821917051,384.6117839818427,61.73288766825135,61.378540544663124
489.4411600280653,386.40044358478303,61.880312577195916,61.286275116477114
489.5432795501106,386.7592262937709,61.93780539612732,61.22993567306111
488.9125231307124,387.99479051332094,61.93598169565523,61.42044024863998
490.03133020699704,388.51292969608926,61.56897503839373,61.153704159962714
489.55882654775974,387.95872721870484,61.653802098117495,61.27492387493963
489.54877051312184,387.97793422708713,61.60728657554488,61.44449636201451
489.27514774849294,387.779263792794,61.68320596225319,61.54640704719025
488.67149471155557,386.9907607234819,61.77625672702299,61.69042668793529
488.3275447351301,388.236790970136,61.64419334388298,61.3921442326521
487.00555576743886,386.8305920528385,61.76867603047092,61.39286675711215
485.9838693583129,385.48299767216326,61.82542448863828,61.628776696517406
486.3709656336041,385.03473713240203,61.59790547435665,61.38471712189567
485.7367052958693,384.2098533782586,61.581415454368795,61.23574770028899
485.33087142677925,383.94818955031104,61.522257842264295,61.342454147993166
485.91367737024666,383.262524030037,61.265924050097944,61.351396577701394
486.227933017918,385.0612572517571,61.084004370432126,60.947502655470835
486.0002874417724,384.04226489009585,61.00309911206737,60.7061659466798
486.06873319599833,384.4546479912401,60.90586169834135,60.675996952891126
486.1394724883432,385.1769784147554,60.67779547598876,60.59648619989291
486.37682414851406,385.09410408140286,60.53657576222393,60.728648021796104
486.19269065938147,385.6311680036223,60.34008366484748,60.34180482577558
486.32138855971624,385.0816874548107,60.352636823528584,60.1153714121759
486.5212989728467,384.1596078046277,60.26972641315544,59.89121759074637
486.4172972232909,384.41155160595787,60.19730093644645,59.88228868683548
485.943321512108,383.7907202386069,60.15818054665941,60.22231857613559
485.6712408073079,383.72776162979414,60.08968589937869,60.12832529132745
485.8003289292381,382.7727393886496,60.02339375595546,59.83601152776693
485.927847121195,381.19048546377985,60.00999396121114,59.704182488239425
486.2313499473869,379.7212643852827,59.90469556466771,59.38269141197257
485.10616251381157,379.86256192412736,59.717728026499096,59.35892086154696
483.8561874399399,378.41010794978007,59.59307609485094,59.51770621159346
483.12034131005396,378.74787863322956,59.49133161756225,59.642697066488566
482.12779630050727,377.56787547155415,59.454169553830994,59.63250323267386
480.65254193942286,378.6062292911325,59.402716329512415,59.42207126166152
479.9107925910212,378.1678593436067,59.19183700793643,59.24883468862676
478.23389450423963,378.77051273126057,59.01148281948486,58.90603925012251
477.1174749763592,379.5653111327366,58.76515131440894,58.80996628330631
476.07138083714693,379.6728628765329,58.76938221063128,58.59592691161612
474.97234801754365,380.4353412315331,58.72671899470476,58.274538898591494
474.48405873986997,379.154361017748,58.74211811479903,57.71821247809336
474.0516783181894,379.2909286944018,58.498879394943,57.72329190726212
473.8830878028858,379.92226667037266,58.3196577637498,57.65471633526432
472.90579467836454,379.45494960447564,58.24501103397155,57.4987423470938
471.94544367863193,379.2508358290758,58.088940582036024,57.3471718360457
472.52948286424265,380.75866151187444,57.83618099791254,57.17611828691574
472.67703440565435,379.72602740036956,57.66100681896684,57.19030628302728
471.02353353622397,379.6121101566699,57.65745786813032,57.13411682986344
471.60742414200337,378.5598457216266,57.558793845025235,56.89441933962906
471.52187558865216,378.4715906544358,57.323997923945115,56.798486179485565
471.96197339045773,379.7412786176005,57.06976737913757,56.81056122094475
471.9161176960023,379.65584692835165,56.91275813704509,56.704381972107825
471.32001889705634,378.8352486265015,56.85182291480763,56.57979848452253
471.74360989339647,379.8186544350213,56.61133037525235,56.27695566898123
471.7500352334863,380.49621880055184,56.46956240331225,56.15820751500755
472.28777086121704,381.0179768798694,56.19564463562849,56.460867861461196
471.6704834236676,381.0103527418837,56.36250613086748,56.3737432824846
471.48173838519455,381.2660027777972,56.38315857754162,56.12120890813679
471.26612247489334,382.6636480345413,56.140855885624234,56.016809898936316
471.31010436113445,382.70305407560056,56.12099608223906,55.97319900872007
471.1937318917305,383.4590738861277,55.969571502099384,55.97842840297787
470.9188319436846,384.0256615090228,55.88581175396891,55.94620721297382
470.6124037928867,383.794916336601,55.959225993186756,55.88996523560148
470.19197924298686,384.7251174520862,55.96430007524816,55.84337347235109
469.91899657021526,384.8953492337124,56.120180081245216,55.99810094675359
470.31259850098684,384.33179329664415,56.27414941554088,56.176969977738906
470.1374719769711,384.305908722124,56.58870584903876,56.4371296458022
470.51027685133437,384.2785061666799,56.76342245243163,56.69790994649544
470.3164949573914,385.54410920070933,56.61390815775607,56.899975954089705
470.2920912103764,386.03379579705745,56.77786412159188,57.060924731379394
470.25278323123723,385.7730615304452,56.89754181651341,57.14866266233943
470.1819194706096,386.9722464277226,56.859895268793295,57.27212318814295
470.2657187346333,386.6407501940097,57.105237123703354,57.267791470197324
470.8335931579099,387.4547949655373,56.91268338174914,56.99109801097388
470.7471811990217,388.0569296260239,56.9388323684762,56.99655454678175
470.65598066200346,387.67418094153976,56.94926806697005,56.85841379128409
470.3394443403473,388.3453909283475,56.81021451246734,56.723608954768764
470.04926427698393,388.2904201277523,56.79868388687858,56.91907147164624
469.30357620946427,387.4451317991277,56.72468517069118,56.91152681961509
469.5296552422374,387.7220496001136,56.72314257078588,57.03114097235827
469.57558953729153,387.3465839043379,56.841758142650626,56.87593936782742
469.1777206350738,387.6224624106841,56.84702832719012,56.78266935917674
468.5107429359208,386.9972771547054,56.81704968542664,56.48400026885439
468.4096729824424,387.6072365292436,56.76708227016739,56.51616148346209
468.3273431973257,387.3499957055136,56.864265426256736,56.314681197786044
468.1402582940414,386.9848638795048,56.806695008463905,56.14693721850175
467.94622598734776,387.69043589281955,56.71073476933688,56.007032949410174
468.3131886677824,387.8683339439764,56.63675972441985,55.93785019224262
469.08772135909885,388.0155310301145,56.411744768270204,55.67280665835591
469.87596239847244,387.83512964748957,56.28865316861084,55.67377469298076
470.2047087258078,387.8073792040657,56.36781741816067,55.54291402854374
471.4224188128046,388.0541012030583,56.03644859571435,55.5378394954328
471.479179085852,388.630598773066,56.07712458020001,55.484016470743164
472.1857909769469,388.2373434929833,55.99532253091269,55.391720678293254
472.5163949909582,389.4403555443327,55.97786445520652,55.456999800158115
473.74082758260545,389.1116902352465,55.87512392095978,55.51014877102973
474.59085312303694,389.7752551518903,55.75818043077218,55.417179957067425
475.7475198554313,389.7791349715437,55.82433376522363,55.286223484924946
476.0971995143763,389.6041378566087,55.900004702651266,55.275521428831865
477.22572094447577,389.33009829082926,55.75505624476553,55.18932238217577
478.3359221853241,388.8829156471073,55.688125948203876,55.12519986091526
478.8090874190792,388.7739371090529,55.62647771879551,55.12027891304207
479.92557123632207,388.4039446316434,55.56680343643694,55.09269361067416
480.47913410849105,389.1441994989715,55.64883100573573,55.02992934701862
480.6898360283631,388.6680900510863,55.721163135058234,55.00811047633243
481.5630717913231,388.1091586093605,55.69012174963349,54.78350104494936
481.9926004214761,388.6333754703319,55.71832629724608,54.49815644339469
482.26118676076226,388.53959454910427,55.914984666685555,54.46354584675153
482.5517178559675,388.9866413134845,56.011002690298604,54.39907595757473
483.636091280885,388.38048884817465,55.997931251688016,54.44877512571264
484.11921576347186,388.6551152182066,55.99618968750377,54.38756906156924
483.70174192223885,388.99728288377554,56.0656108964476,54.636036705609214
484.395659794898,388.08104785045464,56.10096109568653,54.60583301279058
484.30550475725494,387.2995400455062,56.179278176425775,54.74370859945586
484.5249395744581,386.6066435372917,56.16923898683232,54.77020946634115
483.90527691803214,385.96031483252193,56.07004508410033,54.864926407092554
483.7808132680733,385.3714088355001,56.119557564539065,54.713419639310644
483.6811167980635,384.2370075346257,56.16955359329516,54.59739200462444
483.41449311683004,383.75214589993755,56.151090648163915,54.646248665381094
482.90272927106304,382.71103284492995,56.105395531813784,54.98483888252821
481.634556872181,381.9555462725831,55.89763975889909,55.081456987625415
480.5864144617946,380.85860725427733,55.735882005743036,55.08426446759637
480.66638073072426,380.0226184541876,55.819357238875064,54.94192925210959
479.94234288593816,378.45224762641453,55.8097834590717,54.93575427977183
479.29328124318243,377.70973346829544,55.79929952393341,55.01065745963453
477.54425979006106,376.1721882874865,55.88649762731974,55.01664267293694
477.5748974292632,375.1378111764332,56.01798385952605,54.965203175179646
476.3293009792185,374.68399640507454,56.045449523821404,54.94198340416112
476.00697253649093,374.2558286849365,55.98824657746644,55.09077082216701
474.7467643861846,373.3005279386168,56.07076424221492,55.11792669426954
473.8121880174346,372.58178510008383,56.0971124285903,55.2257145239691
473.30345490848435,372.03857432218035,56.26568422920491,55.27208032797557
470.6603624905822,371.61382118000057,56.41259542151559,55.350704125038106
469.8572541505377,370.99876631049716,56.4365324194451,55.313203314118184
466.6617820035414,371.04754692583896,56.64492437579119,55.396841857580675
465.9805874425825,369.78649093563075,56.85590720956215,55.23896378482019
464.33270838842196,369.9217212686701,56.976067888607666,55.35944187759149
461.770571656827,368.9073672303092,57.14924481706862,55.468813277715725
458.7887226619859,369.25405515132513,57.512527100116266,55.434841832694666
456.38054654034454,368.02483611179446,57.50357102049245,55.321793200254035
455.71009863763004,367.06696510141603,57.30615772863144,55.35120258989966
452.6170837140729,367.21955322154963,57.53416402761948,55.399456829397366
451.66343554903375,366.82927716339555,57.70661901095711,55.34847759986128
448.1840775631852,366.5584440215605,57.7899854610172,55.44023151428017
447.0249947993714,366.592685926191,57.90902069193762,55.353782920963255
444.92032167543886,366.3908441615779,58.25328086115894,55.35331000373259
442.2378860497413,365.1044750598584,58.32854697186799,55.287017273791434
440.4903139702484,365.64254921244947,58.54734277842161,55.07058395350303
438.66115442602194,364.9865787360603,58.73016843578316,55.03298264611139
435.7011287364218,364.81173140175423,58.65039290687186,55.17019459411004
434.7419397550036,365.20360280208763,58.95365510795142,54.967553330194086
432.734019966388,364.47905317008156,59.19410644436833,54.9992019277786
430.9889617914142,364.35793167049206,59.32579073979623,55.02935567150537
428.7172373460361,364.50963770952967,59.34259683117507,55.24804720108476
426.8696504702016,363.7409560960959,59.68252952258714,55.40507581224491
424.6755707892504,365.02063573129504,59.67473236822363,55.51390511377657
423.36992064573775,364.47001729423107,59.77585575820004,55.41020941744708
422.89365868751753,365.0330773377724,59.82418865748956,55.40592742316832
421.5344933245786,364.2493369087833,59.95471482747449,55.41036456757691
421.0637096936018,365.09682884147645,60.04152370758442,55.71249381082551
420.38380445246145,364.9444544745541,60.12502958724228,55.839882471938246
420.81472146057854,364.4780939687049,60.02500712544001,55.70027956529409
420.69480238016195,364.375874609583,60.04235637631335,55.86035254595069
419.91765499244667,364.3531762499511,60.32540519532305,55.70099731173186
420.2781532517094,364.4418009270887,60.10264041560335,55.74768980513859
420.7736987739795,364.34334163352196,59.91492741662202,55.579035284075914
420.8900375050714,363.0737670472188,59.84675440797811,55.697449335908914
421.24720302581534,363.4204268401679,59.73845126766284,55.70564184832303
420.84881006252317,362.1732239970441,59.87713271493433,55.79948500977511
421.7408542546293,361.7765628809647,59.72649889195557,55.72217626239597
422.20695322727045,361.65138572483056,59.71892384000677,55.61988586293132
422.5640692637724,361.237806005009,59.63743822505641,55.52684799451098
423.6463895487427,360.76890582539113,59.43243732358047,55.39729009836043
424.24771471798437,360.9647618879065,59.32784985798376,55.183352998697394
425.12225534110837,359.3962314590202,59.24737477380701,55.08822825428187
425.7207981569384,358.7078598096186,59.129079210773384,55.21160663246891
425.46118928862563,356.9867591471636,59.205230797448806,55.246587832180545
425.15274876647305,356.4776716632939,59.40447955997374,55.42512462633971
425.1951170596342,355.5441184784649,59.47362631162608,55.49273208032548
425.03163037509063,355.06434637000945,59.57567101853223,55.47251684250924
424.60626721046725,354.12931424002755,59.75408479008172,55.423677990061506
425.20392035917007,353.840603302199,59.721554724441795,55.48168061284616
424.5190888283423,353.25465718384953,59.979692369723125,55.61404376438578
424.2800342555502,352.98589706172237,60.02202331468098,55.66801697676067
423.6736036205507,353.95536980144556,60.17364319635911,55.714576482169996
423.1317538641196,353.7444185681019,60.175704134621036,55.71415670540529
423.025826595803,353.8226804859761,60.01558250429074,55.64744384455274
421.3619373367602,354.1512820753551,60.06829440822521,55.971310707451224
421.3500090171121,354.79282637806426,60.00898400866352,55.59137492548109
419.9327307622047,354.09678185830404,60.09569701452631,55.7792511802344
419.2730755472331,353.9906169354955,60.071626158802125,55.67968508912399
418.27922000824043,354.0871526916976,60.09905276527559,55.627738823602115
417.5577296197307,353.57502698807235,60.07911740650705,55.52810757952359
417.1563588346553,352.41911190247185,59.99453756409454,55.22741085710895
415.8732027048726,352.59037390021666,60.124064602560075,55.12781919616161
414.1692485260608,352.4424744045617,60.30584318990479,55.080894579454466
412.91279774607267,352.65239041664665,60.25764569745183,55.10488628026978
411.79550810101665,352.47698803805343,60.298122700271435,54.782878098766034
411.0794530907917,352.8822361155244,60.32684350525196,54.810341829421304
410.3081176587823,354.06058515607464,60.30406083991289,54.9198464842217
409.47035114975574,353.8587519496367,60.48527024670648,54.81869255026531
408.2274025799876,355.8055241669442,60.57108146018692,54.87384019900905
407.85100629624253,356.38777235713127,60.482274146028,55.05411806485074
406.44100269802243,358.36412246631346,60.589185677490136,55.04753310184222
406.1935078683471,359.65093442374894,60.53110497045813,55.2192097183586
405.1825903935286,359.9829330077175,60.57312002625831,55.430536144037944
404.3278625983434,360.8868795897205,60.77311135271254,55.50251279871945
403.0602255910659,360.6108995597441,60.936380619876935,55.5420435617018
404.22608937828767,360.3562108838883,60.66526548554259,55.74283935256322
403.4698306149703,360.8280584197087,60.81513583638839,55.78897900677918
402.6166831449138,361.3977063328867,61.006416008854636,55.74569696483186
401.7931624503275,361.0053361856519,61.24083423098938,55.671373633965715
402.38868028642304,360.236952733584,61.14513201579131,55.684180901413214
400.8901216210044,360.48459892216255,61.39680004204786,55.5583415968041
399.86024883839406,360.57016714465755,61.5024924437402,55.42802775089727
399.4790975078825,360.17356101028724,61.4492395322535,55.47546861155682
399.1839693547917,359.6119092711833,61.50542099550526,55.428810279652716
397.66088759107,359.8803318937668,61.57551888726756,55.37813234615407
397.51858219316875,359.43069096108223,61.492510913662684,55.439503499758004
395.7612095115796,358.70409370535003,61.79002953314298,55.34971126061967
393.06327886284333,357.8061957283122,62.06752983436913,55.32587706866863
390.99392967076176,356.86062791415065,62.31099029586376,55.30433552814561
389.7766439878899,356.2217070411787,62.05397755134749,55.1494765208776
388.9207818363383,355.34605381333307,61.936592066509746,55.24100557369104
388.09238341263136,354.19977923729084,61.986613749319424,55.17463439000589
386.6361422675969,352.6587089072265,62.09523513660215,55.22438564774498
382.86332324458994,351.86829207962387,62.69676946481205,55.393376479921756
381.4989031671604,350.45084534817926,62.752438576275125,55.65413630824369
379.67088690733175,350.4517094893614,62.868391979111166,55.71376939835022
377.24957539820684,349.52718951121574,63.25891472041394,55.79028189835796
376.59464809108533,349.4608700863524,63.236747025353736,56.00750441053504
375.7484153191506,348.4602872445845,63.39566552542283,56.080853941498184
374.4542024999742,346.8885500133774,63.34680235495291,56.1119262032134
372.7425846733672,346.66913059445494,63.39783275075115,56.12708419913563
371.3782443691295,346.1730923771391,63.4277642938274,56.02338467189145
369.853547145429,345.33995335341166,63.46626182007062,56.07208707389951
369.48496590481057,345.01575869538414,63.31949129359032,56.215338111947055
368.3332397006576,344.42262237945926,63.32170063510847,56.22712744454145
368.02792748767973,344.5993329516399,63.198626931410345,56.130872179191286
366.20131378611296,344.4119651329405,63.43119288511151,56.258538174642354
366.49288311673826,344.24837755535174,63.524154120291854,55.94222647240569
365.2212601028032,344.2912816670021,63.48577969337378,55.97177438149295
365.5195240788741,344.0128085051397,63.47509905940444,55.73036303967906
365.52271423174494,344.3175624265706,63.53561116149732,55.72696118007459
365.7269567855032,344.6256393998452,63.511628733090355,55.74130039758779
365.921796846708,345.1670259213773,63.63530988587681,55.8554507296534
365.85271518760544,344.4017758970397,63.57391919285628,55.800551269852214
366.0476898692833,344.9889015763897,63.39407851201375,55.83514862598078
365.9642814202672,345.0982746364219,63.50006986097988,56.029062568229506
367.1288225645881,344.76973285995905,63.38015004601664,55.97493700278894
367.98558641967776,345.50073067734246,63.48188310377411,55.95687950412284
368.4428420435209,344.7676005484859,63.437574695462345,56.059456538111554
368.587745769181,345.02228155282256,63.45223036245683,56.05555830841094
369.502011629143,344.31351769644647,63.41814165381678,56.0867243029853
370.0367063145272,344.3226241750118,63.42266085047699,56.16094873236743
371.39566523010245,343.86640714665435,63.35183130858725,56.42840229887467
371.7729438062974,343.2556391631498,63.429528506382816,56.50920621594179
373.7384493509558,343.1063143223382,63.22364058410395,56.70252792628527
374.0404119782247,344.3801913737947,63.37686925784604,56.73011838590281
374.042575828875,342.92092832925135,63.39646127302281,56.74737646961843
374.92217824326855,343.229412704887,63.55386489703272,56.613730189727306
375.4233620262438,342.0481579477291,63.63615666907964,56.63091566458383
376.41429845712395,342.7352945215905,63.74370555643426,56.47619872928638
