405.5,34.5,172,172
403.27423244671786,36.03870801062541,171.34873139944153,173.8638314419755
401.7824045222247,35.6119627925664,172.04448560848948,175.162973409313
399.68679756379095,36.8606191231583,171.3522390036589,176.11544908011467
399.35288584315134,37.58829734631799,170.54948091341353,176.99844626767592
399.1702263220283,35.07966942018459,169.70898368673863,177.53993021595102
398.0271022127579,37.90124198159191,168.2909043219666,177.61226875860268
395.7144191483877,38.75113107327266,166.70464058315318,178.1909556078187
395.1896308076094,39.45670215807972,165.67367565399203,179.01811090066795
393.72179413444894,40.135960308417424,163.91029762015543,179.13811606624773
393.1082235105122,38.52267371484446,161.9829479203056,180.0388375745454
391.7228539857938,39.9924909782288,160.3582144431921,180.08552759649803
390.47243732365655,40.18417078524217,158.36385237867256,180.3847843951109
389.8276267286288,39.97326788907472,156.54588718490857,180.15304898013227
389.191436805617,39.9180730825217,154.8894051744716,180.34399049320788
386.91026548319064,41.046786111393516,153.0958747114141,180.65349186847817
386.26815529252883,41.596849392240316,151.69980510898841,180.68914862148947
385.6047414690381,41.9868711961217,150.387730807041,180.68355680596684
384.214160591393,41.28709222252442,149.0814029573812,181.97348843762728
381.3535611684564,42.24224728042755,147.49199818463262,181.60817053030186
378.77891857705436,42.41229340548952,145.57587323026019,181.14415520944914
376.74922494261665,43.049365883818666,144.27331916155012,181.2822709043793
376.4114245979298,42.828524129595706,142.42483409080722,181.191694829352
375.4076943185854,44.51804235903086,140.95036034049028,179.77106028889295
374.69917512752306,45.308243857539,140.36899028583974,179.36927250431717
375.19447409341376,45.57214365538394,139.60405355732365,179.5101777163856
372.833221630009,45.68221023760296,137.39762820154027,179.216704970458
370.54392109267496,46.17658808174261,134.40623530343012,178.9100327696894
371.18065552734555,46.93662770797155,132.7716764296448,178.62481203010992
369.71091479417686,47.23269052415027,131.00795564836255,177.34675167532893
369.58571974177664,48.451895653389556,129.5608085694014,177.8305800051835
366.0517645917521,48.70247807784128,127.85980178571025,177.26221864554788
364.85115665636386,49.06269970714109,125.69996962563346,176.92092762531723
363.7324872010698,48.86214406397049,123.30284713332853,176.75445892699352
362.55833480801846,49.66618993526515,120.87010171420053,176.7878627698458
358.33567524385575,51.044961623526774,118.34731361901518,177.06044095818766
357.71291284204614,51.32402118479176,116.4880308073542,176.12715297569903
355.1615177300004,51.42559499499856,114.66291785609165,175.7823406416643
354.0656535225602,52.0846247012162,112.92387301276293,175.04559460088734
351.30214527099594,52.61196958642985,111.3835362672952,175.0392976031346
351.90775888223754,51.96109871915925,106.09696305177005,176.76303578213953
350.6224693628656,52.41864742418055,102.01650773535032,177.85647137304298
348.36140618342256,52.37279312217609,99.27308777236748,178.4883827735111
355.6267317285233,54.482327821203526,95.18471363681687,178.82531265447844
349.85132721123034,50.40711400540489,92.45010225361716,180.47448811169826
355.1455722127519,53.22061766913629,90.19861119008817,180.1890959842782
346.5475198346146,51.26454864493465,88.47129217927294,180.8109095831423
422.2220917441639,104.43622115777775,95.20074638263532,165.06460282649905
419.52896699135437,104.30302648929937,98.36079578449464,156.75738471869263
416.26905669581697,118.90940643724385,102.86368031180295,146.67768337077732
413.02611891254145,120.45082588990941,106.31745734663092,137.37436163921328
407.3710786176782,122.50095282030992,110.20847484507934,128.23947032724038
401.7999038898358,130.67620646763623,115.19350952338998,120.97509889684557
398.9607896630967,130.00138642150642,118.48555447657819,114.6175942518615
395.5585292795888,135.15996840739933,121.48615187514,110.18069980751099
392.5609709206733,138.91026636951977,124.20378799070653,107.37218628836047
396.63036412731293,136.63188810668026,125.77533730893366,104.40833581941055
388.75729024553476,141.39316867966275,128.27456067216042,102.40821558378497
393.6430479387129,138.84244640789458,129.577197278602,100.7365659500752
381.22811351384723,144.0330881295518,133.1644151426156,99.83474989872852
379.09239608447734,141.63633790811178,136.3125735292637,98.06193850536587
375.7730436848358,144.11158588550757,139.46387302840634,98.0898399199591
382.0838329893881,140.42561392970498,139.95120688725828,97.79654259010923
373.5853780165886,144.68510425525355,141.96805816281338,98.30064944053794
380.0422495141031,140.697309239906,142.32862241876086,98.1149578855397
374.22010590001116,143.96565016381163,143.04468412967188,98.7524842019435
374.3389230023115,140.09666491942215,143.84839468691968,98.3681307008543
377.9579490999947,145.19278791149824,144.1003212818364,99.88276337881149
360.997436193586,141.86406050381504,148.53043751823785,95.6986015636237
374.9800470072379,139.4544063735333,147.17025930218887,96.47005063229268
372.44931177483477,143.11603596385166,146.85211112228077,97.81528662987859
372.11241075913097,138.51427092330812,147.43991147438715,98.78835368301154
371.38016106148575,142.759284039718,148.20014426191622,100.31900501672013
370.2651315915401,136.50031709302397,149.61168480161524,101.4493799730354
370.60330329617676,133.6662351859647,150.03294781285888,102.75040873924138
368.8147548175124,129.50834091317836,151.28910165304586,104.57694996273156
368.9593583538111,138.6913126536473,152.19356223067123,104.46354707017261
367.2397179034475,135.26429489833106,153.88470434603616,104.49328801369691
366.9415804697019,130.4566906364691,154.32950122099288,106.6446002628542
367.6360252978228,139.20875560017515,154.1570372220233,106.54492361302995
365.1052108785831,135.75901206832236,155.7502388792589,106.37449252106535
365.1855405194742,131.4810038369957,156.84137047863354,107.09330357371498
366.30625473207635,126.73448157459188,156.92423781263028,108.36174921394013
366.7890587455175,137.01091046923526,156.70235496637395,107.86478818368658
365.85684695160114,134.48312250723944,157.24244178701002,107.32407161195067
367.729164783093,131.3949682509029,156.63533120566078,107.30368193584202
367.95805608411536,129.44173615301906,155.9027004106858,107.15842312822227
370.75890520693304,126.63407365129537,154.45491804716102,107.99282953349459
370.72798499178714,138.27351684654485,153.74615702605593,106.67567791472416
370.98352573729994,137.08032713278078,152.8234589116287,105.30443629237128
371.11114824095176,135.3378293672812,152.3766193632522,104.52609611856698
373.42384769693865,133.39522648588584,150.62307666389438,104.29181936411527
364.0318299531945,144.67168234133817,155.42295363545247,100.07446749818132
361.3807953483959,143.1474286087163,158.11076431729393,98.47982749485818
371.83133116592467,140.32034259070699,155.61432906529313,99.50825375756136
368.11470086738717,136.42929396075817,154.71825158863763,100.38624630783372
377.22644668093335,145.1501634822995,151.92736951965077,101.83495106663102
357.78812410922,143.5410811867599,158.72346351561652,98.01801042928611
368.2875028652985,139.59316852168317,156.60259372928948,99.6373107388402
360.15907089811935,147.33930658879225,159.941893271558,96.60764866407027
352.05030879362664,144.07921559334477,164.95255216987445,94.12162700353701
351.40328817072043,150.82840865223926,167.7190883755182,93.0740465498105
347.83825763017285,146.71892932816417,171.1002323537996,92.12169286580738
348.48189058267934,151.61180395399757,172.93599425030027,91.32048932184324
348.05677162011415,147.6147652205303,173.92249080737534,91.34000128279632
349.0145174316972,151.84966512987057,174.45296614320893,91.01807724994345
345.3884802113757,147.34005796024962,175.47851050877864,91.29655653516922
344.53092073807716,144.21403526137294,176.50533838253023,92.02103931466696
348.5330589929697,149.98154263670398,176.41769261767922,92.07584542582129
341.9275635275245,144.2385236082364,177.9920229727029,92.96103242379647
348.0859336047855,149.8046752307383,178.1839135707444,92.65038731325312
342.5760304377875,144.4789416849361,179.259840777238,93.56133774225987
345.0010092855699,138.35801396909028,178.79193931794018,94.57978161389289
355.1601281992123,130.125590270729,173.30150796343378,99.87047663634795
342.7770182281268,124.78414437423719,175.18101487765068,100.39621816077684
350.8539108052797,147.95548147066563,175.44616931379898,99.64809886904297
346.9173628383254,141.2282642933357,175.41792285573982,98.97784030683272
354.47841349727406,134.41390917113202,172.1576083801887,102.36506877023425
346.6944313107701,143.45024364836195,174.34319131398766,100.16172831461472
342.7921938128942,138.7574576326487,176.75092682685977,98.88353729977652
343.335485576365,133.47247215747,177.6183794165182,98.74772726716279
345.33812707000743,142.42480569862835,177.7118041051672,98.06965510977284
341.63609955686223,135.64959943138427,179.75586328947762,97.86170773520337
340.15924250077495,128.3796339607901,181.71668269254192,97.97882621453871
340.7220746401723,137.86408695793392,182.90278456136076,97.11264620291703
337.3973384017703,127.95243592291581,185.3745035896784,96.76648988367107
360.4916784344745,131.36376892256624,180.4693547132348,100.86328704202404
339.0813116159789,119.41988542826587,182.89901321594868,100.17649005052222
338.1959254919369,126.12078695644188,185.93079694531775,99.76307600936795
361.66426855429637,129.99453167062416,182.0831649282649,103.08296462513184
339.61008785582226,117.20987180617252,185.60384932326,102.12548419839544
337.5680115433615,123.28153737696805,188.82947971183432,101.42982590073748
334.9158447345611,131.94253691755145,191.958993383146,100.04328977123082
334.61045681150256,118.95107098450546,194.46303352293376,100.16630113561382
337.3878205062537,125.18669625260394,195.6641864892664,100.37171781285682
334.46735132754355,132.51117531723702,197.48868540882054,99.65516038702086
333.0644646750404,120.14111658773385,199.4262146022889,99.82898794429379
333.59865337971104,128.10864591117965,201.2305362152407,99.59048443503646
334.62714544228606,135.1237419274239,201.7091529907407,99.27089134816562
332.8293255828749,121.70538289425406,203.4191706850269,99.28951706831388
325.2655393543192,128.13705711904993,204.47359155369836,99.24390047602193
153.17112988313755,31.10917440923567,195.39580893356165,123.41924902553329
155.90052888689837,22.63345152726174,188.80106751325926,140.58798551876544
158.32128434071626,16.255543895195828,184.22699990491694,151.58075761769035
161.14941850920445,11.952163685572458,180.53682320078363,158.385699666118
162.45550095507042,8.326778074276177,178.15234431190217,162.37694749698693
163.53629301536213,8.468938864564507,177.3512357314799,164.12179547588903
163.66507338808606,5.266907176342201,176.0532395526443,166.06612822718105
163.95642114133557,5.4028864077980785,175.39546295849644,166.4727843210587
164.71336529380307,4.808223648138252,175.01846482651976,166.040570486054
165.30284628344512,4.958646745404124,174.05763078336048,165.42703799720502
165.6660479028483,3.5114406125391753,173.51298407078588,165.51347711649632
166.37446166974487,3.931661164713674,173.25621646588678,164.86762628266658
166.39195012149008,3.431749050478416,173.29805530912097,164.73027697769746
167.0063843415346,2.607314645130458,172.82417393005562,164.7796158067802
167.64360147453834,2.207043434237846,172.78101033493897,164.42642008750556
168.52171025818987,2.084181328877307,172.7357612620512,164.0982790633748
168.94098487306368,1.3245959358290378,172.38180548332667,163.472046464309
168.9345514155097,1.0888452978484509,172.00152320133304,162.49264992742684
170.44946899845186,1.5934415004773257,171.45559406610363,161.31797492660615
170.83810903676493,0.8750862869695339,170.64664968504223,161.0507848971932
171.81959466209867,0.6086294871271605,170.12209837246226,159.77891288763266
173.89154114181534,0.8760119928266761,169.45042321126192,158.82791281673389
173.50246741049892,0.6240723989090213,168.8755891065119,157.78547764585795
176.29735742626397,0.4167709386574501,167.80438617382828,157.38761328931108
176.56456853684705,0.2417896503511372,167.51286194002782,156.93515614384347
177.24513470311027,0.353219187414723,167.04486157886066,156.38489161698803
178.32901908465504,-0.28747524177931894,166.34053549899102,155.96790787291334
180.0153055309516,-0.1995521533623048,164.94503913685443,155.86834188762003
180.65420607206113,0.43035534775829376,164.61879199540837,155.78644925342846
181.58188865025085,0.10517061078971324,163.81221860519565,155.50597149979222
183.91867544086062,-0.39272766739765075,162.06727013078765,155.36512357355434
184.35473254646146,-0.7368890351539079,161.206046934296,154.46192480752572
186.24317166851,-0.9054227556808314,160.18896411752132,153.60563513855607
186.66057702002857,-0.31209228209732487,159.2943937901818,152.71696442409512
188.8944059543491,-1.4351050965590275,157.8693241554885,152.31894946845432
190.70545470225915,-1.9016790810001396,156.52299780072065,150.95440704579602
191.7527538957726,-1.2514598888418789,155.5638626514562,150.2849996382518
193.4626520241876,-0.37958351913447075,154.15997654324676,149.50233859605302
195.73633090775942,-0.8661239407526296,152.89036426140893,148.0940596236918
196.63373555390012,-0.7516505050700886,151.4789599392966,147.2403022950971
198.4169502134523,0.30000998302313064,150.13523979911676,146.7954123720723
199.98661702925705,-1.3809179184335676,148.94871955442446,146.40777433762912
202.3130778005609,-0.10711191570001688,147.2993537865054,145.50843281994736
204.50100484538126,-0.25584456230203045,145.8133581811329,144.83498100747664
205.87133959137088,-1.0192516046802211,144.54355298511314,144.44525065482458
207.18786363603016,-0.35744906957881994,143.6427056375625,143.98129387191807
209.08134029498143,-1.2123098326908774,143.08722338136644,143.13151875698313
211.01414860188288,0.47399679426703756,142.15411499777292,141.8215697734683
212.4493605611498,-1.3574398645306758,141.77921357832355,142.07206787934803
214.09997055800756,0.02968874280355749,140.41815087888145,141.58467518379882
217.71792196103723,-0.18794164448569006,138.93709941406965,141.34204947232385
220.36979169402056,-0.48254725888762096,137.46113518804742,140.25962066263742
221.12036859299403,-1.6161959791090226,136.3482572518406,139.52808039365334
223.23409808654276,-1.5593089227003532,135.07692209363108,138.6982607223834
226.60252234148857,-0.538458458850954,132.75047731222458,137.96412286116714
227.70443478934394,-1.883882532770869,130.75511003546563,137.54756224702882
229.80066784356376,-1.98495458317268,129.20642701952477,136.48999663198924
232.09371744909325,-1.1167715970674976,127.67319855889305,135.38899239083128
234.40559117669687,-1.560232319586035,125.81233953523484,134.95718336234998
236.12853416310588,-0.7614604865161141,124.12391534868695,134.67260806950878
237.89794441908396,-2.354321839697505,121.95165970661152,134.67268805660277
239.41645994819888,-2.316037931095053,119.89679189882798,134.60912338660506
243.16824490927394,-3.3342903384150873,116.63681614629459,134.06078551936037
246.728145571354,-3.2442134923763604,113.9804700223298,133.88883220171482
247.92559652228732,-2.6750623699168443,112.71707897423047,134.23456211087904
250.1679491112833,-2.1147090802330126,111.20933445526566,133.8423473742581
253.57180536369933,-2.39491112915303,109.15516532735619,132.9583736921375
255.20949271121793,-3.2468102870687545,107.55899783809141,132.24529998343283
258.54781966482204,-2.7801579120222897,106.11527459113093,132.30058058623754
260.4758787175372,-3.1716204868352094,104.66444089045527,132.55773888634556
263.31448816023016,-3.0656488379957523,102.75674371832619,132.05576412575886
265.3195284526816,-2.9734817195993486,100.93172315768484,131.4455378041291
267.9774935055112,-2.8723012994882566,99.81707603008351,130.857529816013
270.16855558533894,-2.8288809574171125,98.42600330589852,130.36448040808722
273.9143177618026,-2.7614810637541325,96.80501337298469,129.35106500300918
276.3584332998021,-2.168125894532821,94.97336784729397,129.05284546065573
277.91341393682853,-1.930879556425893,92.83165005296969,128.95576808385746
280.02205140309,-2.273908301696707,89.42422587280046,130.07334263897047
284.3806258404904,-2.482087769208917,85.68463227296311,130.51156132228388
287.87141016951153,-2.3234124133162766,83.09291232402722,129.68974330197733
290.39243931101345,-3.253953439646068,80.24236138050091,128.84066676813484
291.9338514367423,-1.9961950350699311,77.42386146628724,128.79176992739687
301.63079879525037,-1.704272280336724,76.63240662964216,128.8604741615828
302.1399551652531,-3.0367630644191337,75.72809803966973,128.77143027045807
303.4705820947004,-1.8841749406417563,74.40461488122986,128.6741948397826
305.34591937296256,-2.8751860856365425,72.51002991668557,129.16239932352826
316.24710327772954,-3.6077576500041886,72.55720472494944,127.67619224016639
315.7287317852763,-2.7198865231942193,71.81639200573912,126.20111119279187
317.08863037750507,-2.4482039105072246,70.55073798782364,125.53066040089719
319.76994529107975,-2.516435261414969,69.1361407782432,124.66983594851499
330.1491139214254,-2.312469752572312,69.08963937875795,124.04178760027852
329.4515559803527,-0.9695435952937927,68.79066298719127,124.55378074470586
330.4792385880062,-2.537772743309432,68.48305663724067,124.28778323400496
336.7018744412461,-0.8690412199961131,68.18625104099033,124.36435312347452
343.0396883067115,1.0317120089882508,67.26049742504972,125.17606688034954
341.6709384170463,-2.0525768764434673,66.69121996553434,124.76036320666341
343.17690122101754,-0.26256819250767194,65.85280252485875,125.51373082948396
345.4272456847491,1.2282903061012718,65.33102118253963,126.18815606706832
351.71342705112676,3.939670833850947,64.2216997553263,126.87282213177771
352.817183871892,4.872821607869945,63.15143093439063,127.61842067491098
436.67782077212485,129.1161095300663,74.7054256886124,113.88842136860423
432.2080509940579,136.43050494224224,81.31823809287559,106.77513108975403
428.09331845137046,136.49283005680078,86.62002793105802,100.50660097019505
425.89781605495267,141.31105284911325,91.35029535840943,95.97489552839237
422.65426347990353,140.5478888378393,95.2863724952783,92.14237545600005
420.1666572799214,144.13891651518549,98.25536789237394,89.86146699004067
417.22628228791496,142.6437037704456,100.93967145762466,87.62644196377332
414.6850572310215,145.79140207121722,103.47816767584263,87.15171787428454
412.1435947149874,142.86935518114205,105.5936234925178,86.1489421857459
409.2359763932794,145.54342148977267,108.61092035855958,85.35002726944292
409.42058081796984,144.02098050555318,109.40500904316764,84.57119974996688
411.8842682734456,147.49133575129733,110.72951000959637,85.17828741521686
408.92650920587005,144.6322795716681,111.37755683127097,84.65379027359032
407.99395377580504,143.5718763180376,111.66362239568575,84.14151677520559
416.61020783531245,142.23726374676244,110.06177051904153,83.8842613860634
411.4709890624927,144.87917090179218,110.16286183512777,84.30605258290085
419.0219287973337,142.01685017798505,108.07886280520401,84.26466276525633
415.09498272585427,145.46618057234716,107.69898934605118,84.5472649465028
423.2080877438731,141.20150297428805,105.12841132905649,84.53435329691793
420.1793233876744,144.16233836135507,104.163100018413,84.5301215067011
427.95822421383514,140.30704614566736,101.36399110748557,83.99928805324984
433.8583719484518,144.83804001348938,98.00025817639921,84.42775308402427
431.14470200612567,140.80009621803237,96.34446436354173,83.96661522327813
425.0696584044745,144.68828667678792,96.73869696021562,83.45214951267623
432.12724897807044,140.95142340370373,95.03179237094612,82.64762154987244
427.9698468374538,144.39756892959278,95.01249783626146,82.22005217778182
436.5455778425081,141.17830580895776,93.40901231998834,81.81858303483557
430.19313144746053,144.42854032975828,93.28037563773238,81.67548293930996
437.4678394873585,141.1286419619411,92.11259045545842,81.2097694019646
421.5273632310874,11.755040904736305,78.685830413069,99.985490193132
428.05060011053666,9.27384371095404,72.24125532436702,111.97156479081005
429.5949765081073,4.912243601032586,68.28782456358462,119.59414366799396
432.04450838701376,3.4116154696744445,66.77087187831205,124.0170152928776
432.716454067394,2.354230796127325,66.46962370698176,127.46088036121665
434.726404048989,1.6376654750660293,66.96638538777366,129.80889616664643
435.61383951095445,0.485131520352553,68.64321300548409,131.80200197819016
436.7645505643358,0.3161404436356037,70.36446116773384,133.4962829359072
437.81985355172276,-0.3772176272289869,70.98762103349036,136.09432126601376
440.91974611538365,-1.1660232053861819,72.25864536585476,138.57665004651562
441.84693413609654,-1.4608273264739893,73.62483798135045,140.50434119827528
442.1931947832985,-1.9580761438111267,74.98686876519358,142.28103767928974
441.78185981383336,-2.040325643381877,76.55870143767865,143.9741882735469
442.5045085629887,-2.008623414745273,78.07200851357149,145.37694125264454
443.6318682320275,-2.5787879538320766,79.21730071495315,146.6399551970081
443.11621273216565,-2.553345721187,80.30136214195272,147.85987215669812
444.43633663885043,-2.419615830284485,81.14781557865939,148.74524965135183
445.32155857778537,-2.3450933125558606,82.78102269985877,150.4488415492213
445.5255236799206,-2.1405486178043134,84.68006142297182,152.5655683618819
445.75634771091654,-2.183122361457407,86.8002526840237,154.83132412174058
444.91424263894413,-3.4440218740742523,88.78652799181933,157.13378085561914
445.63625398948125,-3.51389384903149,91.07433207297161,159.0965242829201
445.3998319940335,-3.9096447202999514,93.13885194143826,161.13520970599137
446.5866403024363,-3.9341852208522994,94.6286062200183,162.57717579601666
446.4301477367402,-4.239523650770579,96.1405969552008,164.04454240700144
446.48051993705457,-4.537708344511287,97.85915797449397,166.00118610936323
446.59376481170017,-4.398605622275241,99.7613405865767,168.41692750327005
446.4433343880642,-4.3399066332954135,101.19349115438385,170.66918394234835
441.38751898214105,-3.9879723640721068,110.2168406923883,166.78242188926856
437.7243421058823,-2.0795853609613744,117.9908232708088,165.8824130960598
435.38305657296166,-0.455425593129263,123.58078892464367,165.140787638841
433.3482012349739,-0.27149011816638335,127.71813624694963,164.94769100784873
431.7531190774935,0.020146045204711527,131.0780255627686,165.39525025650022
431.36966748162075,1.1969825179773466,133.94751764649718,165.94880721131506
430.8532265837864,0.6906741036072219,136.44551868483398,166.82927471623424
430.04463225245644,1.169344258611872,138.08909446157182,166.5053222102563
429.3562459527036,1.7504421819907634,139.82451169556265,167.34326512311156
429.79296877137557,1.7783273621935791,142.0317061358097,167.95622442560114
429.98721155275314,1.7570610996239395,144.2172535949814,168.83362049425085
429.2367065293153,2.1015256342034547,146.32242514278792,169.80734892440518
428.9819894323588,2.1491254609777286,147.84520910820066,170.49445808776642
429.1347340788348,2.7320996759249994,149.37164353846936,171.23094412614122
429.12232650795033,3.176792624425616,150.72504668911895,172.1687305084979
429.1036164037479,2.888795356701536,152.10919450715818,173.04593821900443
428.589755066163,4.505223600715254,153.11732950535594,172.99034046091168
428.0036390843559,4.209596693926613,154.4970169997328,173.81622141703753
427.52881652925385,5.404902979935429,155.963778775777,173.90509030368383
427.78985405966375,5.361299780344169,157.0138197322987,174.76480657577972
427.40999774604256,6.207297461618396,157.81292492771212,175.14315542290228
426.9379509243129,7.524688064031267,158.6875189742182,175.25214505586035
426.37161308190036,7.497762822386591,159.5539543602951,175.21186436744637
425.74818360425127,7.413430608155863,160.3427649123302,175.87529139537605
425.50838322520997,8.693131265157419,161.09044068953398,176.61775422855922
424.6117792522243,9.672957490216504,161.92594558155406,177.04692910235462
424.149347817219,9.76942267705573,162.83973102705346,177.70918393938098
423.82734838418725,10.178964376553012,163.52483613207812,178.10637885497687
423.32070547255836,10.531378327606447,164.15676196092446,178.78372866340314
422.33833825237485,12.85956416610415,164.82358237312368,178.66804979265163
422.281884248357,11.766129279547485,165.3197047356745,179.6870690713802
421.9157864408601,12.69697260066711,165.97787909320817,180.06727905847444
421.03429470084,12.503948344044716,166.75863286362312,181.12630776104265
419.9275823821074,12.613651243740975,167.8069531118977,181.9882535994904
419.6456135987375,14.221351671230309,168.399366035857,182.50699981635012
418.62307681900836,14.204552789481255,169.48050427970634,183.00078432954496
417.8779440856346,15.46277824789351,170.13477472797163,182.92049612291027
416.4610238972682,16.27140209366945,170.1890557308489,183.74525382724767
415.362589218277,16.098236363347553,171.06266478151935,184.40950585349663
415.20981895878094,16.758580486979668,171.45433121824414,184.429296860955
414.14149524323614,17.995418989881472,171.60349562473652,184.33584503673097
412.1624536408692,19.83556377035356,171.8477264239222,184.2973990331446
410.62746252175293,19.656833525507977,172.43166592419402,184.49011270190908
409.3582825655375,20.352084118106845,172.86393982092366,184.58605265211784
408.62551441839344,20.50292503802126,173.47663455913948,184.88920930277516
407.44920269701356,21.569948203536683,173.56271294460248,184.88878514123894
405.8950248555961,22.54462772781926,173.49459214886076,184.54526904063368
404.78744297589674,23.31659920506766,173.67036296010883,184.4894042035075
403.4806372003683,24.046352577282477,173.99056492521294,184.73355413250925
402.7207884456718,25.673055864876062,173.89921421301784,183.87519236094147
402.1493581066454,27.78760621514064,173.31442913625642,183.3816680516324
401.61266917220934,28.056107618684408,172.60265707322094,182.8406047628699
400.9121242002268,29.331028337218157,171.95957210759434,181.8795004559675
399.47192833597677,29.411161144970976,171.65695897998478,182.21338664133276
398.23833911171187,31.188954469657816,170.80678608726703,181.58456304966782
397.34547579799926,30.909653530268173,170.4004732249461,182.3004420654882
397.2200991006595,31.256731844760807,170.19838000311907,182.65998576437616
394.67166465230093,33.12354355056658,169.07201520003764,181.1483696273923
394.0100919782526,34.654325743394736,167.6455372494893,180.91778983417373
393.0126621732406,34.278936690137215,166.98964765297038,181.0172420592076
391.8045442394945,35.71797844450826,166.1366119082952,181.0955019628648
390.56159414865743,36.23468988686372,165.11063979840438,182.30742467065267
390.3215578115898,36.598465007683984,164.02472655449455,182.663162144924
389.7373693051975,36.72527248826924,163.15039874664626,183.81226763510847
388.2743559859569,36.13326754392625,162.2349065061907,184.82762723938492
386.5224836374211,37.79006337673604,161.14984648143,184.80277835445077
385.4237869811335,37.28128637245791,160.3109055178059,185.03853262936826
384.5434607719913,38.24050890758872,159.4889308780611,184.79251819360525
383.94673974731427,38.097978648966944,158.6685081717847,183.74659733706187
380.61857839626674,40.59633021342299,156.49724183884553,182.77121693535315
380.35451043027433,41.66714713790725,157.29229541676156,181.89933535040745
379.71948064051355,41.40092206011809,156.90253515489823,181.10033432838873
378.07474097959334,43.00284623782491,156.308506748162,180.62901465949852
375.87002563707614,42.83020457071426,153.55053659625187,180.63444470697667
373.9684918495532,42.650034636350256,153.12333426239275,181.47188602090273
372.8693548979547,43.32088599636623,152.4826742208876,181.6903067444743
371.86209930815784,43.03209619469432,150.86923210954194,182.07112304096196
370.74414498638214,43.31245432378532,149.41100008040956,182.51204173818616
368.6007537983022,43.76844453722114,147.78939861028655,182.56203468043606
367.3862691660926,44.26231001889266,146.86263376482725,181.68351029671862
365.6254062525052,45.2268382961262,145.55673288683232,181.17159517978206
364.04925835911894,45.66270938046753,144.23689599080453,181.43672077271134
363.309490028817,46.49822896262664,143.10075720203713,181.17022262401812
361.1989068729645,46.18376842016015,141.01353766474298,181.1420518529483
360.0907698971439,46.22036600982243,139.70583505197686,181.03050012731117
356.90571145393443,46.1772617620782,137.69559228873769,180.8217201694114
352.9976479401909,46.242727179770256,135.70255336163487,180.17102199002935
351.1430808390113,46.83185308707877,133.29887790594347,179.14286835022273
351.96124089927366,46.88177147032232,130.54713863602007,178.5451727613899
349.74995251596215,47.65113807143797,128.47966985515774,179.29218851774624
349.7894688503805,47.53325232429111,127.09741953686117,179.16373346217614
347.41862997309255,47.92914261560476,125.2063491644534,179.07952516090947
344.40043385895996,48.25912344467616,122.3787115083802,178.85494899819093
341.18034467033266,48.461976182486126,119.43676498481696,177.87787637798635
342.3649171821625,48.77075247151272,117.72082642878573,176.9305947793376
341.05931174807625,49.274102098850136,115.60952934331439,176.72653506867294
339.3037873507981,49.31205746565121,114.03535875463099,176.31201866294975
337.85086594329846,49.90506258959894,109.06052816112202,178.6495300768127
337.3519947539486,50.08315885623068,105.5836654563561,179.08546515280216
336.6550739205474,50.3877704392668,102.5201296893816,178.87723169801455
335.1763690599876,50.38295352818861,100.10065733423782,179.3837199744499
332.27634553493283,50.03453382465506,97.71619606067794,179.99503816780668
338.35571722188035,49.05921087447413,94.15158415650941,181.4411997723235
332.8022191201111,48.37345931876581,92.39449993097077,181.8283496394355
338.4573774456525,49.94417489626858,89.68449932755642,181.18670629189455
331.53245051400023,49.396660661550214,88.57356255670575,180.8118687239625
336.6066688203881,53.885991513501125,86.68998800447686,181.19843853403773
414.96550857709076,108.01289386945413,95.39442763169654,165.8735812708622
410.11685421370566,111.0686158177413,102.08703617459835,153.68649860323072
404.0670165936073,114.74671603949034,108.75203858230604,142.4611215335272
398.39633665790694,127.71592183651354,115.47961938571362,133.23750028371907
393.8715305016912,128.02148799597978,121.11857548438465,124.43152562622461
390.89392611976626,129.37859785659222,125.27005614459691,117.28793645538423
385.6023809138785,136.95443366119426,129.11662435864903,113.49443630919285
384.6942214895348,135.61440999804233,131.95326946408846,109.57278142220935
383.3927605100156,134.65225111029255,133.7390402342764,106.32134798844989
377.64565651382355,141.73181594973192,136.753935329932,104.36103937738116
370.7686566814127,140.40104072774696,142.913173146304,100.13085903598123
368.2695034390003,145.32862655335015,145.82521454400114,98.33736913221136
363.08013866170825,143.2170366856443,150.79047287666134,95.68667515699079
362.70570691059476,146.51535052693612,153.34147268088273,94.34021246006384
359.97950066074924,144.79606721829043,156.2475625964215,93.14714484197313
359.98172566917526,148.20637565954462,157.97773219703157,92.60942781603214
357.1457041081761,144.86963520023326,161.2190380620262,90.71599989829014
364.5226264412073,149.73190189772112,159.2041546157514,93.43086622255274
356.06497013324673,144.98815749457606,162.50961920921156,92.00080494186773
366.9606642171568,142.59375268806406,159.81080802198224,93.7934721675016
353.18540989882126,145.90149270491784,161.99871251741797,92.54119089096564
364.67570249834637,142.44201564574098,159.68610751245959,94.41276027039726
354.4272722653315,140.55891448008572,162.92737944699513,93.01785506157718
353.508455238282,145.56033765663864,165.6717381328805,92.0977285113278
350.5318689420951,143.13208561213085,168.5462914835398,90.43083467782748
351.72819187178123,148.18921017574357,169.25038014794072,91.65972996741111
349.06504702508914,142.08082649483268,172.32463589242658,90.22737127637645
349.45873465701925,145.87114835183974,173.47235009752234,90.71566486399806
346.16404015321365,141.65512480222293,174.76991667166192,93.13588687854539
351.82782590871926,134.2095874262844,171.2286224548096,98.7460740266627
350.3233694516939,141.5913695946214,173.96098632758913,97.14662750309905
352.8949405232942,135.1582267016878,171.32182935093815,101.28743034829247
354.07962835752545,128.42883158948018,169.5823786354596,104.98745153736829
348.5955275378179,139.30130294163402,173.7278115866728,101.80427831853427
362.1360288757252,134.99315300327441,168.09091978121955,104.51069040457358
357.7329272028311,132.15597488808868,166.14209154131441,105.85819717434325
359.29864852549696,127.43161435065473,164.88781635928527,107.73401795395355
351.27665968799,139.45422661788982,169.8190573323339,103.68825936186619
367.7900351976516,135.6370157905395,163.62848795363567,106.30670792544134
367.1140020310339,133.20238126002783,159.63166350546845,107.33396243530191
368.44500752534174,130.8820918373675,157.0076780711223,107.57289562022223
370.40456153005556,128.26135235126213,155.36588114834933,107.84541287673474
369.77470386758546,137.78304738883583,154.26288456685648,107.1263311969731
371.2832589681069,135.26009914532563,153.38960371151666,106.4392865333282
375.6277836473414,132.89692769677578,150.64928529863488,106.00779299320251
371.9702766572394,141.75062698887635,150.73648508129853,105.77216564923576
357.22751020845914,140.8957069676618,158.0926730386735,100.97078809751815
371.8751123854148,138.45190604660723,155.1359276996547,102.24673875745256
372.13648640861715,135.2443909465872,152.78445228871,103.05096535336668
357.8057581097927,145.07495606663667,158.42929206506977,99.28949903843866
356.22221273997854,143.6080066307786,162.33512163955612,97.78282707885597
368.44513255193954,139.0249277479674,158.90057542688902,100.25352452495929
351.3786593596764,147.5878195028763,165.01931969349525,96.44496933240222
349.20398258341777,145.18448575137444,169.51215132664282,94.77200731880443
352.02934827326123,149.71200648098932,170.65894106130526,93.74112815205513
346.8941340478492,145.08207600480034,172.7475591331011,93.46831622235297
349.0244252753497,149.43855777144853,173.86036544534244,92.89145631912254
346.1912269231836,145.5039933493495,174.68326916490295,93.13620838948634
358.5441854365098,137.81354662458148,170.89041328021838,96.26925523562886
346.15126137329963,147.12712654371916,173.337262612083,95.10800726258785
346.6972610388691,149.99636744076886,174.24738592155387,94.4724417091806
345.69040601791744,144.36765833587492,175.51538851115987,94.27531012953976
358.56605660513947,137.6674018966444,171.56983913725304,97.37433317798373
349.6574374029358,144.63058286150476,173.01611921341328,97.26579751932012
347.0598618348032,148.6892410450425,174.53425695246167,96.38107135076149
342.0598567773138,142.54571765121636,176.87225925875507,96.33682026396306
352.3764090016717,147.72635730582442,176.26681708726107,95.96398051468347
360.38196978773135,121.17364720924901,170.67330472992438,101.9535140196019
355.92542272931837,132.1645031974469,169.3665483065892,103.32080678868957
355.94971617023526,125.43248410936789,167.5416638554806,105.08108577142711
341.26061106072507,118.28375871346059,171.58160007242577,104.02243075879838
339.3358427928555,130.7127735013668,175.80893447999304,102.76534188733167
336.8855953199761,125.2613490221735,179.94096438363755,102.31631267951951
348.71996817666115,113.56111250240859,178.31367680015018,105.16063337529934
354.001339814961,122.06902974571689,176.6300810531526,108.42855514478626
339.2990506770283,133.33631837229512,178.90277189310498,106.006738435453
336.3495944829469,125.33880845719979,182.544181487002,104.72927825465737
336.7265374777462,134.04488872889033,183.73835279129526,103.3933239185517
334.83129198233615,124.91195630933856,186.8874750949625,102.36638976168354
337.87446816624026,133.6336500130176,187.92147594904765,101.24166499775808
334.35398177840915,123.33467245402403,190.688164838754,101.16628217934385
331.72791551653216,132.73134624916267,193.94095587462346,99.57806230513103
329.80343159856113,121.96697651897571,196.5270823666858,99.83906533056843
326.412111149609,131.17300880251923,199.6028701132687,99.06606555229973
326.64800256527894,119.62972388202229,201.362845161186,99.5813558675368
326.873103791579,127.03539770106761,202.986195793913,100.20001330299353
328.87561298706,134.41435073224838,203.60069186828315,99.67300991244595
328.3205867086436,122.81073946083481,205.13482652550724,99.78332960798303
328.5641796447478,130.31427049090496,206.40546006743767,99.8560357286899
330.83545178467796,117.16770290425757,207.6045859192607,100.56832220813705
329.72093333233613,121.9903026628869,208.78668976902034,100.96524457808539
329.35665364822637,128.22280320097966,209.70773618336236,100.72135766053024
157.5339562998137,29.879331949522744,197.74940163214086,123.65578246324877
160.99331380300066,19.856266347627127,189.776631531048,140.15781648190512
164.97519542476832,12.666384984086363,184.59895913834276,151.01521292366255
