308.5,404.5,156,135
306.97218033313277,398.8935069540379,159.3842870664692,135.1597138446097
303.32853230431516,396.5700804025995,161.74933857530675,135.24141334870114
298.55110770659144,390.6147405686643,163.60825109091417,135.53426846212818
295.45023484962644,388.5837999133165,164.52928658450713,135.54044899386264
295.92252980399707,384.20716243402376,165.54340162419123,135.37207974163263
294.4526166626423,381.84880837074905,166.8486952168525,136.25082547918973
296.7198142362066,377.64241556675836,167.6887908076389,136.52765527662433
298.3218440541105,375.566953169409,168.41392085383802,135.9583456772495
299.2862978157558,372.8219970164394,169.2983158474847,135.28188091562276
300.0639758669388,370.586829700174,169.98962522287144,134.68919102727955
301.1990956543892,368.72852006957953,170.14589240570675,133.9933261194621
302.1237749927077,366.73989220636975,170.03509905480675,133.12083132708284
301.47683402040207,364.74664828035196,170.1341219715555,132.6916611819871
300.85264691560565,363.606155309725,171.52758060695538,132.25302379598577
296.72313533205624,363.72133105836105,173.24860032938247,132.27258062677
294.36487535695085,363.6695882526002,174.2404336569736,132.2043628400641
292.70948683123527,362.80276953039925,175.0419057080997,132.60460873726285
292.369586417757,360.85153523862516,175.36815407438579,132.85553871035273
292.8813726230269,361.19438333524283,175.52475386881724,132.71585968706967
292.8368227650613,359.8194946172044,175.5987955795198,132.83701435283714
293.5152261302794,358.7773215088166,175.66317112390198,132.8716474348471
294.68696257866304,358.14249050464394,175.30789948770138,132.63209909506313
294.7060961101248,357.2741707992316,175.06061605698488,132.6710437274454
293.9462976474134,355.73738177845394,174.91068211387727,132.45834352116754
294.3383277458825,356.05254885398665,174.51434083287847,132.2840973467962
296.15521706445503,354.4351856741295,174.1695724820646,132.06569012344167
299.50799662058046,352.42888622038924,173.95332983328416,131.80501794709036
302.0454488434816,350.91094083658373,174.25028255377222,131.72476930277517
305.2083335162545,348.8224905036859,174.65242515738407,131.66912030121242
305.8294254536697,348.42717344811064,174.79614046868798,130.60453206796444
305.57454916340674,347.0941272907595,175.37251092550525,130.2339439226905
305.97126509465875,342.8394229458503,176.30241528278884,129.79294844533362
306.53720056696443,339.65433834461356,177.00587446684716,129.8013799196882
306.3008218939817,337.3141553168301,177.66670592475117,129.72997929358394
307.47341047843423,334.0577863386253,177.69137176198012,128.9945587950985
306.72553529560423,330.86292632426245,177.3719259711383,128.3531041640953
306.7993464671441,329.5779888786094,177.44052478179472,127.96596568679476
303.0136940940428,329.49070950519103,178.19350067057542,128.4340665207096
301.85345372445096,331.30020617693424,178.5358083922573,128.3722569197464
302.1975282721787,331.4358958294606,178.46842289667435,128.34243206866273
302.31739694132926,333.1527466297088,179.05607676559148,128.27522440851965
300.1143347267477,335.5764147366672,179.8649557399664,127.6490881839218
298.3508650542283,336.5926580178761,180.14909437241982,127.65249553858771
299.1251353245252,336.0522990195963,179.64708896614133,127.21287118514115
297.02507793156826,338.7125667014139,180.52519657279504,127.1566395057406
293.8722749742868,340.1631574214697,180.91352801226026,127.2780177084208
293.43489070213116,341.18848704519814,180.54228947172513,127.08920943790787
292.13455305928335,342.8975729312516,180.5812265047809,127.20311044831743
291.66470304354993,344.6717438112072,180.80943226926092,126.99627850743697
290.0900562631035,346.65380944315564,180.88378347976624,127.10421974949105
290.6813395939856,348.2130864409993,181.03475761523552,127.53012104364439
289.7445055989564,350.43393285736613,181.51885703801798,128.04009218185791
287.34817054981806,352.48853795766126,181.96428954931957,128.77817535819037
284.08469298497437,354.2048890189759,182.22212064794013,128.92951936097302
281.1762880568066,354.33179497925505,182.40220317120674,129.00285957340273
279.205148068565,353.9660896846059,182.1846296892855,128.96280664932672
276.51326693433634,352.5482841069438,182.38913599537096,128.9980277995391
275.3042550748397,349.896617396331,181.85590343918722,129.31063999502624
277.559217435651,346.03259713262344,182.07649562811758,129.39212080717033
276.14205019148994,346.2732052317906,181.84804496781913,129.3437048720025
275.5180728956477,346.6174548282621,181.48203297529784,129.64884651911302
275.78278078529,344.5541125587649,180.87274364905534,129.90799212912185
275.68642377004244,339.77255344149575,180.68660081199863,130.80543901508838
277.07418055339144,335.39693816650436,181.03079578335604,130.86351618372356
281.77211393555353,328.01174295119415,181.3731635389904,131.5266907329962
283.2944513415271,321.2529416045192,182.32812323136147,131.07656099684178
285.5269539403236,318.022582224429,182.6516488603371,130.7382742485993
284.1328631260183,316.54614449766785,183.58554477193715,130.06173800473388
279.6591719141336,312.1356045382114,184.23342196194204,130.44038838110538
278.6673638460794,312.99274776416354,183.37627381391644,129.94346600200075
280.646525815161,312.93321527967095,183.44568797008313,129.5816275839162
279.5737589836358,314.8172766258753,183.80230158823446,129.4312667418645
281.6090166334991,313.4037380585243,183.37795976568077,129.36542648192847
280.5830086197165,311.16931648152297,183.41934876191965,129.39424049164404
280.0456063593347,309.6525414414449,183.33644940618785,128.96884291326134
279.7089706803043,306.8236888857266,182.87283726701062,128.30657407908035
279.6717832616997,305.59462421175874,182.767228994984,127.8748382670276
281.85680401185385,303.74092265976606,182.71304061357216,127.40980799470069
278.32788007038744,303.7771234332457,182.69711606608507,127.48587212583726
279.56914314520776,301.2162050486844,182.1678018200165,127.28513189529559
278.7063013099443,301.50623976881843,181.8211094777413,127.51097250589652
277.39083679973476,303.6789724186609,182.14011189484307,128.33369816232724
277.92465935064826,302.12107506753796,181.88217586512917,128.07912152286787
281.2975610523856,303.3070221551475,181.64506806407144,128.56267130211648
282.50329334295486,301.9625239295027,182.23021793910968,127.63892938251071
283.37173272160527,301.37220904453005,182.406775117783,126.59887271675653
283.33189444600396,300.202810443161,182.1582985355933,126.16334478712464
283.48925414546886,301.1408359119022,182.1246264212666,125.94952565258262
280.2648725335806,300.12257380022254,182.27034532589033,126.17932413550918
282.11846688486673,299.9710894673601,182.2349038309596,126.25605733701872
279.84987539925487,298.53298309298845,182.79482573574654,126.58778332466898
277.88307048402476,297.129429732052,182.85623746134843,126.95414850754031
275.37415684897417,298.10045527283614,183.09717826828427,127.14853603414163
271.9258807167539,300.01486755434644,183.94411228855367,127.56312968782646
272.06583538066116,299.4716668412612,183.56349614501954,127.28113924254455
271.8409816101881,300.163493578661,183.49392140456692,127.07054070129294
268.76327982747466,300.58082222086955,183.91804607366208,127.01431191180613
267.3188369503104,300.61141221050116,183.59449372145363,127.07920518867792
266.2505182027162,300.01341919279474,183.88207628404786,126.98527399348461
267.47029328012695,299.68466662585837,183.42586758468582,126.94683201670443
269.57702238911827,298.6919957690461,183.23209797296542,127.22633397717797
273.2069839622628,297.3149378398337,183.61758965593054,127.67698232347206
274.84177070762394,296.12623286777057,183.74154224247872,128.24361972941318
271.67270452047535,294.0096945993024,184.18061341377307,128.20265461367012
271.01990961659806,293.16203442160486,184.12950613900801,128.52344739547965
271.9447784890499,294.65655281129636,184.27910094129214,128.7758354150621
272.94819533074156,293.35165616842664,183.76982525561243,128.88272309357802
273.2613259192368,292.3479325455421,183.77695659142023,129.2280097043527
271.1537987609685,293.46611873186964,183.96406157476585,129.9528921668263
268.9593419851705,294.4168514053333,184.0858452282906,130.80609815511937
265.3699511598897,297.2490522580707,184.85300912296236,131.3012719119858
265.1532283286236,299.60677114975476,184.05861042800407,131.2850504944319
265.59793277867345,302.27860447306364,184.15530851967225,130.9758520217949
265.67692152095407,302.1516865791539,183.34489370581866,130.3528900739234
266.22110144284125,299.1479198440136,182.45229780762384,129.98504350498888
271.15460308365664,295.8658968134346,182.5043113640668,129.9355479630585
275.12459401210145,292.94799632026394,182.43464839679507,129.78741836163124
277.7960449352127,290.15911957783453,182.32641480542483,129.88986581240192
279.89413182240276,289.50071388799284,182.56022512375716,129.77191936337283
281.93666067366814,290.04796459723104,182.48955788982374,130.3141890277746
280.7058295901302,287.8263110880746,182.7287097190702,130.42994420435167
277.8930586787643,286.8987309798472,182.76101986379282,130.65140989127298
271.18944100516785,286.25611527242114,182.7425884019038,130.6876339618792
272.7299610789159,281.02845876034775,182.0979253029001,130.24403550989075
275.3107948467021,281.16147490906843,182.0646890875181,130.08204575741033
270.40938815629636,282.1621704218192,181.748372333747,130.43584381691548
269.3948324466289,284.55788420112765,180.84576683413655,130.44715301748437
266.21815599691615,287.48919767590166,180.23462407468764,130.03402472134832
263.2258177688876,291.85157688530694,179.92465331394783,129.95204851384142
258.70178618420783,293.3446903897286,178.88135925216727,129.66197633783798
260.1190035103163,291.83661281389533,177.77203000480418,128.1671170279873
263.15576573713525,291.88970896637534,177.00343862230275,127.79640094864183
268.7862673817664,290.76073136594937,176.3912619321615,127.82577281361728
272.7832648422916,291.6382089273743,176.102004197543,128.44485447970783
275.1374998335278,287.9108104436109,176.39528563795275,128.39902106851153
273.0624251667136,284.6104631941781,176.78729703022069,128.30490756109043
270.75029820753366,283.47377908033764,177.2157420610988,128.43024932240178
269.42149393983107,281.72933696329005,177.033984398918,127.97156084836702
270.6172065328679,282.7102699509981,176.93442480007877,128.46250945196095
266.62338766573714,285.8134018054216,178.27692903900953,129.374397884685
262.593513358063,287.3146189773434,179.33143959817494,129.9344726007474
256.78141423151123,288.40288468068735,179.46340743593413,130.06684989500252
255.25314392327007,288.9198809456873,179.02873473073072,130.07045990883347
254.19572681120226,288.093413084073,178.67999740640442,129.4620256884433
255.71728194298504,285.22809109605737,177.46670634526197,128.56883696183792
259.6268006128656,283.7031298566265,177.23371522437287,127.644145297328
258.6147043222754,286.20937185998747,177.42710631858438,127.7798293776117
260.7241415956711,286.248334457002,177.0820170291324,127.0748462140125
260.1720208145414,285.59490115529377,177.35426137564394,126.5433035128101
258.3832177585949,287.26397833660246,177.8972719980349,126.52831361323591
257.83406530783395,285.7762966668213,177.3850603514001,125.9686182159972
258.27121379266725,285.8859122575167,176.89700463892424,125.84444242848099
260.5296958364539,284.5893005673435,177.12906732671098,126.08121811214153
262.2788907738151,283.5175192837095,176.86836885442403,125.50820529526959
261.64267908616466,284.6013602595767,176.69045350844948,125.22909925505704
263.3502763605295,283.1533576572262,176.72462076086737,125.1615219440415
264.54104440272715,285.384182145627,176.8214768006481,125.39937495851188
264.11700883012867,286.35135363949814,176.90375694690928,125.18898438337484
263.8955977574538,287.3750026087456,177.1477335567423,125.25611353457106
263.7343143767185,285.82905813446996,177.1007213010506,125.24088411497362
264.55824762905104,286.9441872350528,177.17383782479737,125.26320798701954
265.9865004446773,284.6775247754056,176.96213142602772,125.07744292142026
265.23486111393436,284.928437609831,177.33542415897813,125.17600136874222
264.7536157165687,284.2960670604671,177.34980568456734,125.10048935276961
264.5150550192949,284.3313607773958,177.517551644001,125.3052069218401
264.5617150637391,285.998227911047,177.5408019756759,125.60528150577963
265.03856190288366,286.4883902022661,177.33774362329547,125.39338185152981
267.01796432723563,286.9017267920487,177.10188303423502,125.43338810197261
267.09811709357416,287.7574216558817,177.32723817970617,125.50905315145188
270.8511652697872,287.8530195712195,177.1730295302221,125.20388125198163
271.3795029766401,288.21573112224246,177.27519060047166,125.35782961418822
274.0157320314993,286.58840573587963,177.1945240251771,124.8885974733243
276.9411461089675,285.8234487600014,176.98982643206932,124.40771511656345
277.7303711587109,286.86934102528045,177.02944729262725,124.18851957812409
275.28583155777426,287.0420899504127,178.18373593091718,124.19018245464534
275.78089283841155,286.14630264469633,177.8085153295388,124.28336252910594
275.6893263439349,286.8100825522704,178.04071981298188,124.5129406801139
274.1596349025393,289.03763253232535,178.52374628479288,125.1229356678189
276.5922848726318,290.8565582498863,178.4122505514561,124.84291475714159
277.91892978197075,293.84771816150226,178.52649475034104,125.039499944133
280.34175116881465,296.2685352480224,178.51384023882974,125.28772239569606
282.6121334237144,298.93780543372907,178.68545756878245,125.9329409506743
283.20106339650306,301.59434449704145,179.55860632452953,126.47153451975868
282.0586691151575,307.58224936556786,180.64510561205134,126.18998537993491
277.06402854197415,311.7990054874064,181.54713509520997,125.46551187069387
278.9265413221242,317.4351381267203,181.00120408790374,124.93541215755678
280.71091493680535,321.6227542101015,180.67597354211983,124.42041949656219
282.22979620758053,325.9821433959928,180.89117192090333,124.27276424794854
286.4933153880276,331.9005685525632,181.17846461469674,124.08678044329164
292.33275273536924,339.78422420305503,181.76765155789184,124.52141730820153
298.5002560281665,345.97334354654555,181.9777823776928,124.41054693787089
302.8653159209812,350.7172232190978,182.10071568502013,124.97578899657506
309.39693867141534,354.99559599516056,182.71595891553602,125.09568204765986
315.05788852695093,354.76379149469017,182.7928638690766,124.93135677154308
321.79371286239984,354.8305863082868,184.42321257366706,125.3851657330072
327.10599231782953,352.17857353873814,185.44013696969245,125.43824045881108
334.43236151274016,350.7817090004467,187.02095914200498,125.38704270128741
337.2446129887247,350.3677738104524,187.9036263903838,126.81807972108095
343.5851662582485,349.88626473167255,188.65381333888507,127.46707527798984
349.62373804729873,350.45549976399906,190.01695448978853,128.67318872468934
351.2233771771365,350.79587161390367,191.28246419016548,129.10134914818642
357.1724166618701,350.57281907148524,192.82452117650885,129.6172759558288
359.24451119054686,351.0807955019514,194.66106026856934,129.7915709882299
358.9451822485814,351.11555756325686,196.04023733995072,130.18902467051822
361.5879071507064,351.1378461317851,196.08843955520138,130.22542896685323
362.28775091804505,351.230401461785,197.03286560885726,130.33926406161993
364.5586428956508,351.0646446762735,198.24637263875314,130.51475152258996
362.8815520813197,350.988008485665,198.7643323340506,130.8931113527615
365.72816743704493,350.93051061832205,199.1498198080248,131.50843544943535
364.43320561489145,350.521921285482,199.60811255480985,131.82960998069893
364.42102782080184,350.70155003242803,200.29165456581396,132.15994425221055
367.0217695332025,350.16966990168686,200.36391190944528,132.99734894611848
365.45421932851474,349.7433436213521,200.39577421304682,133.28960227249303
365.4343622493517,349.2163939382756,200.45884808358616,133.39573420214174
366.3636704353727,346.45718886042346,200.6422377273218,134.23936637322691
366.96397644640547,345.7205034111245,200.887492290034,134.63926334146583
365.1758485680555,345.3731520604102,200.83371360001763,135.03176182140749
363.83106382502297,345.3457000392881,200.68045338179812,134.69191777195394
363.9281074536697,346.0154575209261,200.51351146554327,133.9990988397716
361.4298551108701,345.62033193410605,200.66220922060046,133.6951609655982
361.4704410851882,346.39538479956,200.53737772275784,133.7574732902247
357.65258983303556,346.13554053206246,200.5895741197328,133.61967991642152
358.0894427001937,346.8818169450867,200.1820451336923,133.0837154778623
356.10112627665575,346.0222791624797,200.08475343929481,133.33571581438528
356.6368811691375,345.3745564795306,199.7777055292931,133.32231816365908
356.36650760939546,343.3211777872432,199.3259470387881,133.8246794434212
354.9418328569096,339.76524940526764,200.24179649226133,133.89842881220022
352.46501384566,333.1515509431018,201.51818746733628,134.14036450148546
353.15929844880657,327.69064501805417,202.4671183564106,134.95383322719107
355.3915021942665,322.9722422189709,202.7386670575073,135.7225422829993
354.46052101485446,318.42077640445285,205.05694299660595,135.61675751951827
350.90655072366536,310.97099886933006,206.936045135228,136.2925271893733
344.97871154885695,303.94794188686296,210.8136036346861,137.6921586866561
338.9262492829823,300.59951400395715,213.30769595207994,139.264289587508
337.64997419518795,298.30360807440456,216.33140665871264,140.4525300793494
336.83436073597824,301.7236324547264,218.89614262893187,141.81619473575887
332.24171254345356,304.48784220717994,222.20602798035088,143.00904722258153
327.64960872169104,306.42193566411595,224.08936472849012,144.09125923067606
327.49677214971666,305.7393370617556,226.2476913758569,144.78298009701024
327.2646885060653,303.83074693181493,229.0312913986028,145.5633444751625
325.15198661151726,301.30545879320806,230.99912158311503,146.39090210613597
324.68250750949426,297.4251640308721,232.5829997190496,146.86271857096284
324.3039873829079,294.5751000727239,234.64780915156658,147.71668512175026
320.73020381064174,287.04191075556037,236.97560929780786,148.304815159886
316.3124607908063,280.10552004154925,239.3651896520539,148.77309467293017
313.3136959012618,275.22343100588586,241.9024223234464,149.66407614238926
311.06152049149534,269.8284181167339,244.49007540242445,151.14215314444797
308.77772067652387,262.04622831328646,246.3974131629369,152.5974753248903
307.21401170383035,251.69667016786104,250.25323020624342,154.72943577772844
305.65939622192076,240.09881569831236,254.1565907205196,156.8041959253219
305.91430259277865,228.10215572639032,258.61515032377457,159.2176914215341
307.54780563662314,218.2303361395378,263.71991032647855,161.02822894118646
309.34682257229235,209.99862225336312,267.6488482721568,162.62378542905097
319.42759550953014,200.10661266950456,271.2118240346441,165.06801043783253
325.6609817257985,190.52511801027137,276.54431269524713,167.30385475202644
332.0917343516672,181.92664819295942,280.08393049038466,169.50992486455561
337.68045269900733,171.7984683762635,280.61626495201534,170.97796586391428
343.5588016483175,160.42975360242335,279.56349409349514,173.312857112034
347.3511553117584,149.8249134721719,272.9946183563121,174.57559599680448
351.86371591869045,143.02972444776222,267.3355216366192,175.36726989828497
355.7102190844911,138.48150412218803,262.1014562878365,175.45897364910377
354.9176698859494,140.4173157775401,259.5953476574846,174.91233584255002
355.5530200243478,144.84268039429116,258.87472279248436,174.93301983994385
353.107116619919,148.10912684632893,259.3708706314628,174.78631639662277
352.006358039545,150.1984430050393,261.51253059883027,175.06703704932528
348.8222403452437,153.19494272943555,261.78796441654043,175.17956166364314
348.0140462150972,155.02986995093636,264.51100839372947,175.1558783136286
344.8910114209289,156.37978853463449,268.54063539707465,175.2631533631818
341.30495902997757,157.63650430099023,272.66882061568384,175.201597993953
338.53375098637343,159.32262599483306,275.74506353089515,175.68635757982383
334.301680962736,158.7989194537912,279.5604809295493,175.88112645681414
329.52260052218423,158.0579505857784,283.09543605351183,176.33812978179088
326.950955519429,155.1645167144811,286.5536955986646,176.24457302487377
324.84062586621985,155.64899147429622,288.9433223905108,177.45377463591979
322.9539624854727,153.96898255299726,291.11425981637274,177.73524643130702
321.35746773600783,153.16546026172847,292.819785960238,177.5133582516986
320.0750498501214,151.17613522500102,294.6852844283725,177.87287985950104
319.36112903435156,148.80535554907618,295.97698635413497,177.98892994926572
319.14890781151087,146.3313024616471,296.970522325226,178.62708720292028
321.8768887330293,141.81244207635376,296.30608727662275,178.0718151909142
322.6448311032144,139.0324235444056,296.25301756348955,177.90709696764014
323.4186362200036,136.51126071070732,296.0182700837793,177.83449295898077
323.6078689838037,135.17620381186597,295.1331207893371,178.00143674323573
326.3324777897857,133.26295205177803,294.3714198666737,178.228169240615
324.5715450297357,128.60954212079872,293.4063907792297,178.5101497013285
324.6280962307644,123.96142397255478,294.43526628339947,177.96123505024556
325.3799623047773,119.35601361706355,294.5004785895668,178.0311265391211
325.86699429518694,115.48362834844752,293.56860954889726,177.82364945672424
325.61496280570793,113.57333493734237,292.3640909610446,177.58505363504418
326.5455733253921,112.97253540373305,293.6508189020077,177.41449965851587
325.7178414918765,111.0158213976604,292.9832890521169,177.38305290717238
326.38470183126753,111.2231662182989,293.8882074896222,177.1751613872285
323.6089517282742,111.30531801936266,293.4360141149814,176.90594975834614
323.5205595718654,110.16171856856056,294.4798301808621,176.83751540113076
321.9216153877321,108.26813375690836,296.2929548314774,176.50096628587926
320.8609222472257,105.26651770056158,297.45504101168683,175.67623981474102
320.6594947757169,102.16520739469843,298.3744385682108,175.3598794465479
319.94230387982174,98.79869729458153,298.91647093802305,175.00180276872993
319.71879054713054,96.0591273498423,299.0305883173832,175.35229914548256
319.5768845828111,93.55689205431453,299.3688266776781,175.31152647329347
320.01586713408494,92.05911320445426,298.7422421975172,175.6510291994117
320.2242727785639,90.94629246434194,298.0110337821232,175.87656482178724
320.40467830095497,90.14898625874736,297.377606589346,175.97835685085818
319.79687983185795,89.58447280716642,297.2397647925318,175.93092599130185
319.28818123868814,88.68799531845389,297.06409049430573,175.84594996992473
320.1991392340695,87.10646037184213,297.44537055227954,175.68603230669072
320.53070748786087,85.6739595123862,297.6702529508133,176.0193560642531
321.65042322086805,82.80968036207715,297.74208647655917,175.78396230035705
322.97119951891244,83.47076128249215,296.63046542572795,176.0726864372721
324.9995302702519,85.56370361360442,296.03733756295685,176.2573018627856
326.0021485301416,87.58024158433136,292.7557436308392,176.13183276146538
331.40482596386545,91.80870989019994,290.7738579253788,176.17966356763594
334.2129654526626,95.42624238827945,286.9824191358109,175.7024878422594
337.8641631359488,99.91155778535254,283.1772030390292,174.91573213203654
341.8464622973493,103.16528916578099,279.3193437604176,174.42280670562178
342.3474635652538,105.37446512174407,274.4634531897881,174.79169434523982
349.2800070216007,105.78052277475605,269.79019309746786,174.01627108111958
352.1031428091836,106.0438622052549,264.5635906736082,173.8469380991998
357.44477330650875,102.26536375307882,262.71506745666784,172.8371415617795
361.15773699803583,97.26984711743626,258.26336893256143,172.3446877038532
365.0970592131339,93.85418138182399,253.38765109042382,172.86370704891806
369.9565081260314,88.38586792121932,248.9097982627977,174.19046305948288
372.4494590107143,83.14434671146627,245.2274801154107,174.3733650981296
376.05904515804247,80.34275473547953,241.28341067452936,174.24697150875176
379.9319319698592,80.26551058886862,237.961537655144,173.59527026492523
380.8715810398058,79.82037712961463,235.84214695460187,173.7062410832936
380.8440701720739,81.57062998306424,235.43669655332968,172.51321261218845
379.68405061542205,81.9242178027587,235.02601538503245,171.34528388957045
379.5892263002144,81.61703971189476,234.81936095777712,171.5150122796552
377.95479597072267,80.9739352364347,235.28220254899634,171.2781502991407
375.9494393184973,79.15743171776302,237.3971782054369,170.74865409399138
371.4564652728013,77.79370116278527,239.83485511762956,170.27338669404392
368.1800041310369,77.00518842147463,243.68248255366996,170.2811184392537
365.2252904324516,75.95071437054443,246.97366291867516,169.94640723554159
362.76040847660244,76.24268636542229,249.69329446991506,169.9109912017948
361.22166764970785,77.56125798931629,251.4468326279538,169.8051594660002
364.01333734195316,76.67076625964499,252.165380278833,171.0122954526751
360.9406823021118,71.8710687791814,252.11001248681168,171.08092583382933
362.5199352678336,66.28354691926761,252.61679405002747,171.0162864024118
359.8614283642729,63.55467028481485,253.1160473896196,170.60282098998186
361.43176135386716,62.03811672030761,253.25608972341928,170.71680804567785
360.4223427506755,61.502643593211445,254.96144762548892,170.444797160855
359.88763563526174,61.918218511013436,256.1888025271644,170.34355436107865
356.91577346676604,60.30725856024969,257.6340312853899,170.59080862082146
353.81803882957445,58.846590875827474,259.3079556264541,170.04172124491492
354.33620460173853,59.430526885361104,262.68245362619325,171.15837843498463
350.11723435670893,60.01280461993889,265.11746776661255,171.65539971372334
348.0353724506409,63.28297467665351,265.9627435120372,173.09025453132438
346.945018881063,64.36565422043111,269.17406896116773,173.30646792873927
344.10954573934373,66.55449443391907,270.18045444977594,174.09506538720035
342.14140481001334,66.19040263406552,273.802621737819,173.6189062640147
339.7082333078516,66.2106082236537,275.4718624338692,173.53306864161917
340.80981423946304,67.10592395495111,276.7929250903759,174.1954804014517
341.1175382308238,65.58963766663793,276.0324004751547,173.76503694490546
346.91082426739086,65.25144050941692,272.3732428192874,174.14325708670762
354.6203978122073,64.14094961068488,265.3096112096961,175.06529047699854
360.17865674527764,62.57541789369614,259.3480802019233,175.1395938382679
364.5219638160087,60.03944535401931,254.06644147473725,174.11562741478343
366.27258545064785,59.764945873019855,250.0758283660291,172.83532192007152
369.7439919831261,56.44344132905036,247.56119742616414,172.5059842253262
370.1198924094035,52.10473791412984,244.37750942379853,171.50840040117552
372.5153292318481,49.12399673733074,242.46091074801032,170.26012828776322
374.1923798799159,46.789908749320986,241.29987437992955,169.09770829362893
373.0184063404957,46.45566437107831,240.9754546012413,167.3894775753218
373.59608007126985,46.304901350287864,239.96007994566986,166.3615574203466
375.3853460780583,45.25721679518247,239.96432877010557,165.70827097292494
376.2048065586491,45.56216668820602,238.74166837921172,165.18448116781866
378.25349832033874,47.476119910590114,236.93577517222343,164.92728705100762
382.5203032726408,45.68722336797144,234.15943417325903,165.28044620413132
385.2669102911035,42.172562451715194,229.61313117330184,165.86212427977736
390.21044486067206,34.54765968268978,225.07809374192834,167.20250885072613
396.0012176992603,24.12133747627651,219.69515264849213,168.1519798168974
401.1946091660094,17.30995733507193,214.0026145765966,168.6233452552514
407.97160541073447,11.685297967963692,208.44294820180102,168.93559505025888
414.0475718756313,9.910938705459671,202.70803463922545,168.66358980321797
419.0817430974016,6.577486299770072,197.26246488931884,168.2553789339026
422.39964138296125,3.713673618428004,192.47423504202314,167.20467015580914
422.6551395652867,2.8101953833761115,189.8665666192668,164.91518488015487
421.00185724987585,3.942037407316718,190.1411366688659,163.742376457884
420.73974375438627,5.145530867761252,190.50787994800635,163.1229647818985
425.26200582186664,3.7036038936182933,188.1882665491296,162.10691972429453
426.59724713704736,2.2174961308883923,186.08683029690388,160.53071100582733
427.52851950965317,1.456867482393534,184.58761400857094,158.82573338994473
429.14901659246743,0.06726373508595884,182.5270978197414,156.9776554040606
432.0339534043576,-0.5114168465675988,181.28745567179107,155.98033393110674
430.7531444891397,3.2009187411228766,181.52967056910626,155.61897194838326
430.9301950461147,3.963790502972202,180.91379130912765,156.08519085754594
431.43868123782835,6.425375355979924,180.03877188738363,157.14731263254856
432.0317222287389,10.21337536956888,179.28734801570434,158.38113754891313
432.7869233626405,13.578045553183983,178.3123547811996,159.3966258827022
434.35448585660066,16.180693515753646,177.25157442828905,159.95897102506777
433.3439713080222,18.98785865626509,177.74481679372593,160.1696839454914
429.3452714001479,22.440738096729206,180.21709444379468,159.46927880144062
426.3525554111841,23.594877356478193,183.20491513746634,158.9163160625823
423.991371698862,24.476340395298962,185.37121342644457,158.65677481350826
422.54023865993213,26.0871302273421,186.65400759668867,158.6054877653125
420.81783445809856,28.143764320956265,188.0016449321642,158.66801131850164
421.84336083246694,29.929379142131552,188.06017174656836,159.02292103085688
423.4132973362793,32.454289073828946,187.53074733780534,158.78583815552972
424.7189137013761,36.11444397170271,187.20014591139903,158.72208248652169
424.4751173462485,38.940509230199794,187.3948835079094,159.04037948265008
424.6466324641866,41.68311339132279,187.73940733344602,158.86646905392826
423.1694345985483,43.00869494566331,187.20725130309538,158.52210607227664
425.4016762268573,41.06529428685357,185.6829001875907,158.77048823858996
427.62877310575857,38.53003126034014,184.63984544117125,159.12853088554994
428.7607669182731,30.757498418602538,183.28961895505822,160.14516563030443
429.99466927109574,26.619012809742074,181.9684564575123,160.85863644366745
430.52476166223903,20.495649140657406,181.62585580837384,161.39351266184167
428.79306088332487,15.763515938877049,182.4249240226963,161.62718443039262
427.21178170060284,10.013157364923543,182.94264643919638,161.1910043004676
426.1201505743221,4.7230079808349785,183.64517005192627,159.65837849283906
425.6982374042172,-0.006422141961664352,184.72954726779983,157.26551792849583
423.4489919492172,-1.885206424159577,186.0471845725294,153.90070003735576
421.25087141594486,-3.12294755155267,187.4149098233393,149.99660513226036
419.23961935347745,-2.1624963348729835,189.19210507223642,145.657122166827
417.0226112555447,-3.2660888429494292,190.3064727638448,142.4662392317775
416.07900296762506,-3.7132035023917354,191.49112897448404,139.65161363695057
414.3191568026675,-4.5800970695345455,193.5963947392288,136.07802152547814
412.89464108242714,-4.094221199745945,195.36499090367812,133.13063950254522
412.20198388500216,-2.0598705195951226,196.42476731892526,130.9545124525463
411.58953354122104,-0.489037651260702,197.64254806729053,128.85981088442605
411.7234594558796,2.7072568835044564,196.68318055384572,129.83802374055492
414.5935074656944,5.249817756157384,195.105166729498,134.46750828034428
416.4194507931878,8.751639436713987,194.21430836430613,138.8283687797047
413.48491765647236,9.345721459474603,194.90132154859515,142.59839755950085
412.4049462499919,9.89267611442709,196.44449880283656,145.69635226326776
412.3019674233313,11.097856236807104,196.73695446333602,149.14706169776798
412.40068996814216,12.26667761912175,196.27194302063162,152.49315096591457
413.4294677268666,13.649686454705375,195.86543890527463,155.09601833503052
414.11161720879943,13.691237395536376,195.99906510372438,157.13575399685607
413.4040336184401,10.674003298660523,195.78558293046203,158.66231098531603
417.7541128837946,6.3705898516748505,193.25339648761314,159.36052801219142
421.90682175474905,5.065683745056276,190.76860643506583,159.36829635831737
424.24821282170365,5.054991505611042,188.69110923043223,159.23527500491718
426.15906825650467,5.650837991177568,186.42917943535406,158.97636390891765
429.6550107766599,6.39888227545309,184.40828886754736,159.4877671673777
430.4058287031959,9.93862325994121,183.31923994188918,160.94110303897764
428.74586898052826,18.545775240444243,182.07460851060705,162.13857466696084
429.198697241418,27.960943323774387,181.30793586434066,162.4344325005447
427.9552235430329,38.658022913407336,181.62878895797974,161.6834675198872
424.9713091311505,44.564595599128,183.66354926787426,160.85151759827497
422.99036311692095,48.071664632478644,185.1245319678727,160.00488765687885
420.6170467709137,52.01652654865026,186.2613826793727,159.17120887992502
419.7811812724324,57.773464279813936,186.97625527980523,158.93011955803956
419.5039224805223,61.91225704090682,187.98375415682676,158.58537199895804
417.8400499846896,66.63915990574648,190.10168543446474,157.89693091619034
413.47226689491765,77.21199098250824,193.45487780419418,159.29409255417073
408.20651242443876,85.93512552829682,198.28270384567688,159.98491223822833
400.33929661786163,94.43926714285315,203.65903456771787,161.76760076509711
396.95526525573416,96.23063447079548,209.9986293328073,165.45976082356793
393.4233064769645,99.29290598446609,214.4353157692833,167.50572904195425
390.2816756281309,105.70596368636643,217.10462673758036,168.19920020126392
390.5023251360326,110.03973813052852,220.01399734419834,169.54906540595732
385.3171172986803,110.55793290382533,221.58186270304603,170.09815440359893
381.3053537031186,109.22841825013955,225.27106219641547,169.87455383960207
375.1197593048627,112.6126895413629,230.18645189014399,169.36729227064416
370.1558641550184,116.99742433012622,235.74787771076774,168.02858879876936
363.79997787932155,124.22881161627096,241.99912522630325,166.97648736795938
356.07153472474454,126.2763753278092,248.58316302471502,166.95508659893562
348.2347082155097,123.89972296592711,257.0008198159203,165.75471795996788
343.97956757704077,119.15614535181734,262.94081314997186,166.2649378015297
340.26191619542556,112.21524240648692,267.8470798681279,165.45627395036925
336.75133957957314,106.15069886515451,271.69775308693903,165.89062741334413
335.0198111428777,97.38976039503366,274.4304859304074,166.75672546869814
333.6463670647535,87.79659223208148,276.8227830746547,168.2213821071025
331.92771030082463,75.772139911512,279.1305727291833,168.42925281269459
331.0328786145421,60.222563159780705,281.1343131721038,167.89035051476557
333.01900990613353,46.578079802559586,280.8909228881153,169.29856657307988
334.33277022576715,39.52074275695304,279.4595167889482,169.8741676738755
337.23159921026235,31.9385197282582,277.08732368850326,170.40903037250052
339.28258975701635,22.28964960478966,275.39471397103284,172.43683882622472
339.2298617759909,12.98395247728888,272.9919459226162,174.1423340333747
339.8456157337622,7.194963113443208,271.8401146277358,175.31606643080482
338.78113130661814,3.8971409343860017,271.40015309452707,174.96829848499468
334.96880313013014,3.826291543680071,272.3314333832025,172.65795587884855
332.0510801493691,2.145919664832263,274.55923764779465,170.07324742325682
331.1932667225896,1.8461252329967834,277.5791946119035,166.86007951011808
328.10848455274424,3.7633783802899075,279.06198851244636,164.9823128796096
326.86791160952407,8.771282161614309,280.8448487596006,163.99213912891148
321.85570327651664,16.92103703072027,283.6295245770742,164.32836394880502
314.89372116679215,32.17616603959573,289.1956635172874,163.15769218898868
311.38736883140047,50.362858987192865,291.92998254888005,163.7795226634233
308.0765317477941,81.6098177902046,293.4672141005837,164.83302937380608
307.18507566958124,100.96607705634098,291.4069477463436,167.42175748459974
305.0996492567813,130.83858049732822,289.2871993184339,166.26876491536936
301.2143575770634,159.2746431906753,286.05869534419054,168.42459363023772
297.26462088436455,174.86632257697124,279.5583445871322,170.91932781418885
295.35424074857326,192.70863305895142,274.89773870118296,172.73065564173237
299.8107865081623,212.18042119926724,269.99928465225025,173.8767590791183
301.2143002084062,226.02442709859574,264.55819138529216,173.98354136310292
303.3309298575126,238.50121532212657,259.3870110398686,173.11452912502563
301.4622518686448,247.2439485298512,256.5954435060991,172.9316063497131
301.88099234270277,254.32687672683937,252.48923668594344,172.35727598723088
299.03922300237093,255.1215432216783,250.00866613656558,171.4398067918798
298.67066471235944,257.32768425089415,248.0422552660271,170.3637132882119
297.48323915993785,259.3851177288626,245.8562409686485,169.09858469172622
296.1545631914083,260.88160606074797,244.29178828687225,168.06566349842217
293.2154992037554,262.0159168583348,242.18353663876485,167.35532439779348
295.77732143880644,261.35876804970553,239.33745335640697,167.1194501629402
