544.5,394.5,30,28
543.9100374192403,392.17591018612035,29.786584216275507,28.322237826688095
544.326179623426,390.94875960953357,29.743889332173175,28.827674639079582
545.3956315557748,389.41460719121585,29.64814447550178,29.090579819419197
546.5407038247165,389.25276031827923,29.778041021907825,29.032096629619723
547.9810449882415,388.91847503991136,30.468569794482654,29.00383029756528
549.4898653270062,388.67000106500745,30.7471131799108,28.993382145421535
551.5672235896102,386.6663369149283,30.822682299234216,29.276564079460385
553.0164383364448,385.2605193571862,30.908551034782427,29.723780926740922
554.9056385818918,382.5582459723108,31.1920411460003,30.412442057301078
556.4301176691962,381.41637766150546,31.442912216005134,31.104327206057114
557.1198827520883,380.1046936026981,31.567334553425336,31.39240083857969
558.9854620006972,378.70901462712226,32.15360941344616,31.735463196469624
559.1559321974097,377.7928560310646,32.388519327962634,31.821447266331454
560.4111259759685,377.3632247526235,32.62052311873035,31.755755349241383
560.3881080941264,377.70518236947447,32.83919443768167,31.58775306557834
560.8758728205061,378.1433142834081,32.68370491288201,31.56830153600901
561.5190417917313,377.9020853651944,32.38984271849351,31.77247673007179
561.4820628890786,377.82645280792303,31.94084760956087,32.152599689682575
562.5911908770537,377.6081605739211,31.677129502110542,32.64237718297734
563.0059495604957,378.05868715427374,31.110707007462857,33.048704579332394
563.0912880733146,377.5865728501908,30.956176136899387,33.43642238141458
563.1912711097482,377.9759980881879,30.820410927274274,34.15077280359081
563.8410950366393,377.12386227765654,31.086510453748602,34.660936892152336
564.6641873893259,376.94257467723344,31.279486548355617,35.48574948089414
565.5451652106556,376.9078535979855,31.679569708796894,35.92832041117194
566.3801001291432,376.6262577732714,32.20471768645778,36.49156121823216
567.001928865007,376.86487126222545,32.62450163433167,36.92009601867871
567.3971406637753,377.08607752643496,33.07526048327486,36.730517899735034
568.6476823096381,377.5523839368131,33.14534942894551,36.42921899899976
568.9240933796943,379.5129992437614,32.8649845904498,35.90194528474612
569.1335799827813,380.08392407275136,32.73201998069618,35.0166028744526
569.3156622868936,380.43332181218113,32.568417000217174,34.798860241309484
569.2504916217721,381.38733397385954,32.40312793504768,34.1515673766167
569.5485338227376,381.9729248712208,32.103247712642116,33.954976658268194
569.4723218690639,382.87685999121936,31.872747420885165,33.42645216907982
569.8608788145186,382.17916909661693,31.750043534591498,33.64262567962864
569.5177211716448,382.8369055874662,31.606393050094624,33.34710380304786
568.9461641384263,383.35853648003723,31.61189012453478,33.047742197768805
569.3091484207094,383.120760741977,31.33933752004196,33.35082453479017
569.4752943209786,383.20015746365067,31.165993440627325,33.541179722538665
568.3786915496238,384.6837959100241,31.05189460101272,33.29549764027761
568.1948467868203,385.4736990620321,30.82330414786737,33.00031662808607
567.4340533847621,387.46239518176543,30.706620693080435,31.945075715752573
566.6498222643884,388.2994170479632,30.62928353540567,31.370842345219174
566.1473794787611,389.0970116407484,30.53998697298571,31.198961532146352
564.9054318647,389.87303141268126,30.45667176524054,31.074086066039378
564.190609967338,390.85541295648363,30.325019692998232,30.939059211192202
564.2805320798525,392.0073371427674,30.235529992522096,30.675375309297195
563.4935819409176,393.0596093455245,30.291675358015517,30.24922438694495
563.3518107281458,393.4854954560893,30.2610220016128,30.22551607105447
563.6075708252405,394.238543772464,30.3954630920609,30.10664876169225
562.9733183263908,395.9595383070668,30.484352949799057,29.9599568383302
562.9833459555717,396.40691407097734,30.65860953375953,29.94492570035208
562.880143135949,396.89091411297335,30.705871829437267,29.863380794620824
562.5873136959053,397.68426782516417,30.747501235266093,29.90732830130765
562.98536528576,397.84057302001946,30.655342679026887,29.837506360526802
562.7504720554782,397.4328449775175,30.860815978217445,29.975091695103465
561.4325334459797,397.45699359919706,31.107495847666158,29.834628840060134
561.3159717541208,397.379458863171,30.777440870921794,29.25860311729557
560.5969551179161,396.8810052889395,30.584296837155897,29.13363831751645
560.8925212776105,396.7928470977944,30.565318860895438,28.98386770182082
560.1343116505655,396.9462457267828,30.391697407397196,28.81533888480574
560.4425208507722,397.8772554179045,30.370980939890927,28.729317260474062
559.8723897545539,398.02510180905773,30.32403769848208,29.07349017459785
559.8369595466332,397.302848908456,30.192308051108952,29.343329809495827
560.1367290962055,398.2897454913045,30.333931371283562,29.013662463005033
559.8556297282838,397.55116559314365,30.50802489348478,29.412356678386423
558.4888942343968,397.4128599844867,30.482738528429884,29.556156051351387
557.6268735071131,397.7697727386704,30.5030123257172,29.434867350044343
557.60055594649,397.4676079062938,30.533879281211213,29.84831616484004
556.859136557538,397.67178946120237,30.636436968378916,29.72388591968888
556.9496080026909,396.69347049854724,30.727279098901356,29.93128714208017
556.2191948081304,396.95044718155225,30.832649612625502,29.540193410529138
555.5872092814814,396.2849103197729,31.063186274902012,29.613715464013403
555.1446066176534,395.75203353936723,31.00476966909775,29.788506304907365
554.6299197933292,395.362931975084,31.199046958493028,29.86884764281684
554.2515597184774,394.8739534798194,31.28985978483604,30.08510048648401
552.8596375655574,394.69766660601783,31.251288977227144,30.016695807153887
552.6528781935143,394.43681759768725,31.377667888339857,30.237222729635874
551.2101553741503,395.0478542115612,31.64530947662235,29.907261816589134
550.0036989914383,394.6744996422876,31.451541848827176,29.924288926842515
548.8625579662946,394.0555162770698,31.471762064779362,29.77953590210548
546.9827587128428,393.6271132853344,30.977863924801895,29.729228154668874
545.9844498409158,392.95831401311995,30.385910597031113,29.60330796035116
544.9286400544011,391.47482081524265,30.170646615602045,29.961373066661793
544.4676684806985,389.7019344661198,30.21902253945803,30.051264169295944
542.964855964596,387.71530947320457,29.934806396583767,30.08469434235169
542.3272451509893,384.94408463333815,29.9622220707716,30.152917070485422
542.2229729932045,382.59771564023043,30.3036082267274,29.65773830102455
542.5825443912777,380.65924149389923,30.232694254719647,29.35427096334643
544.3670933763715,378.574286073055,30.33220685734702,28.80413528480164
546.0120260911693,376.79087156819264,30.404133992143446,28.816524034592987
550.249079075913,376.067380059128,30.84061247242414,28.88011126166844
553.7535446277316,377.0639172301261,31.54135334296916,28.48288822181913
556.5880458099724,378.5859989594508,31.8751094814477,28.313519007935952
558.792206126573,380.92708825771757,31.255537827815058,28.110260871149755
561.8715175969234,382.67017154421336,30.749310612364575,28.173758795533722
564.9599138443127,383.80524269621964,30.280015237489252,28.216742578709887
567.824267966529,384.5453921212969,29.870166093398737,28.421037525285293
570.9571636403691,385.32184357714516,29.66564355217587,28.52292739923336
577.4987178248741,386.2628093822847,29.783088123534533,28.17214899101125
580.5729349750537,387.1264365877866,30.27194382409079,28.232675818563287
583.5437674516306,388.0096508748712,30.74678277718708,28.192733927285843
586.3505723389977,387.8140065283901,31.338969721050226,27.881756701993215
587.8111813215646,386.6950920994902,31.402168002330576,27.68060688776557
588.8608630026663,385.1257200732357,31.663501671148538,27.489574653195675
589.9706516184808,384.23308727002984,32.28651834782924,27.13154258733558
591.0854523841195,383.1088954004825,32.62805662902139,27.181518199599303
591.7189026710755,381.937287997153,33.04053957142108,27.259874045152856
592.4560284657772,380.2376356911116,33.30408858016228,27.583027763070618
592.2064272156847,379.2874316387743,33.796982295638784,27.736585854012368
592.5631898386457,379.4812168534806,33.99067353903182,28.174091885438138
591.7879942391289,379.3618450020757,34.66553062084365,28.468822819681293
592.5675695154547,380.4891608637242,34.432909213432815,28.68170608814455
594.3780748795092,381.63195296096217,34.31437064757057,28.779579554343663
597.0473325972109,382.30407259328416,33.43665156836826,28.73790729485715
599.7880961392891,381.54831326380685,32.73368035426811,28.515294498390304
600.9584905430272,382.41675715045074,32.07065429360278,28.38309858816246
600.5466105034426,384.0154387433987,31.62720269712805,28.199305472533354
600.0879120065197,385.75215010284427,30.772248783648124,27.79024313381491
598.3106172228172,387.1850868639544,30.246761656564658,27.458318271491535
595.6590445193428,388.16463295050374,30.04123196509407,27.104455118511527
592.5215888743605,387.9014042533623,29.881952028099466,26.86972561503982
588.9660313773406,386.34567687786006,30.152554269606313,27.341589149003205
585.7064123028359,384.193736966181,30.2990292617249,27.170578740275115
581.3645776526687,382.5529028050691,30.337469222459646,27.147959152037537
577.8550048192935,382.05294882966706,30.431983770435544,27.00590624354286
573.994434980246,381.9585793191881,30.95279557530087,27.293660679215627
570.4732756933563,382.75862824713727,30.813457311616702,27.152790981314467
567.0385062749654,384.4774743179376,31.431865090659446,27.034290295554776
563.393889906663,385.0002185742919,31.493422866173983,27.58115178894966
561.7622827437164,384.5328532653977,31.16109356909669,28.118519906308933
561.2823976963421,383.9567603820935,30.590658890896016,28.415709408936564
559.6772075001062,384.199876283354,30.587533776852286,28.603136215805733
559.4354129442602,384.8650226702177,30.26202112815688,28.403913936730206
559.0491549793427,385.2403602565527,30.046251337643625,28.406545272124443
558.8691942652158,385.7895464426263,29.82136292617184,28.60493345905922
558.6288843572183,384.6354885740371,29.71878574452429,28.71252200507561
558.6713415172284,383.52021186596704,29.758141029187016,28.857928517224003
558.2311856055481,383.12340879340877,29.65215292054442,29.24758003721077
557.5479113681814,382.8243818641825,29.800748786215728,29.23865297582538
558.7350040417905,383.3769949113931,29.837080416307895,29.173807716937308
559.5543227650329,383.73859404835656,29.714744005703917,29.235728320898183
560.1565108659258,383.08139553677165,29.8398817113506,29.162086470395423
561.9360747420059,382.78704436662116,29.9451168666003,28.877829673733558
563.6785147101622,382.3067843117268,30.120712422765138,28.57183834324519
563.9450448209461,382.6803371885732,30.358425790808298,28.440812396833806
563.4045843784439,383.19326561558375,30.479937796532603,28.306683109531797
564.5842630302242,381.83307363513484,30.850653229712275,28.46927607578546
565.0134154486487,380.2616114918594,30.96110608186222,28.556157929551294
565.8633514842445,377.3906095934791,31.19000252625758,28.57086298973964
565.5770224670575,375.04845707571906,31.080789980912073,28.59669167256808
565.3590642475506,372.2499558498472,30.82903606985113,28.5917210675186
565.8970611607555,369.22282021379255,30.55222513528705,28.78259188033842
567.3527154405979,366.92381025752525,30.891127576044795,28.79232062466003
569.0640912708541,365.3440847549174,30.857270235066665,28.672366036003687
570.6038323224877,364.4740741240092,31.03242775734867,28.66826085872564
571.7107796140148,364.8987916575573,31.026939622658887,28.675685058387337
572.9492234547284,365.76480727947694,31.368839039162353,28.802024595492853
574.4016855827068,367.958579648037,30.945734889712018,29.096285469029432
575.136566825938,368.50202436231393,30.432572354040147,29.32666095498827
575.0346214586078,369.33320083846303,30.343055827328627,29.4018810303008
574.4333466015993,370.2279833094171,30.575934649584127,29.639992670729153
573.4561617673983,372.4003633221925,30.85570204785978,30.159997812414687
572.6246528035674,374.84763088587823,30.999253098537757,30.553727436477466
571.5533652394186,376.3695394949747,30.783485340864456,30.41185175614165
570.9040365042223,378.0649176342042,30.854756575066126,30.519476853949094
570.5370551209115,380.4053452876831,31.055847082070798,30.766467025049273
569.4142452175846,382.95956572960597,31.38454360419412,31.115337771452417
569.2878808341317,384.9323515409644,31.396361930416624,31.4974581805959
568.3319901377685,388.3606544433552,31.238839095314017,31.56638662416644
566.8582141182417,390.5940125086636,30.822193880186674,31.16349896187235
565.2900886242672,393.08835993625763,30.670031105089155,30.622455969782468
564.1004909000909,395.7740690005293,30.51839855432697,30.44924426595221
562.8906314303251,397.6303010709244,30.269619216194336,30.32691355373565
561.1087730220465,398.07703149490806,30.160572923544358,30.538339476016688
559.1833664250303,399.4529777418852,30.158472499489164,30.563447886145706
557.5737285597562,401.3632911896546,29.98313567930185,30.66710926346459
556.4086571608402,403.1146274284517,30.020361463965337,30.60777565687259
554.6574977732209,404.3022314192803,30.20602055025448,30.644178278547937
553.7635299374426,405.98754749486886,30.244569911233604,31.011262802175487
552.0064456391653,407.2966731774273,30.455104579489262,31.028791533112635
551.4807335086681,407.8209960379605,30.68607597154527,31.30533075333797
550.4620766654741,408.7848359978131,30.94316271205622,31.674662924315886
549.3542842378715,410.11490342071096,31.28494943531863,31.965928358518887
547.354598307166,411.1516558244522,31.386304605521765,32.402534882976184
545.7008737517724,412.4553886995974,31.73775934870956,32.84514561736593
544.6087881008793,413.7786228525447,31.70509825112723,33.526644001534805
543.2031723072172,414.21417848641966,31.890617205318673,33.90967907129402
541.4287583119932,415.1853505846829,32.3854050022089,34.1448351227228
539.8211613801806,416.21822655882175,32.57965856203169,34.310704439856536
538.1191202845348,417.8185085982663,32.67586488166481,34.5064881221216
536.9492614159482,418.1012144198044,32.70031696332055,34.90744169720794
534.932182638844,418.6061614170117,32.838779546444265,35.11994288444919
532.5106299068178,418.4820347029503,33.34168172527946,35.04109114804418
530.0869406911182,418.56838274089637,33.54137987408585,35.294243079354146
528.0013421697225,418.4496802993485,33.53685479468487,35.18940148961443
526.6113898005358,417.1187778017079,33.46890944875348,35.37314671621877
523.860729232379,415.97495553910744,33.71756506535272,35.530522429240094
522.1040825428604,413.6814369967989,33.425458788094176,35.92954405288921
520.4123313595886,412.6300945027507,33.71960401695754,35.84108528984123
519.2875559978455,411.5434948573486,34.18262722598608,35.7289807495449
518.9774635245824,410.4589868896676,34.16688175354421,35.81216027438444
519.1298088460027,409.8459213897385,33.73218405232168,35.68461257093453
519.4554325707695,408.1265959402966,33.7027025739717,35.82858692753623
519.8911237938148,406.23547989233094,33.527673146164844,35.93862168154865
521.2484147293507,404.71875706053635,32.93310594260414,35.86575507020495
522.4558661267214,402.0016195190151,32.32259763142913,35.83764831349529
522.3201306150946,398.9480571827853,31.711018689777816,35.67470338680325
522.7639930902119,395.5939717278924,31.68162345288774,35.582356260700436
522.3827529862497,391.94300990512073,31.39821642898547,35.56541126915871
522.7184228139704,388.54585095409686,31.246369459338833,34.77970922033982
523.1951263802849,385.16358067941803,31.03158427685934,34.40542006159806
522.5952880868929,382.32763622974153,30.93034013877474,33.84790975669693
522.2708639745426,379.03581737101473,30.8452524708933,33.289775203947876
521.9523334443054,376.48289440155077,30.726468938319705,32.54891093779768
522.6002123583512,373.770569323165,30.47301669895026,32.20685987310327
522.6063506379115,372.3411082188698,30.193732908117326,31.748507272809924
522.2402270280236,370.1044309921507,30.05974040134962,31.097292787039144
522.0497505662515,368.0531505092581,30.02561569818871,30.273069714280584
522.0118964141947,365.98746239985434,29.883007268465313,29.94333104966525
522.1570159320407,363.7355504743572,29.812191467235767,29.831949135889047
521.8108951450591,361.1490108521522,29.496970539673264,29.633312357807622
521.8386813834987,359.0581298163799,29.386758410422587,29.36530731662021
522.0830399213394,357.8053820189874,29.223444131009714,29.05512932169881
521.6854028548886,356.8770505311608,29.067019424246887,29.205505747783853
522.3289893276786,355.9034022689191,29.022092152800006,29.199016256756735
522.4517010994299,354.0166966946281,29.011932225144133,29.538366831760907
522.9357242868407,353.30150541407124,29.072964810741297,29.970527280218953
522.8931280707187,351.65571497500406,29.241332119853944,30.333077739957314
522.6601343396375,349.17221165991646,29.336223269016692,30.647634762283367
522.4794126063482,346.6462904597588,29.58603023106432,30.712806668519026
522.414599805547,345.049544560833,29.693980393115332,30.86471683566393
522.0041907305533,344.16465434355496,29.809903642780796,30.794329986208083
522.2580511836643,342.6937695880641,29.737716111106792,30.753974453320918
522.1791384317866,341.4175477286388,29.696622780533485,30.62631224756507
522.2428915077678,339.8736895965714,29.687229021294513,30.571566734966538
522.208859508024,339.0711570991968,29.636942202028777,30.649108808153507
522.0136719534381,337.4377809691932,29.561581130656915,30.580296216399766
521.6551894183855,334.12798476958926,29.885707990894705,30.344390778541104
520.9166791944893,331.9538450518187,29.725142560314712,30.114097463990625
520.6706410994476,329.195171579219,29.80450209347486,30.03662724763005
520.1192072632148,327.57121364321046,29.791447672549154,29.92775353071889
519.2796667441551,326.45550114475407,29.783738363569185,29.75840309504497
518.7663830472246,325.1700749774436,29.673174543288177,29.603843776147244
518.106193819488,324.48821999867124,29.72135682509356,29.771134017810617
517.7473951360143,323.97939278534557,29.85493363702145,30.16420955127728
517.5316741322698,323.82744273297476,29.77302933008032,30.24860418204758
517.6029128147431,323.1948339462811,29.744180389837695,30.240969692255792
517.1203967668597,323.04262089776387,29.765249255948422,30.297103879595575
516.9081552099327,323.018943905905,29.588938352487588,30.43438640092051
516.5187618731768,322.68552443185104,29.632503103601834,30.475352379401095
516.7201377563273,322.21682143075395,29.62723566962374,30.584706039657213
516.0429651368372,321.930483105653,29.69076245576898,30.655331217195265
515.4559806143684,322.39452554633414,29.8314036827896,30.701947680799933
514.835658532975,322.2575212385833,29.889537350390476,30.869692159569944
514.731412074677,322.4324616114262,30.041724284814066,30.99714963853347
514.284166158824,322.41426630610755,29.917072415920458,31.107814729513713
514.2300810991579,322.8151782376826,30.01967081319956,31.0892574107057
514.2621779138166,323.8939080214783,30.140631726209165,31.07074747575892
513.8436989434616,324.97551295766357,30.273360133246705,31.360705995569827
513.122052473915,326.1085903631931,30.430763327581435,31.56999168667745
511.8467144979686,328.1186848975475,30.62613789931672,31.12494380945118
510.6855237561927,329.6233171296537,30.38359371224474,30.94554956923787
510.2143726263335,331.2480284229615,30.385910815903863,30.778420493059187
510.15257290325826,332.1248393132143,30.15364970092191,30.719591698469753
508.1911250798976,333.4683858653719,30.026019205522978,30.51707672678399
507.7125869962204,334.43476943583784,29.88155838366522,30.528661855024794
506.1141621310494,335.3490881332094,29.93551050811135,30.469994758094998
505.31447887113876,335.9652005466156,30.15599664634844,30.824445455994272
503.9531642533694,337.66717748378056,30.169437897420625,30.936708336577716
502.5746055525315,339.601310335281,29.857832097344584,31.271504214234696
501.6034139652783,340.6970296111241,29.945973304649836,31.119089538738763
501.1515766768034,341.39151261241983,29.583905341240087,31.178068654097764
501.4672797163434,341.8082742632218,29.273467502659614,30.96003853086139
500.99264507717174,341.63625170008015,29.454461639286897,30.596045327066562
500.0863615050844,341.6587443307022,29.441332911154724,30.375400155978163
499.4357553013559,342.0813317747761,29.49370021820892,30.21844487470663
497.19438228893085,342.27971972501297,29.60186347557245,30.117852053714092
497.1177479949747,342.7586270010783,29.58414161131443,30.038706525097197
496.7404339165664,344.0383052308534,29.549830411327104,29.729535793620148
495.7336652733864,344.1362380515805,29.4566424817753,29.957593525388205
495.90584432135336,343.8487235327285,29.496301823537785,29.868023800103202
495.307870917964,343.6569903155767,29.465003895552393,29.848114549191838
495.52366385427985,342.72758988270743,29.52392032079894,29.544098413587555
495.67558802709226,343.3164575420683,29.568841759147844,29.171999620019974
495.4252086378453,343.3019068274217,29.465723887308446,28.906552925238227
495.157532492214,342.61560173663594,29.394837753792995,29.062460287939178
495.0133670759596,342.9585805271819,29.101900514173508,28.682582094512064
495.28339492923556,342.24178574499115,28.821821194645466,28.741633475681276
495.1409646954931,342.01300487708744,28.708630161810028,28.680790489274965
495.38166267286334,341.94874468192296,28.73143591729369,28.599526148335062
494.6637743029537,341.32703252820454,28.804791382927732,28.639522902594955
495.2652891499194,340.54905350916835,28.58437137823204,28.621054051247782
494.79477228865835,340.239144651735,28.42111211197697,28.515615382695515
494.4180443421212,339.88975053258287,28.454746611561426,28.5143451607641
495.1415761790247,339.22040828733986,28.40499116815458,28.386227173413538
494.85317471299874,339.13950438316857,28.28780637304128,28.507871423779648
495.50228609290303,339.08942426097997,28.309650542096147,28.566508893311443
495.42532348948265,338.3443065330747,28.44315783700506,28.808296334862714
