335.5,466.5,128,89
332.38633062071574,466.76096005909255,128.38383194551918,88.1002031232395
332.2391291039381,466.88827161102404,128.9847421194724,87.59550590100072
332.25617828580414,467.02629302277785,129.48749963218614,87.17482148439439
332.4001961314938,467.0332542344989,129.70776651019625,86.96102553902831
332.5153614422533,467.13274359671453,129.9539112168842,86.66571334812679
332.5014393367519,467.8585979588667,129.9835580433592,86.53772507899217
332.112238398589,467.80055499037826,130.0661816689907,86.84496548104836
331.7305639491156,467.72530089245356,130.18498823147354,87.0932070478575
331.59612122437534,467.2281905153125,130.6721680034448,87.4556110573352
331.6389638693738,467.69918832021966,130.61501772187836,87.40263970518086
331.9974389111038,467.9147985181638,130.07017518593983,87.18622385433747
331.7937747275139,468.1102724958108,129.66590262958147,86.98182806598224
331.60866434465277,467.9820701815692,129.42160791192438,86.7719084246938
332.0639397188528,467.95515361931666,129.4779945862767,86.82477121940059
332.7170617573687,467.9485737208617,129.80850430677611,86.80261806942477
332.11337281242396,468.2330721281262,129.9508238461025,86.64399723741867
331.9677393182319,467.06637425624456,130.6270824802996,87.04515833629222
331.79009622329363,466.84086873110704,130.51024159021242,87.10057458108815
331.2446365377262,466.9494954447729,130.87695779200146,87.47227667534008
330.98647272154557,466.5416860984465,131.27688431824353,87.73552929009286
330.8149958781556,465.4843925761576,131.5882055369191,87.86226614546172
331.23161306665895,464.5567262999027,131.4449783696903,88.26552691204466
330.35329594798907,466.24242824165435,131.5086590204516,88.91727490308352
329.395777524094,467.80877145802594,132.08764404653306,89.29542244899329
328.15524900918285,469.1101642235301,132.60337810501136,89.60425729647933
327.6943118522982,470.39557134813424,132.40755672957934,89.74772365258723
327.75759964245924,471.32462692236726,132.1527116258751,89.75383872615942
327.0610136327528,474.35513915645134,132.08087240623615,89.01996746386284
324.3143422711683,476.8626652256583,132.1403696093856,88.32860860090061
324.9218927278648,476.6069150748775,132.22491042439384,88.33553770304502
324.1607996312008,478.56019964163755,132.56852253248616,88.24418248821088
324.146678829842,479.0641364114842,132.62599592193175,88.27895797920303
323.8822179715727,480.3679709893678,132.62189577119506,88.21793827946001
322.91242060535285,480.86399969627615,133.02803727754537,88.56003642518303
323.98461524861955,480.43010215702486,133.23974974233948,88.78381553583966
322.7047583431513,479.8638057019384,134.10116402610765,88.98338415878877
324.2854060634325,478.6293813444611,134.52866543956443,88.9056840303597
323.93593027532154,477.40176599204426,134.79493241543315,89.11082151352895
325.57857413494395,476.4352715968427,134.7967240304473,89.58512311769086
326.79451470266304,474.21784251489976,134.2592406306049,89.52500809889857
327.4159077247237,472.85689567199256,133.38709781477598,89.76836708622662
328.35338993219364,471.82527532018895,132.8278569382349,89.67417213423991
329.4772263838065,469.7173184317735,132.55517893285148,89.71002170971592
330.7859979770481,467.90549160290897,132.51497420347582,90.0460188218059
331.4818044858366,466.15664530532484,132.8294145620967,90.20045279766563
332.3308480504011,464.3317608397151,132.98467461524163,89.97887644728421
332.9017402079425,463.42122655122114,132.9163384813111,89.61310520531768
333.8321449648646,462.49545452277357,132.75060269125993,89.21784693219576
333.8712483283017,460.8156471166624,132.55038390052476,88.93433001147736
334.40762251259395,460.7108310238534,132.649865298786,89.02388768652102
334.33879329249066,459.8398337134833,132.6502445116166,88.84426694509389
334.13501546711666,459.3100189446236,132.81927568071046,88.7672394832253
334.0072039639467,458.5179778109685,132.90802725856065,88.96448212231584
334.82528234880755,458.7200943550962,132.95210897417527,88.93258813370613
334.60029349478856,459.30709168831993,133.12918568362093,89.04573884346402
332.7047652029393,460.51459132054447,132.92935629434268,89.40895403366588
332.7500314078978,461.4183920821522,133.0204839703423,89.58322137355614
332.5370449970008,463.05696612418114,133.13743427612405,89.7100463920678
331.5628268341761,464.3208951466768,133.53864608013652,90.08568222830212
330.89832496838886,465.4731034336687,133.79141058346238,90.22273055528876
329.7662013425979,466.9545440579814,134.00581619266447,90.29567002924333
329.36527081571126,467.9432237174999,134.37395594249796,90.34339115263492
327.4152409462801,470.00615508877877,133.87302424154097,90.3024578763248
328.1467902923937,471.21482192000946,133.9481595447515,90.41114593284229
327.6465285821524,473.17209732283766,133.8638538732082,90.00244401176838
327.4451447062623,474.98698616822065,133.27734074549096,89.8850512125124
327.38258584736,476.59624919585656,132.64809361515864,89.67354229286076
326.88299469436816,477.800945666813,132.29734170082827,89.31590191823912
325.0430162686798,480.77478140527444,131.86660509746253,88.31234798739771
326.14921348638546,481.5931695978305,132.73639283101184,88.04242352813549
323.0384232628255,481.78088715139717,133.36910847481752,87.83426797739584
323.77633872770855,483.8390730217933,134.2435935927199,87.69874168795857
322.5637835675833,483.75866149048704,134.86650013851823,88.05657255568012
322.7202325559981,483.9622128410502,135.46874106196856,88.09654677124846
322.48340189831913,483.8408893975486,135.9605869963509,88.32330084713206
323.16246086274987,483.1953993901549,136.30583296290564,88.53810469538509
324.38637401224713,483.4562773166022,136.41615457116825,88.89308518539733
325.1800675581266,482.59027662455,136.81952697132976,88.9910426375408
325.36969307102066,481.7167239056815,136.88146809565765,89.25054000013583
326.5268239795721,479.70995921814864,137.04747141908823,89.75303202550064
326.66723695834,478.29600217722066,137.11325600766438,90.09543313547853
326.8300566013926,476.6873661689314,136.7753269190155,90.56989371063547
327.58169560041085,475.79248368428495,136.54844245373187,90.40923090931385
328.789542584065,474.1385244969087,136.28317320528055,90.17240574616346
330.29318637391435,472.2919181748631,136.15872339795112,89.91232673566782
330.9612734440082,470.43918404585406,135.88062921572543,89.98031592683725
331.41498617422883,469.0972958762927,135.34447587218372,89.71495672404399
332.1226341783424,467.8612723732811,134.79723365786361,89.65435540510079
333.402132884603,466.0993012420731,134.37017255706428,89.60432758809469
333.48034845309866,464.86767564124204,134.09616308496663,90.0145473452074
334.23588763561844,464.25437917430537,133.60908488777372,90.00406447341666
334.29192061214894,463.7163733461564,133.54216987781325,90.35552874354511
334.46503177439354,462.79251353919545,133.7521571771377,90.43266651599825
334.46333669885547,462.2472222933558,133.74853172508492,90.3620892538782
334.33542652257506,462.8907923060306,133.88419061134528,90.35420044637053
333.92569531120876,463.03105800774324,134.14431714664576,90.59957912242453
333.7109261913889,464.39705486803484,134.42812018206564,90.42160032302974
333.4810482194807,465.0759408173419,134.65498304636282,90.56870837589261
333.4625768776242,466.8234539291641,134.89104069348804,90.5331188072928
333.0964802634079,468.1784342586973,135.26536873737513,90.82527697413892
332.0492157822385,470.50974001546933,135.10365590131315,90.70955047417515
330.5695205921745,471.99657565505197,135.1842792678912,90.51509953764588
331.4105537035669,474.39285826918086,134.70798604105525,90.73520768737885
329.77296611950544,475.8320075279328,134.48702907378703,90.49893940898033
329.2639669627705,477.57547525855244,134.2619172073558,90.15011196280136
329.817797863418,479.4987961075688,133.7436685721069,90.0970865596295
328.1348630187449,480.8952347320544,133.33864707187792,89.32983692372586
327.95522152246497,482.86606556330406,132.96937378907003,88.59560991546243
326.9343401259533,485.6728396028881,132.8724751975108,87.79102179723193
326.7530603904587,485.4273679765517,132.95326065426545,87.3948287097634
325.7711561474478,486.7881361271243,133.0395219953974,87.15321136537483
325.4465256110308,487.32930210443146,133.12210484223743,86.7995177021194
325.41858592542235,487.1790155345029,133.973803495986,86.94715484532475
325.96053515102244,487.1673109724716,134.48692590927243,87.28547539450103
326.8105747924981,486.9604177756513,134.71956156543862,87.75493645654316
325.81247212761974,486.8350911268644,135.4949808005298,88.04597166998434
326.23228916917816,485.3847357384799,135.9326979775982,88.23756479576764
326.80019911406714,484.0894668170016,135.83406852513707,88.11182646990102
326.80987244300803,483.072505344838,135.8312836250285,88.30485864903805
328.3373109788346,481.10906412426164,135.7034170895692,88.63968505419531
328.4274116362202,479.96639466843766,135.79778892209487,89.01842182160192
329.1384980323755,478.2013233440378,136.58926301851724,89.31955388843137
329.23009363189334,475.87465666668885,136.63291803759066,89.61070414910466
329.629777389669,473.68099805455955,136.21450067491338,89.82828880271505
330.27146067434535,471.0916281245377,135.67680066907155,89.73403462131594
331.0805567346158,471.0971372692994,135.17084957826998,89.69179164514004
331.44979917884075,468.8975911853888,134.97282551478656,89.82033356195413
332.24590971568125,467.7231495827367,134.6064822029464,90.04764021963572
332.76952149523703,466.7586168003271,134.30409992143416,90.23774063076078
333.3192862993192,466.5294858264979,134.32504083710404,90.20007274119236
333.9502982257382,465.73395334282577,134.1576802466333,90.32836259733818
334.3915020223759,466.2657513888106,134.24188421751722,90.19711177647906
334.3509222785126,466.27473798391725,133.9449141633699,90.10817503963204
334.7447195344457,466.8146821710424,133.66411154117125,89.84086397260587
333.7564452193784,467.035138979671,133.6857942388413,89.72060325747512
334.25699825731743,469.0060509757551,134.01001436726315,89.98246502580488
332.9116244482377,470.2536667570835,134.16343636477134,89.86705047212025
333.3395545224654,470.57260334856824,134.32981208667732,89.98263561024532
332.86252890443086,472.35488253399296,134.04798497439583,89.69514442384417
332.8368161994921,474.04251780480325,133.6381214254854,89.43978436081548
333.38217049443483,475.4663551212415,132.93973871374328,89.06680564888313
334.0636130433936,476.93582280124883,133.18438409048855,89.55651780702641
332.252078445188,477.87586930337994,133.96466864372655,89.4609107389291
332.00343836266376,479.25898664193795,134.4190609609044,89.48311867350745
332.36305676627546,479.5760689780633,134.44212794234292,89.31946087796388
331.63973804487586,480.55506860955893,135.05783968209346,88.95782337129735
332.31999460872476,480.57207631009817,135.39365769777487,89.01732556425821
331.4883258611287,480.9234221823126,135.68190387865113,88.8010959658732
330.9821821081527,481.324024803078,135.9570967438714,88.71937058321768
331.06521054008147,481.17318847853426,135.87993108818563,88.66366260371935
329.9641410170967,481.61411394127634,135.9545514802855,88.67984905225477
331.0283886375845,480.8516421833261,135.21519028872555,88.61722202009771
330.98548428309476,480.5635134961068,135.1650566578079,88.84965679607899
330.8477406535927,479.9645031183625,135.4975755482817,88.81285468226685
331.3241500238662,479.30879261158265,135.4716881889604,88.95920563891119
330.84958055866946,478.48574418413364,135.51005372286178,89.28528217577781
331.0913615749566,477.17557636293145,135.2500165438747,89.66728101665336
331.23026587480604,476.23178556566523,135.11716113545617,89.73366832007093
332.02259693643475,475.20515809757495,134.80373590871358,89.75699743303983
333.0066740828006,474.1285428609558,134.52236826759332,89.66072286324834
332.1569390923296,474.203216837224,135.14635385350812,89.58698707574578
331.69529154717134,473.38626357230504,135.1244909986686,89.18927214943747
332.3347449021786,472.4412823969889,134.65567977767907,89.29135086073407
332.1207170609625,470.5024790051197,134.6102198601453,89.14019721127546
333.0790627799887,469.31092918525445,134.20642054912994,89.13175274738354
333.69639016020653,468.0390188781438,133.8465671860178,89.47256280252284
334.3603699535597,467.3385267127435,133.7318147249752,89.5411415661542
334.23577334801735,466.44672420506384,133.22952711826525,89.6640212263652
334.6128745832864,466.5006250887957,133.04609789163118,89.64115699412784
334.93278391093395,466.4847861336638,132.89554166819605,89.39150238176089
334.90147314405334,466.1227161363387,132.63117328301004,89.3407020048978
334.97530542820914,466.6653731518534,132.51804794859166,89.38479132660581
335.20806839776844,466.7890037265239,132.59312916384238,89.65402778926435
335.29242944781913,467.26398552567485,132.85788723709038,89.6954364186312
334.1145695508769,468.2278932386577,133.1360075055232,89.51470346451299
334.6429155459475,468.60154126434327,133.2709229906627,89.65045523227951
334.9334811900441,469.45747556865115,133.5479662649237,89.81748500585053
334.9493904488823,468.8715553802597,133.25625906845823,90.25661257736238
334.4494097304637,469.02025454488864,133.51149927145065,90.32464025203734
334.32553096808306,469.8528789995777,133.8567034837315,90.3872604956821
333.4123613283141,470.5321592668897,134.20477330545233,90.47210737740173
332.2478784151011,471.2079685484666,134.69981722254596,90.52613740338214
333.5073362941325,471.077412216761,134.90523427393154,90.79611298317349
334.1675536239551,472.60580304652717,134.2483262089252,90.47837575151284
334.8727034450294,473.2466253987,133.88083641079362,90.26269348098216
335.1616359472684,473.62456989438465,133.16291732940556,90.01223626089131
335.48923454872624,473.7469926093067,132.62933517871303,89.80952061959498
335.4973090001572,473.46994054258056,132.24289772499742,89.75843298583155
335.502657847741,473.630677934182,132.16655383590827,89.56209708145089
335.404076104135,474.1267418395863,131.9643155987817,89.57805404465972
336.04480530783076,473.34410682496014,131.70438805801314,89.49887400543818
336.35425541218245,473.00087949674077,131.36366195161614,89.5239452118457
335.38405005898875,473.7005486317438,131.3899342216861,89.1107378350701
335.98219588276476,473.71647164799555,131.4817763145592,89.01391014082961
336.0991890182504,473.57325481652475,131.2712516331776,89.24231640220466
336.08702211614394,473.6246332276723,131.08375643071858,89.24342095655277
336.0660223432842,473.20734958321924,130.98400184094857,89.44388375517875
335.6336691523597,473.02609535682205,130.95466358511763,89.50947688543086
336.06972235735697,473.1919037773485,130.99686810728244,89.5197069872796
335.38435026748965,473.13113418724697,130.99227850100635,89.64388883207536
335.4508207789503,473.2069467362689,131.21128481547407,89.57192099808537
335.9059884655162,473.3211260312483,131.29807721371986,89.47211356345528
335.4827441048995,473.4411984650752,131.5037083576293,89.54500871388318
335.53209242502464,473.30240675798495,131.2663394847512,89.5782881416335
335.86865566198776,473.3784464689826,131.52817468742256,89.54071034493762
336.2781054174262,472.960521201567,131.41615491153854,89.69256181818434
336.1939240803698,473.32567191126054,131.57261095156656,89.68272033684657
336.2644213926431,472.9996331331329,131.53586647495862,89.71615198665353
335.2331490912736,473.2340067344885,131.74610995693956,89.71548113224702
335.70727592589145,472.9886242185414,131.75728722070255,89.65266629725508
335.5304142484438,472.5838106624794,131.81461867124378,89.70409228709526
335.61662991011303,472.6822358489849,132.11730589558329,89.94457502107895
335.24612428072294,472.48835840801473,132.1875043091334,89.92543915308784
334.9564230130645,472.2146740030755,132.16431026346802,89.9221105767015
334.73838983650495,471.8705640356999,132.04031647311635,89.8953535450716
334.75114407753034,472.1091540623382,132.11083956746063,89.67307767256023
333.8903612819571,472.27632655248544,132.49487847956811,89.55976757671849
334.4865066360461,471.7545422971566,132.0549013256771,89.70137726417215
333.6083524616862,472.15835671382195,132.42736267618216,89.36601564132502
334.7890227747241,471.57740338539656,132.18857063027602,89.80575862096019
334.4369069068602,471.6400528693838,132.69170110760672,89.668991141911
333.86043649267833,471.76307935680757,133.2709677936097,89.51697714528251
333.7405623669953,471.1901929189754,133.6447852493063,89.49277187916212
332.6099124484913,471.2829750609793,133.6135164026901,89.90753532533319
332.41530327467825,470.3535781229421,133.7364046571707,90.67942121858133
332.2792895653396,469.40866961083714,133.7468538736005,91.43331092326451
331.42690233922485,469.2608352295327,133.778300879846,91.57853339013525
333.6240569379793,470.0203528920839,133.01115938405832,91.99239503673536
334.99853109932997,469.99452962257453,131.67080054366443,92.18741996761602
338.06163896697785,470.4577809967993,129.95461421968457,92.17469260359266
338.22667215734003,471.06843702064685,128.92112499455027,92.26056525209506
339.91242533144015,471.7783586747598,127.57678477450864,91.80108509351214
342.9587776336673,472.19324933105656,125.84140238608822,91.2942028840832
345.18606357011777,473.1033262589531,123.90834230632386,90.50358527554357
348.97699403522296,473.42527255683177,121.43950656455954,89.89419889643145
348.90988246354846,473.93173985420054,119.80906505794518,89.56574216738993
350.28844644159267,472.96139767466224,118.51944184161812,89.55131538049326
349.82764687131083,472.98987295951525,117.79111956494546,89.36650220831498
351.75681259335516,472.7734386460099,117.00157331143907,89.33457238485569
351.41781712622776,473.47490766497424,116.8025346479346,89.24720708557449
351.3516822430231,473.14103610864186,116.41356590850364,89.3941669526757
352.0658834331315,473.16968834985784,116.18279667552659,89.38185609806024
352.74871504178685,473.02847898299837,114.32608241017542,90.07386039710775
355.07835393613163,471.7381176878905,112.76805407789146,90.41283322383475
354.7451168487455,472.4256965468825,112.5136030526782,90.49459529516501
355.2473740397553,471.9847269756118,111.84265986626109,90.69382891612287
355.3445733939777,472.1734346410684,110.71510061437444,90.6887425818679
356.98954018092854,472.3029343854324,109.80262370551185,90.69226105201939
357.9868819081682,472.56604497932204,109.25535441080737,90.58304188650649
358.2577875747591,472.27753379988707,108.83089020631488,90.38740553966508
359.43945752994864,472.4878118065045,108.65433027182691,90.2480153944741
360.7294097375077,472.15430324689214,108.51627294266159,90.46572149570878
361.91598490074875,472.7535983737937,109.08332270658778,90.34112730895278
364.6297692864937,472.9132112691329,109.04719098877825,90.34999996440509
366.62472055971324,472.41648949674703,108.91683915683204,90.38530009610994
370.4307153447638,472.13830420472163,108.74299379373156,90.46669515382789
375.9600595480937,471.8822889932402,108.32581444316317,90.50071402827169
381.8494463093616,472.31449038584987,107.70832155264637,90.13338382052885
386.9132606250841,472.92061849444497,107.43074098638692,89.83215336589654
393.2715852335802,473.9429581863067,107.87041806334001,89.56412655671224
398.6137725466109,473.99177151229134,108.94127910927563,89.16177202259618
407.72594339939667,472.86650347510215,108.74419150831844,89.16047084340403
415.3336827034729,475.35599173693697,109.98753515053215,87.97289594441389
425.9521273946904,476.2536292917935,110.2741652840883,87.6681819623635
436.0612474514545,476.3830371290071,109.65233210720562,87.60038807307635
446.19962310124157,477.3517294436906,107.7838316163474,87.42872869872194
460.2935695593595,476.97819517938274,105.72918798294839,87.33574682803413
473.0952487546684,476.78435817064286,103.7234228998258,86.84230868721548
481.5002446902101,475.408022855858,101.75243840636689,87.32842257697806
489.37206828410757,476.27704304098665,100.43496633606458,87.71233760146559
497.0149429916413,476.2580932363337,99.17072609152939,88.13296501257122
502.7606925899419,476.27169327081094,99.52761747415177,88.20364538158698
510.6619472026009,477.43668051083506,100.9579363890926,87.83702179360566
513.4685272195769,476.8535251935927,104.52102490555563,87.619677833669
514.8024099692954,491.1705244701031,114.87958463194883,80.45992435205942
507.904412206356,488.8898601571599,120.17280496556663,77.2474197031045
489.961103810309,480.94420885717454,115.31805823227013,80.11188113943984
480.12333803905307,478.9691810643635,110.55506171386887,83.11651127426012
473.1734438949498,477.05432152364,107.31424216821313,84.89224666735268
466.606682458147,476.27025340644116,105.116539646616,86.15152516277867
458.56552148347544,475.84643877939106,103.19092321094942,87.28053822930629
449.2828440913821,475.3833870417046,101.93822188856865,88.01035608434749
439.4658249152156,475.18391680946536,101.39803920208342,88.94437942550823
428.8726738106553,474.2373903926095,101.82894742927046,89.39346348633178
418.2247318737561,473.5836032852896,102.91690359921128,90.13784271081352
407.83459458099543,471.63478191439066,104.57397490714479,91.34500975032566
396.4773164199975,470.572882996213,105.45297138416997,93.12951693798203
386.3789007390949,468.931124468569,105.81731182495471,94.80719247582165
377.2591913250968,467.410865492552,105.29604187121252,96.52194601020747
368.6636003380337,465.5150794202653,104.83973048291202,97.28973947779407
360.03031667135036,464.2974978324303,104.03688749218202,97.02335431552775
353.74542095342474,463.12064161005753,104.0816354404844,96.33544364473366
350.32631262587336,459.5573391018829,103.96283562753914,95.76661599811902
345.52768927548846,453.04740293844947,104.38109959362868,95.88199880777404
341.7732666624479,445.6552832700499,106.53100994040686,95.4070542609062
343.4568921920303,434.86100893002197,107.84141648545959,95.54213271085948
345.57431439243044,421.14581569227556,108.14238493942611,95.18523814997539
342.17243563306033,413.7206510840365,109.56632449551991,97.08310707745207
314.9938215000985,371.19847485611507,110.31374670065257,99.77109051474017
323.2549951555583,358.1416724360626,117.61719551705238,95.07101661339004
326.64139081900765,361.3495582496367,116.98839804467623,100.7453481356559
341.4460426247192,360.88198238512143,114.9106610531262,111.99418814288468
363.8905436334392,352.34412136634205,113.69227137089122,119.79643930184243
379.9221772293959,343.14066777624174,115.89713924977862,125.2907993705318
394.02805630091456,336.875892514289,119.88419549883125,130.17848177996586
407.1368405614874,331.1129516551975,124.51564888930656,133.99323049491397
421.57805684911,322.61304716895313,129.00698798154184,135.40130839593053
444.2146605222445,303.8851838340635,130.16759182301703,131.07834091287768
460.9343747993245,304.9254530299227,133.33909466534143,127.43539705412594
474.4695462428548,290.51617814607357,134.12541262117634,123.88435606254694
485.11371978784996,289.22491192267364,135.27956659930118,121.05470188672709
502.4388677429831,287.9693463880302,135.0235654278044,118.63903604286708
514.5129275841589,287.2602268948892,135.6563295345153,115.2298123559618
521.2341543898422,289.0074733820184,141.19226375579044,109.43619990919963
535.4206145296841,289.003031715299,147.81766119461227,103.59161816237726
546.2026224913421,286.38878553090524,152.15969499968986,99.86190816910431
556.3808118188538,288.0337197976635,153.8873083490613,96.83551725905042
564.0937842756409,284.98615333034735,153.66847860882672,95.30223317860705
573.5801488438142,282.960075910133,152.11603755841776,93.85997702736705
578.4693349526269,282.067228258608,150.5278632854334,92.64452053026139
581.4156769500783,282.14241813452145,149.07569147085894,91.46161655033852
584.5340597908239,284.6527880645249,147.162460754883,88.86927816051596
589.0041909943825,283.8184059482445,144.02967915983842,87.15931066547664
591.9317204731299,285.8731624292841,141.8337297947815,84.86234431422969
590.2918200691003,287.26610108596327,139.70681807079725,82.0064077163034
600.2940821240263,286.12694010383177,136.62262973059853,80.8235411258027
604.2808353669707,281.47613955724694,134.06650071663353,82.1080228113185
606.9460454243482,280.4823153871609,133.99711032218482,82.93904516539135
610.3986366376126,277.7506119852351,132.37426031600506,84.02553460702983
612.6980440787909,274.2244219029924,131.75267645934434,84.8471241564334
611.2325329899079,270.66111538627814,130.5933661290233,85.65054268607776
614.0820851774522,267.7894734797496,130.66850844659206,86.34590245738688
610.3411011776658,261.9613559017363,123.94991015435579,89.29370350849402
610.7812436305244,257.1298758361307,118.29117142173426,91.81761887804744
616.0638446717683,257.1251948047857,115.04326107584934,92.27185481015653
616.9990289752632,255.60866131502348,111.86624111502356,92.5566348271718
620.6877501074855,256.5868469499834,110.4150612292716,92.08442409974006
625.1433354789692,257.2700470827851,109.58583876663843,91.94350403299691
634.3846411588584,261.5246369239958,108.3168561757812,90.53756531737234
640.4078663367893,262.8900268077647,106.75045209219695,89.56381913633658
640.9836268601468,262.78580668766966,106.12795975918515,88.39665701198662
638.2245449368735,262.4258204330658,105.38568659401318,87.67403892690261
637.6279952619923,260.51141081463663,104.50527601221117,87.33690452759147
639.8535076471644,259.0650933699025,102.18691496867368,87.71083428743637
642.6675985197356,259.1915338747712,99.79786324367278,87.77230471717499
645.1070960417793,258.7530441285601,97.7998811161504,88.04901805101642
646.3572670141264,259.1355440256338,96.82155951142192,87.6900847341677
647.1562720704932,259.451380954778,96.06016412666234,87.35805007108311
646.9600757775677,258.2759923668746,95.54713378656425,87.39866684840663
648.0708240265722,258.50821398593615,94.36500865982453,87.37079714548747
649.9847726406052,258.6059109091347,93.11181321779969,87.79790193056773
650.9641391890101,257.3015662783215,92.33924354643554,88.35394813150998
653.4855824986776,256.87068325301345,91.47115207785728,88.89332711266223
653.183853420211,255.64934023655326,91.61644303947044,89.11546380056618
653.9030399174974,255.326487063645,91.74319622554646,89.29249074808445
654.2797271829739,254.90884376607704,92.07079305479985,89.71105483693566
657.3873829933467,254.08101626055094,91.67325906772126,90.34235074097035
657.8921445796121,253.87928917688765,91.98917034152541,91.01644608618963
658.4746451777202,254.11644736061055,92.28076742716955,91.51498784967563
660.4937686854731,252.99181645475224,92.20255835836468,92.00670228285225
661.6627602448998,253.49528492330154,92.08772072443577,92.07427353590867
662.5744383987355,253.49473097612463,92.28613012568749,92.33552471029179
664.4025984919673,253.41896660784914,92.16092141802966,92.58604767955694
666.6453798267644,253.12200581640906,91.7696285009379,92.98670437570027
667.9664716814873,253.2105291548958,91.80757694214218,93.66057366714489
670.5436092253464,252.94895728003377,91.9534784749073,94.18134180413506
669.4636319156523,252.86749669540418,92.23647102859873,94.56320524307712
669.1642106454199,253.50200460969302,92.59805462812847,95.30319400739498
669.6939968274843,253.80201031569428,92.80988867612433,96.35412527861234
668.7920849607076,255.57366268073582,93.42166648263003,97.08629223584616
669.8377280533034,256.09708457149156,93.60258016659427,98.48860283131825
671.3322298582254,257.4566963948733,94.85669961125447,99.56177072317482
671.9666113265463,259.74941571020497,97.54646257068518,100.32880392097218
671.0463979729899,262.60526001377696,103.0263248075068,100.93835430842661
671.3300184853426,267.4056482278314,107.82878945983373,100.48749071448518
669.9499305010714,275.30218953409263,113.43793655683997,98.44875304214824
668.7958895119434,293.64227970615343,119.79100573678679,91.93760765591247
670.2228168646959,297.94166116307747,123.44331129052864,90.45916029382215
672.5596743354295,303.0547446046176,126.59922767764428,90.68441324106418
675.6663966807955,317.9119130540012,126.37019327286173,94.40449025220906
681.0648041705796,326.3110087662103,125.51822921492459,97.00727119412386
685.8506170742061,342.55702197502626,124.00141107063544,101.75959139514433
695.3045577630946,353.752151421364,122.77022837755055,107.52663726626282
704.9009577431461,359.9473724675935,121.74312742257459,113.47013377243664
713.6057409061168,366.1279947273155,121.30048385664304,118.90888849005303
722.3334181380947,371.69001910170704,121.30637588316597,122.95744525579642
719.2194521305307,375.4428998465942,120.04856819034688,125.79145408309975
727.3015155645124,382.52889328364904,119.89367098241769,127.38045544446362
726.8747300303195,386.1439628241461,118.33517201486919,128.74844658960473
735.4237531155559,397.0814533758844,117.61553427640314,128.39307303007354
743.1890071519321,401.57290810289004,116.37563556339204,129.92030208772
748.5259941734821,407.56030308864365,115.86837046652002,129.60561305310245
