399.5,186.5,445,119
399.1934146153004,188.69863962122696,437.1050182845054,128.2326674662253
406.81491287113175,186.27367574604278,436.1777003693393,134.04487316544999
408.7122977362553,183.30900195986698,434.7399858263174,137.7006237357722
408.29562887633597,180.90050130307614,435.76321735809734,140.93649025321128
406.71426224925074,180.98921367534422,439.2427470342725,142.83732020838218
408.9844592242104,176.95221313057215,437.4793713929927,145.31498254899438
407.71723247351014,175.15127493166088,437.4094872021325,147.2784910555053
404.74219734193474,174.26512912818686,439.47142107841194,149.5337260482928
403.6707540762129,172.5502528093838,441.407993284523,149.80389464048875
403.2511923390618,173.30225969774796,444.43953318834485,149.80687201175544
403.18389960764375,172.7638880124154,447.53394106748647,150.5874623734827
401.318850966892,171.2653075256228,451.98984530051285,149.93714715077883
398.53160234850276,170.50513793840156,454.0795796302631,149.51830261321572
396.4284317044427,169.76169462345842,453.91182881633245,150.89319039448492
394.17502213149055,167.01241832467758,452.9472505623343,152.40115098917792
392.12024581614537,167.65618161686947,455.4588601254741,154.07719213855881
391.8906692995877,167.5156745696333,457.767024579793,155.1970398035115
387.63161555401143,167.98896720480045,459.6057325805891,156.39677201517185
387.2118435236762,167.11192350656893,462.1645692819457,157.03773790208285
385.1522042184299,170.17327874794847,465.8836790265191,156.46745566486825
387.3051571160384,170.71898165248152,466.6329409063204,156.43461153850325
363.60630417245727,166.46621079772447,466.49961423122676,160.28038848132422
372.2567549650837,167.03415081127687,468.3326047053001,158.90689565540941
348.22844927118723,167.83668422961412,467.81099191096416,158.75839658301715
361.5829443724634,168.32459694893214,470.40036825504274,159.19181258229312
369.22885770398864,171.57567497611012,468.253120525708,159.27657821983166
373.011540110831,175.1192170957023,464.4366399130731,158.90873130822297
378.5251225598346,178.67261057096206,461.66711966838625,160.67765770609213
384.2257930841712,179.38250803807654,457.69776828951285,162.42190214526104
361.5463874775449,181.5642812121061,459.9869155013006,162.3650216945713
379.09684035798625,185.7270741940617,461.07706503826944,161.99086175986542
390.93204888381695,188.9028539726716,456.3359311286979,160.16121334690217
415.4962234422665,192.63258614138772,448.9849639087714,157.47776524482148
417.59613405437926,194.43370124137448,445.06144692954103,155.97300246733332
418.0775266926506,196.92927769074635,441.202929727034,154.92586435626356
420.1023687061451,197.11744674090752,437.52582193676983,155.32653914055805
421.5720126657193,197.53272948644474,434.23000743418834,155.2832964091119
428.3130753876441,197.90886675955494,429.2068902071966,155.72419455614408
432.5837183302353,198.68101235662044,423.95769092327157,155.42199179909346
436.63336332346773,200.09556155300862,420.47948038169187,155.8158555473541
447.4255262950408,194.99099985046922,401.3620490651632,168.89097435953735
451.58994139290303,192.15796520706215,388.1053533642202,176.72052702762292
455.7816877432958,190.90464189269647,378.45566226675203,181.5596967638829
461.02275541371984,190.4404943864331,373.887857885224,183.89145144456916
464.8634726712961,190.9595216722605,368.2074571530304,184.55947826329518
471.90492195579054,190.2972544121647,366.5200244348717,185.67271041365382
471.42241168680897,189.46009087058866,363.7078652548172,186.12637931370804
475.32270377427426,191.09741171153885,364.538774648307,186.6500431432823
477.4210080053009,190.17953271738904,363.64068317500806,185.91065779433217
492.7910936189266,192.99129973949735,363.7281982575711,185.85593373623004
482.2517611731717,192.1955802844186,362.9381726583582,188.02657672887656
486.3269057343065,194.36874424912082,365.83378197358866,186.7366610194733
492.45675005402563,193.74221648273488,364.34855603404054,185.9661822543021
511.2819393414535,195.34085879549826,364.6419907831594,185.32848749159882
505.0137223180878,195.90109414490558,362.295920366695,188.66123000765842
509.1078597326149,198.48080573249467,364.7372565529606,188.27461824529158
508.4893995678306,197.8971946596185,367.36973488214005,188.43213294017718
517.1256576474432,201.90978277910216,370.22089502296376,187.77732708924088
518.7559924423998,200.4201038902333,368.78590044373163,188.83291563136768
529.117256780585,205.8495138666593,368.83967601235634,188.0891526700928
531.3594964317105,204.35264711557213,366.4247353033977,189.40664811226958
538.6013907329428,209.91088020015619,366.3871146467947,189.30294496647792
541.7615024069273,208.16537689312617,364.23099289947277,189.64723498584192
549.5191452044753,213.1748586737294,364.0323424362127,189.94579919563154
552.7150554707099,212.15574177876707,360.97215213369356,189.68102228342303
560.4394206933018,214.15192944697557,361.7543348507412,189.6340462313688
561.5280615444522,214.32562668541487,361.57918413370055,189.56275995980866
569.6283351983762,215.17980193474085,358.79805229979024,190.44187284006296
573.235204215066,214.0060157046024,356.9943637048874,190.67295302891654
581.376010159569,215.90022402668083,357.5165657502076,189.96999514025282
584.7927719926729,215.7838524068895,356.8093948710175,189.63106176793514
594.379080755486,216.4031706334602,355.92305130169007,189.2053662699558
598.3974155024041,214.62189771191322,356.76755780272686,188.70494099793746
606.9853168278643,217.58379203862643,356.4463312626465,187.45152578429983
607.8244173063131,215.8974070255116,357.58706140850154,187.20967631704502
617.5397074910281,220.03693948598573,354.7295553798916,186.0696022751556
618.9906618451465,221.6200355509066,353.1627827276014,186.1521386590315
627.9604356168103,227.03295739491355,349.28780179651744,184.16297919800735
629.1692281864307,228.32303493050512,347.47230212843,183.24273850117572
639.2977674881214,234.18786125873362,342.8128788213741,181.7729020144575
644.3870136849573,235.34525069328782,338.0809363201278,181.75895184064632
653.0552531392801,240.69465230059376,333.05471627683863,180.87039318627617
653.2446879893358,241.56789444148117,329.7640812397369,180.82888295979154
659.1275561071083,246.3308943730599,324.6278363333851,180.56060881227128
661.7463348984111,247.8316447179084,321.53051250589135,181.16271959184309
669.884823593839,253.77339861264323,318.224463307174,179.1808813046317
670.0916223783829,255.01145018315202,313.5151575586125,179.92069026726708
674.9753116716183,257.64806398967676,310.4239254794046,179.1758964539613
678.9109961466436,258.5101912381334,308.69928933651374,177.59546264517638
684.3423824971687,259.0762555596458,304.738147990749,176.44924352838802
686.356920799351,259.27118461494564,302.9237089043137,175.80990011879717
686.6863910051645,259.90943424709275,298.8247412557479,174.71973714831947
689.848036702522,261.2147672427858,294.7337031740975,173.73153557534465
692.4479591926141,264.73326102805413,291.5819229026231,172.34103619450522
694.9427251816901,267.0171209079765,288.6171337661917,170.56658654574454
697.2895707171465,268.8227073620815,285.55054745449536,168.93802982367652
698.8120776099136,269.54403787853767,282.58094802853077,167.81216157688556
702.106126876954,271.5264393288872,280.3246070399208,165.7631033384713
701.2420871975024,272.43923723680916,277.11867064793904,165.01102269940046
704.3612959912472,274.3020248976308,274.7383179503574,163.79311015088945
704.158463267953,275.0042863838206,272.2264752716404,163.6329562085087
707.3904308792562,277.3040685166399,270.8610803551254,162.8033070467824
707.574397126253,278.6417993232042,268.5345021597235,162.28002848953145
708.0397496399456,281.7944895345298,268.04907226022607,161.02416093003947
709.1902160466257,284.06781159060984,268.2423837839478,160.05864660723188
717.8470632147475,288.88659634085235,250.51811882621362,177.3980973704187
720.2100638563836,290.35242943125786,237.51494926901557,190.6478162298909
743.5511488398388,294.536592781474,229.170219792828,200.25430871280818
740.7022035403153,277.5515376786155,223.24747440554694,207.69217900458477
734.2096039886029,281.9078994924663,220.59088597998002,212.56138458373135
734.8993770859711,267.6116152920816,217.2102072969929,216.95012608020386
734.5348563200293,276.6410588183445,216.66422656058114,219.06992707699447
737.3888691761189,264.3070454983406,215.14612842637447,221.30375152278836
738.074243849994,274.3212029249513,215.5810218026613,222.49788311121728
732.0641911758429,281.854714291319,216.56915617318037,223.04571805212697
735.4704025611841,267.3028667310592,216.40026329446567,224.03654581729984
734.0728570305648,277.06783413514177,215.97644390000048,225.13078131247943
741.6097464106072,230.78405011957418,213.04724407363176,232.41870914586076
741.6032329530238,245.68888069541197,212.28502889857302,237.19841109232968
741.3966482309081,240.98560165359342,212.69000630557238,239.86354223123413
742.8009903556369,237.03496002372776,212.7445992529989,242.72280469323596
742.2593189218619,251.6947653903024,215.74650644015952,241.19979239453494
736.1544595153621,263.40268495260983,218.29838738542236,239.65289743801088
739.3681304625392,249.37435129830988,219.32478799518793,239.02040535330025
734.6397771460349,260.20885103373945,220.19099951863828,238.49126222094205
735.9577424674488,246.34159293587297,220.00070467140372,238.8980577745852
732.8984508374836,257.1176942300161,221.09477230251957,238.4427999952589
733.0454239162442,245.1929277924271,220.83498235571892,239.04075930781482
735.8272774090389,238.3214287020787,220.8401444840518,239.9783289835678
734.3292513811491,236.29865444771218,220.40746629042636,240.69121490990335
734.0040472117355,234.49861885300584,219.7960692141,242.02376328742636
735.9726538670874,248.48971849237628,220.49523562217678,240.61026479909077
735.319500385058,238.08802602920431,219.7420201958701,241.06053082895033
736.2441370917501,248.07917438336654,221.47585234660318,239.56485979201264
737.5214957234879,239.96916485702977,220.59566785423812,239.52690231270373
739.7120587337724,235.0008863220241,219.71841828134674,238.85570276803
739.377554224312,232.6734251039262,218.20197722321055,240.47918709196685
744.6783577390338,227.30556964461812,216.69406964902825,241.5199507678462
746.321709202036,226.31760305312218,214.3446796240439,244.36785603488352
749.6214535511999,223.23315795187708,212.17654068004947,244.58113405475655
751.2323726872111,221.25855065100484,210.6407822677608,246.54236960205003
752.2110639237279,222.30116913750342,207.8113329989012,244.92485656489538
752.7912601185434,222.7487691530402,205.64115161924946,243.13576084814906
755.6239405525941,224.32884405496532,204.38659406917168,241.969086839091
757.1740551446625,225.50884573024203,204.0376485306649,239.0195909291046
759.8039014937606,225.51460196537067,203.6473448896281,237.0250258474963
761.5145793282129,225.4013613597712,202.59386074362703,234.76225067670674
761.0759649060415,225.38613617859306,201.55142544345378,232.99335149263052
761.3780966781859,226.1708780349184,200.58153690512538,232.33557261825575
791.7089399728562,178.93491965189997,186.84056564781608,244.6435031782379
761.8482664401948,229.9409568962863,190.11395281323638,238.40252396534413
751.9870467019766,271.40037743906146,196.1117609801637,232.0775778382899
741.8402788824998,289.76374633694144,202.0765355183483,224.6030563816413
762.7050299782234,227.8505151528394,199.43626291064137,227.04352479232585
760.565676855583,221.08027353464473,196.23919296039588,230.03805237075622
760.1155411305002,216.60336607087362,193.6878772103966,232.50940250795418
787.8547666271248,186.13568445996356,183.25689249522355,245.9358393381727
763.0408139359747,212.9654019649904,186.79450780794372,242.5344190070741
761.0977533474918,210.7329672371876,187.07020541999864,241.3880285253933
780.2190263888209,185.53345687354025,186.24774905902018,242.9256600925318
769.1041206651058,224.0758113126072,188.69562195359399,241.9096539121518
796.6894923634536,172.22442780880095,175.92524247901744,257.5398806365612
766.2802324616653,199.27848943939455,179.60545661853172,252.10624162830368
766.0337707208762,218.92995828888792,184.97006798920899,244.91483423327202
763.8420932099276,213.36332191724244,187.43381584863056,241.59161741357468
792.0784119024502,170.9641625314989,177.8254934965443,251.1697747470735
820.2471402508193,172.02374725971987,163.1347996477066,267.2742991382878
813.1805806598428,164.01348743622358,157.78717160675913,269.5624035860006
809.7367421298813,158.4374780598041,155.595147243037,270.35768043362714
835.991479433294,159.0832544833216,142.7322714521296,283.1103094103226
833.7450085238836,163.04471427470563,135.94800398902913,291.2381500967196
824.3858679762571,163.82466402470897,136.95123915532687,286.6007385708798
817.7449083439838,161.64718189524345,140.31122619941482,282.20415883109257
842.6786905422939,166.98595336835814,130.4537745652456,294.0430133610595
832.643160224297,164.91944102938123,131.7423034629581,289.30180860786095
824.9796435912027,176.7524650135453,134.2280271817223,287.3584912761295
849.5152764113283,164.09856464298883,125.37739218722326,295.7121084387512
845.5039259101501,175.10490331506912,120.57532130847616,300.7453161806502
833.9308541324382,170.72515113062437,124.46999620545269,294.7047297597448
854.3752186735127,175.63252083366697,119.1261622954227,300.97536709316154
848.9942816295676,169.81379335365062,116.09133304468983,301.92421292996426
844.4666489816128,183.1380532470058,116.85100507888069,302.3530017980391
839.5147822957235,179.6073626819421,118.06086885990001,301.2513923580981
839.257899964141,186.88286844399877,119.20390097721246,301.3092980703129
838.8671255952214,190.00009694742644,120.17387138167383,301.877811949688
857.8606591960281,172.33732891738032,117.81095350257017,304.71716484327635
852.1516207487912,176.5196751080121,115.21162297974666,308.31743732865095
846.8080327673928,231.4453600704541,115.4373273849262,305.8109389247631
846.8784301310061,183.1335699226799,115.10041783447731,307.8440193423818
701.7264815942368,185.80478027066926,132.43516817950035,292.89294367051195
669.3604738689816,183.9303421099102,150.3039863033507,278.60909370418824
579.734437620239,56.53819378193646,176.43699446978127,262.0937687781045
551.5135127653709,56.42781371229249,196.87031070173413,253.6139244786107
553.2256574911007,55.68697268705225,213.87547414639266,249.16482993302185
528.2830889277235,52.92666559731023,229.6098048461452,249.57740854808327
533.6972951848852,50.98012209726565,243.99367260525935,250.1429835223393
538.8852555296284,52.1447908978856,252.80766852649063,251.83677919899247
542.3776377783937,56.5268933844728,258.8227180624683,254.08670004979268
543.9662959045614,57.94423923833307,263.1583541378612,258.01310195855774
545.2625226248242,60.923331234048874,268.43877734147014,260.7620998976681
549.2015559327886,59.89264170521909,270.6882932755901,265.13512374788445
525.5864441857326,60.9422327781686,276.14544929533685,268.558313847774
538.9038830247814,61.350016664280275,278.8578196946318,272.75505467311535
545.8048986397691,64.71852058318643,281.21269459258616,276.0845026763675
551.6761055502005,65.81706951409001,282.31269181298313,280.49052800257914
527.4713632374948,64.6874340344294,288.9812134562169,282.36095479967463
540.4253293386071,67.16053455545966,290.9181127206672,286.6336315499725
523.2809669032081,65.58749127524558,298.5064210265235,287.5864450429263
537.752301353353,66.02727406666992,299.51724715186856,293.3862355582527
519.2672932076105,69.29903435477641,305.71086001622956,292.9830090570519
531.6723167112989,73.54639666847521,308.36766901166027,298.1457017270176
541.8318658140973,78.82417284885531,309.64376848367573,300.32081361949224
521.8537428453151,79.46994074259777,309.49926445175777,303.0875110931157
533.8829583338294,80.45961345306281,311.8671068206766,304.44492905414364
505.9064493304806,83.60432214850226,315.33494874094833,303.05332402975034
522.5167054715739,90.87964110078747,316.3195756189179,301.23296890868824
530.2967268440299,84.64431790013543,319.67445558823937,302.7033234856515
542.2238227816872,88.50534610116114,316.31581196121584,308.67517100663474
521.3618291304208,86.38306150146985,316.27400260237175,309.21563315989
533.5276808162585,82.54422943855678,315.3832591611163,311.95938500849445
546.9265349236175,82.4483021878309,312.8883825961784,316.3026910976232
524.8557203075264,82.87427241645233,313.86352699559694,314.78704779480694
544.2477763641086,84.05207439365208,313.1762776754013,316.14047470703036
527.4935101136325,77.21624507231249,315.66957999752054,316.2142844574976
543.5478571449376,81.9671793201336,314.40412667282556,318.5131666942773
525.3234264792223,74.88242628357591,316.3952052588945,317.76384189581063
541.9590498578036,75.44207650846016,316.4912032221909,316.81863083310134
556.5079930572606,78.50302956025246,315.55283601883355,318.68028147695327
537.0490389726602,74.59830898828642,315.41553407450897,321.5577439183402
550.8813685126862,77.66559280567793,315.5433211309316,320.4402232119629
564.3085885074344,79.0660738961351,313.76613066841287,322.20870234956055
542.592661767566,75.24947787226006,315.6414198170949,323.16502548175276
554.3223492621391,76.26714092746153,316.6268404364692,320.6758043687463
566.2242313741828,76.55403492974517,316.68255993125405,320.49028239115273
541.8732364713164,70.81645575897974,316.82001650334416,322.57690141841357
556.5406805216376,69.74075240544104,319.13631820677904,319.11356441592676
415.1769049393581,66.72011292354958,350.51931065551753,280.0562334553933
386.20749758252765,95.67107360381442,394.6986487074963,237.29572101515168
365.68239352779113,104.43005862684848,402.1435139519791,224.64772224441316
351.36378920482065,106.75474657854308,401.3794889248244,217.36340309418253
440.99033867417745,102.92785221915219,406.4818434773217,211.957563326331
452.7904376380463,103.54333686666584,405.18553577785553,207.1062658433612
463.72788069841806,105.35461118308,406.88494851575456,202.35445905471013
437.02975510951933,114.82330690817199,418.8312866686497,187.62174518631326
446.22579797230856,114.88339350663749,424.76185757454095,178.01384959253167
417.6216689022467,122.70514049326158,433.9640694194986,169.65641547569828
372.835225851843,126.1398007788201,440.1330706326107,164.09094793955438
416.36946259774436,127.76577560810213,444.77234555389396,160.5416412284257
371.5021417408356,129.50654502064833,448.655676537731,158.1253475548531
417.5009267382121,125.85086291943632,449.19175980225526,156.88120886573657
374.56209664815583,126.82501747433577,450.11521160834445,155.92825160692416
424.54828540370124,126.53208510337461,452.4826625884646,154.05901438198856
377.94267103907663,127.95234070126219,456.36804750667864,152.13803494881336
363.2534564032282,130.00345377659067,459.0522743552798,151.5593922103268
404.976923565712,129.4924690856554,462.61448004496066,149.9710839394569
407.8839174094557,130.04330626331466,462.72041613982185,149.40928962144608
414.6150504056325,129.298089579521,461.17001538184337,149.5668372468459
414.4675543624452,132.10641717158538,463.03437511538885,148.14349375400133
413.51853591351596,135.0137668878813,466.1892965881375,146.65521653591753
404.35050069049794,137.3778383690758,467.0235149986511,146.09275302833206
454.5555473113958,139.36434583742727,466.73778088771473,147.152886857193
466.79014330873366,136.8700898376324,463.95235430441596,149.01741738095265
424.8615624153391,137.7870747448157,466.37222971425194,148.1535652547651
470.87847701198064,142.45679267088295,465.9917132040743,147.92537455796509
484.3523631279553,141.1983057658839,465.41282410505966,148.0311764548162
440.30959638554936,148.0355921732112,466.4027841645785,145.98901368960009
487.5788893409026,147.88788530653346,465.4642882807275,146.36902733512218
440.8414491795369,156.8923705187093,464.02701345209175,145.37741187598047
235.08978986323157,94.15434625833075,463.499722953843,147.73632630249926
211.64254783633257,91.93087334378967,447.3831100532953,159.2422802530719
227.83058546074147,88.30308459904855,431.2817120810888,169.64151185060163
240.0029203955411,85.3451562719743,421.3072976817654,175.31274526094137
251.11153133385983,84.82629882617701,414.9466431879405,178.21415601244502
261.1223611797083,83.8268057045029,410.88108109908774,179.74850995327057
270.18143936596346,80.51287986165514,405.3417344647367,182.72582748598148
238.33424632913585,76.14883342504251,405.14242089239576,183.30633735139423
240.81416037103708,76.44039393720763,408.2163528793941,181.81550118529077
212.9516114936425,75.30310866767374,411.045149364652,184.38578854650592
216.17934931453078,74.20933044751021,414.96697684634955,184.6757857016691
219.57182194896643,82.35088965512386,438.22277445162376,174.3253369260292
182.47429167687875,86.54163937565468,451.35127997260577,170.39314731086478
186.44445984859146,90.23373043849587,460.32366335574284,169.34780662347586
191.02497639685123,91.23256794504907,469.78177279157194,168.67106340262868
190.65897170091426,90.50175689768527,475.4770132701768,169.82958234841905
184.74933291436025,88.51683241183642,479.4805740998156,172.05085646717333
190.1148164480253,91.7268878389799,486.8740481793361,172.3957197301654
163.37533764137694,97.67367388003203,487.18938198281836,174.30160805913295
205.6681999527625,97.23926601535999,493.0440794181527,174.87748805945023
177.63046618604187,100.60407449740438,496.1806469576975,176.12260778588268
187.22154137323278,79.22448811716842,505.5346084149807,172.98076431100304
197.49657498758154,88.97389069258405,512.7938978757363,171.48841934999112
209.5629840742244,94.64735932623215,515.8153765774506,172.7458741343917
218.21695635840177,96.91548111090627,517.7288389457414,173.5728016656599
223.89531632306688,101.2864526640873,520.4751721093677,173.98665651767186
197.99799373162404,106.1498122869533,515.2868613596362,176.1448154305092
215.02424081578897,109.95453225232824,514.3235548133766,176.52572622302594
226.77659300155898,110.95049327991472,517.4333447655671,176.71290396605548
229.4808108026249,111.48490524487171,519.2852007398208,174.89658301398956
226.47706043248007,112.60902593036745,518.8727638694842,173.0976554624065
236.0947057675662,113.48312258687069,517.7430411314408,173.4600840785687
237.2279520825407,114.18561456731727,522.2057507719996,170.59816053961922
249.31689501108315,115.52669669725779,520.3297180948464,170.00700518133425
252.85971595453344,113.63507221318201,521.7730583704214,170.57352093224642
248.37590843471355,114.22952411005778,524.5385864845546,169.1928343063492
246.02428587701365,113.61880538479485,527.0068593614137,167.6468161790247
256.56427634813065,113.26443651989591,530.6625256207178,168.60816366839177
260.5718409896711,111.76781005467657,536.7362702008571,169.92331958917163
232.40761445982753,114.65428639368926,533.6587631775365,168.30063975736817
241.4797905622529,116.41895965017983,533.1977891922902,167.39395531180037
247.69176941213703,115.8283499450839,529.4748784361865,164.5032414524915
256.7286947603701,113.87103981995173,531.1622715599108,164.78442049296274
262.05657385178114,111.46662127655027,534.7545020779554,163.56045595165287
233.5028235521321,114.85687218517886,531.7858842080152,165.56396120684443
246.27646890743017,115.9393713289017,530.7056802894112,163.59575984327455
260.5151105147762,115.605814975053,528.8619992170532,163.3518835644798
270.2577515747071,112.27588044298678,528.5223794049307,163.17812063627215
277.54650558444877,108.85825019684309,534.5228895739239,163.31530678773922
289.0767923838514,109.19485173721907,538.8036569937954,163.3273598901347
299.92471848372634,109.17426220320775,539.4030184933863,163.8647373143089
264.08980412584657,114.21624620342735,538.2705095626615,162.86394688039803
269.8932399211957,95.44679509022102,543.2698849202054,159.0396212625724
277.0248880658973,109.1344680262254,544.1736838151284,159.63108370965543
290.1642471931986,112.7234447736341,538.9905294490756,162.79457232299234
301.25439127776883,113.93655383153201,538.0058818438999,165.80556667439012
306.4762532068096,114.96369367461898,541.9123882027984,166.40110087867333
309.8916368268925,115.79099418669941,542.1239841294416,168.5459163965657
309.599433038428,116.17956680283761,547.0576486987108,168.91336666809636
322.61601809277226,117.19811819746135,546.0727230663406,170.52133157065185
294.58920535461976,121.82035777902007,547.9943829054386,172.7174957180813
247.40695782499893,125.75470785758051,544.7525928694654,176.58037820256197
248.643937874975,129.32556784932854,548.0984546040775,178.6795935446885
290.62098004055065,104.68630117281302,556.0085746796644,173.90663229933085
285.3833211131175,117.13507188603467,564.331843708313,170.9730763160028
228.91583342709794,124.14155927056618,566.7003060188288,171.45036548584358
325.6561267103136,99.79531988035077,569.1905904240772,169.5545645421533
157.34882758334032,141.4507203985896,565.4465155823206,173.45121437237486
139.93982169357616,138.5626163495087,565.2942896299153,175.24833082624957
125.4382298014159,137.20362215054746,565.4410719707544,175.65753211670437
140.7846045724492,136.39750205383856,569.0986756696545,175.49278439985147
125.45670414285775,132.0879176981835,569.6284580046676,177.22413286732615
144.80171675168867,129.941453835024,569.9132138233826,178.64818342117508
132.69809609422168,129.32123794917138,570.3740504904895,179.38389390896765
150.27201264730024,129.01406547077517,573.586420173639,179.31217927160571
133.86903480260048,126.70765075541897,571.5569419030776,181.26566903595153
153.16554065371213,127.39787527492157,570.8891087286863,182.97940558769034
144.11962510259474,124.00862712834864,568.9432201043586,185.6261894441602
163.1207154873294,120.35268015203295,573.0445129982194,186.28115342700397
140.87486739641184,119.02107189862008,574.7957306644295,186.45908751271764
120.09348795141187,116.75791287756326,562.4761500768903,194.95934878832128
146.9501290928335,112.92079793615169,549.8777969932659,204.50735164992707
171.8672429350528,111.21355737298072,543.1515443149308,210.9856848480311
159.14576108616728,111.63015404083833,534.4443195666569,216.49748367311298
178.11808595329342,108.66400758330559,532.8798845235667,219.83892790386756
157.8095237545611,111.13542344515608,523.122161508922,224.17471785375056
171.9429972590471,108.08055468740635,522.6655477519031,226.38265807463333
137.74548635921514,110.23438639581583,520.1184003621139,227.2214385016559
143.53864319792558,113.88798255967515,537.6465657496344,215.78635558708424
151.54566862862578,116.21080625404224,531.2655486406754,219.6511385343486
165.8616102583852,115.53738173648264,528.6876357180706,221.86249011863924
166.9562473854537,117.58862594567496,529.7843738750512,222.7078447750532
174.33729770777495,117.64102885900614,531.1838752506724,223.64928643069064
163.00994062198572,122.24870922859498,547.567874185587,213.16095239248648
156.8169981597531,125.2130308342997,559.3359063626119,206.35352494178488
146.0498926323491,132.85428192252735,566.9732201014409,202.22347904889892
134.68355304813588,138.09862180518155,573.7314167335514,198.68349685057657
44.359155604715,155.2384276254686,580.156533031526,193.44301255985604
19.385396281640396,164.37939990247506,576.1003018302631,192.106443448348
64.58309030110001,134.1739973121457,579.6908680760118,189.66028833237584
70.2929937989282,148.32051965983112,582.2054349359463,189.07761656180966
33.25639326969082,155.26503391590626,573.5432157673703,192.16760149265255
40.75052339888515,160.77558316456282,569.1723785665378,193.51982929691417
46.2745796308879,135.31720950252767,564.504775002221,195.07368447010555
53.1710901986703,147.88770757747952,563.6546621537045,193.6533246879997
64.69600996519176,151.79153908941103,556.1591830103711,194.79570343507174
63.7301640862097,130.40682440257268,557.6480809520071,192.63019628531094
69.40109996546687,144.2883811916183,557.3647075760612,191.27167140656053
75.17555394673013,155.92668818205027,559.9264449077241,187.3477090217659
76.6879223513888,137.29588027238808,562.2957358083677,186.2221864743911
76.97087736606312,150.80440322578318,564.3482168160064,185.3473315008284
117.13859107457898,156.29508487651327,563.9820810859864,188.63217684804988
118.14244621110583,156.12629281306027,563.419415449659,193.22822531135114
120.515288975273,156.9039227851664,561.0123191127615,195.37032182961755
121.58436700633467,132.61073985357987,559.9352007102832,195.7313115636402
123.11083956905713,146.7466173201085,560.804370910766,194.24106221529973
129.80452274437232,154.1259335989318,560.6350507484901,193.9521838767083
175.0351926077807,158.83211155458974,559.6377918322203,194.3966804968255
176.6335660227353,161.85558517900327,561.2051670115884,194.51203240418744
176.99976748030502,162.86645851515084,559.1659000732403,197.5453904644057
178.5573010972646,166.94855448808778,560.46365890057,198.4562116792374
231.96221386592657,166.92823656393722,562.0292911269179,201.2354692392695
233.79175002894374,166.79962294022238,562.0155511373093,202.78087397693358
234.06711916299736,169.42581931395392,566.6019350234379,202.15337155692407
237.08343331511838,169.5046806913569,569.038931238544,203.8174102910326
244.90369038877554,171.02819152400306,575.1231504438908,203.73684837686943
246.95545297398309,170.06053221620311,577.851940718422,206.1872362983661
253.57877089460487,170.8640410552352,583.6240064305232,205.95741207122967
254.33770687540613,171.31347264020283,589.2766738480406,207.04398760578505
255.7736637545147,171.6321625454555,593.6942727241008,207.41656069807362
250.04219376489397,145.2657114298615,601.428950994129,202.44399570514048
245.6077168810682,156.25566359181337,605.5058033785713,203.3357745019643
245.73492006446088,162.42684889825048,609.3856309633545,206.08441398277904
252.53951518796498,136.14608571389098,612.8949385648571,206.13779597283593
249.9891622635538,149.3026704862499,614.7084964148696,207.67394016408005
255.4088916150456,153.98661574248618,615.0085554960046,209.4028084940757
264.89630262950936,154.81585290840806,615.8659440078486,210.55919545983937
274.67800147904154,154.13709313206033,612.5060546858595,213.05741702173586
274.9040775101275,153.77634049180207,610.0656533217772,213.88387264085446
282.2296043577243,153.62205313654016,608.4179994755215,214.9192557801426
287.79195213680555,154.20879030699382,605.3015360340582,215.15622915594827
288.1153877895875,154.79122616860988,603.2344182465989,214.5381758083036
289.515021097685,155.68796964276328,600.6141830024742,213.9832805309868
295.296919203141,157.21808919488416,597.4031213572971,214.39277394970955
299.85799114069226,158.4850738194193,592.5621221011826,213.93973541047805
301.8683061002002,162.02427005457474,588.3721699894978,212.60435441477662
305.6678083928871,164.02619176801863,584.5209435813854,212.61756745303774
307.46105915234995,168.05530199914145,583.5113482666833,211.80772097608263
306.01588940438324,168.08378242630965,580.6238266443,211.22313193838139
308.2801477821555,168.3313832113198,580.7705251330487,211.6665799035402
309.6568060916538,168.70306470187427,579.1481286857899,210.776269940882
311.89321880510477,168.89039006779237,580.6195052051464,210.83808068751756
313.1991677604009,169.77455600439995,578.6901066436715,210.18501203795046
317.94061878265506,170.8078863829342,577.5285213182183,211.63290196676454
309.82296071002895,170.0562572421277,581.0411802597962,210.17643057689924
307.70037519806306,166.59008490116003,585.3094178602983,210.4559556253507
305.21752448273355,167.39751381437355,586.4000968796108,209.53815957603854
307.559053236037,166.82051193094844,587.8236263061399,209.16906737750335
307.7426692895913,166.72917989770679,588.815878990787,208.77273681221934
309.22560115372426,164.56872208401273,588.362845996774,211.04771537829768
315.9924092743182,163.57824389789465,587.0478157236037,212.61407990168357
315.4096179483634,162.29280642294557,589.2178169870398,213.2801378664514
311.24178779974875,162.69407691005995,590.8443803756998,212.30728693138053
313.30256500449786,164.28735801020974,592.9918932536466,210.28958111345094
313.5875211547042,163.15055514693972,592.1822914838965,210.53506131547013
314.61392920877336,161.56375758548725,592.8135683742628,210.5529636225944
314.37333593548095,161.5528228157088,594.9665855749919,211.6020755842552
309.3419697037734,160.45777725812823,599.2074133791358,210.8405067815849
306.93066354471307,163.0391570836915,600.053371644522,208.82256782061341
301.6265793536139,161.17161391743588,602.8102312040885,208.7427542317074
299.40915351414776,161.3517639431579,609.1223473826851,206.80976393177403
296.3125371163268,163.3605057059044,613.10948138339,204.80042812280323
293.21103822644085,161.2368057661593,615.8810016164699,205.0920575097397
231.9180604982921,164.3303457230445,620.3874130053846,202.96185902373418
167.38224444353534,177.42387595356828,623.6432797340387,199.5056678558995
151.91774793483057,182.07645809001622,622.8057703710772,200.87653183465156
131.66168522602084,187.22785546781324,613.7112864442142,201.9240722002123
118.21234935069941,191.7742097625031,613.0476374856286,203.37947075804942
115.02438125322999,194.56259366588995,611.1768657643076,206.36357789024055
117.69655824971352,196.38263317888024,607.9326375609829,209.8990664912131
119.26681510234539,194.46610572626724,603.8150903598162,211.76851396598101
119.58278562954024,196.17603657565576,601.25525662049,213.34967269872254
121.2754155548754,195.0162637515262,599.5233745411972,214.23894803276505
118.24666840259295,197.07563531680546,599.6822544391764,214.7359552150117
126.86519070143765,196.37308492327423,599.7455676600905,214.37510711043444
124.15369577248475,198.73314033025292,599.3089884452729,214.81006564767335
130.60400859932122,197.91491272897792,599.954032347264,213.99792651848205
129.30373132277902,200.08907120399192,599.7108650337408,213.60722041401985
128.96953395356553,200.9961258989156,599.7875452111822,213.46486741092934
127.68439707819005,201.63198770813415,599.2224897154122,212.92666942630422
130.34347712461124,200.65490359803158,598.2133177168996,213.34448227026576
129.0499633499192,204.092360782245,599.6870699767481,212.9122415850054
130.3484409325107,204.14978406198193,599.3811907564657,212.05248174552133
129.17461220235163,205.31575993833832,599.2441592195152,211.52760465883182
128.311012869065,207.07416866084208,596.8958602588301,210.55378671982103
128.8350882010036,207.94292011614584,595.9190487030028,209.90876351502402
127.90767153672135,209.58931131237017,594.8001557589843,208.1212046352249
125.3827023008401,212.2854280158978,595.2206648903842,207.93775962309763
126.99160580613596,210.805015054987,594.2778956452954,208.46179746279645
126.09845150122237,211.39714626179702,593.5391047392077,208.34218105480687
129.32845309066823,211.59703728121946,593.6316218354319,207.49771212631356
128.82859919998896,211.85025619018137,592.815432867294,206.00979132575426
129.29440938542257,212.0191440072049,591.7836591917903,204.28649225325356
125.8357488575146,184.16175633742085,597.9208828822269,200.99640766850519
119.59049712230387,196.0692730506698,598.7157715378901,200.45149867743208
117.63528399650033,198.1321578033852,597.361874554939,199.80631236291924
117.96746211986783,197.90873201285376,594.7604569983896,200.11903230378627
117.94588680237615,168.7216639356967,598.9193774965016,197.8643880931102
112.31239552930538,179.6248587776169,599.4446217232462,195.09447263717504
114.74856062931565,180.67701540991607,598.03047814966,194.49420152116681
115.77884112094006,181.4966117878405,595.5677767874591,193.43587540016372
120.68620045838202,154.28732149662255,597.9906288752095,194.42296031609567
118.03487503240558,164.03870817953035,602.6847601730242,195.21844287069024
114.95688046976966,167.90392062513524,607.5765860426045,195.64751619420215
121.59110460427922,144.40114515795258,613.798208116603,194.83509303799127
129.980493413511,156.70149594903447,614.3551047840281,195.06900525587633
124.49927469176157,163.51682640515878,617.8439685428345,195.91314636083962
118.84320122000116,169.64930685342654,618.6295365831571,194.8986851896459
113.41925747438046,172.9322549309413,622.4678353559842,194.05758676029387
112.16964971920049,174.5253708788473,624.4436616461064,193.25338487470526
123.25822351669092,148.5746313435008,626.351618039773,193.06470739022245
129.46723620916157,161.0365014796414,626.1373890415505,193.44203637758483
129.64902297123422,167.71657644855597,626.464000766257,193.5604373507054
127.22057984488134,169.9167992352381,626.7832912700613,192.88474372665146
125.29837785541082,172.8309011946554,626.2027131780795,193.14280918647893
85.25829961290992,174.0881958082,622.0509208105423,198.74479615415294
96.93082867112435,173.74426755034102,621.4699847033908,199.688597935164
100.3481578442101,147.25361493068712,623.3817777350879,200.01667822940345
106.96883385419721,159.99822226330764,623.5174112650404,201.3719269125511
112.40135334359309,164.82511276203894,619.4229363655334,203.5624089918707
115.11952321737016,168.94924072876364,620.2944808342878,202.3018663953659
