2.5,202.5,438,299
1.9039836362715619,213.3762881971461,432.3459266750582,301.00564427831523
4.034116993024185,213.8946542963982,429.51788149342093,301.43337698268886
15.357511590129974,205.73827411546316,437.7655873095853,304.3856236574251
24.48502888475781,194.6475293623031,442.50115330626716,309.393525364673
19.785929119705543,192.61982502100165,442.3949754712594,307.2869796443523
11.250366907185992,204.93909633174547,442.5833808563815,306.24057722061855
5.682195263501512,213.6745087569914,439.57357164741256,307.8148611652927
11.80337512894431,215.31825443132192,442.4237545648424,307.29862864765585
12.542128330777075,223.04442687463523,443.42590008912487,306.317920533185
3.635173542139114,226.57588761003674,446.2204701049384,303.76505126651404
-5.556310762557473,227.10487321098176,439.1387151272954,301.0473675115997
-7.061111474548852,227.4958174713149,429.2194568405848,296.86211862411216
-6.156381799813801,225.55458338616737,422.8170442860061,295.3987310815166
-4.283253717154594,226.1587674073412,419.3340006226904,295.34595786491354
-6.617744490159112,222.87965721098368,415.2643966965925,291.0331321913444
0.44863827649800214,219.5865374383819,422.11817863337103,294.27089771082166
4.849743161456871,221.26032208251166,424.13931309410515,298.24789001847887
17.701742736653898,221.6620742101224,427.4684064424904,301.7414944134649
44.59584958725685,205.04768026101408,441.99436357868683,307.35810541653996
48.8441822189576,186.41016940409358,444.29475546707977,309.0202616823829
50.248117742075834,179.48799992551733,441.55747499141233,306.3627619554534
54.25138189463178,183.14814028831609,442.58110377553385,304.3521836262487
49.76331310768421,180.14088357414846,446.2594913532437,303.4580724055361
47.26250729487339,175.56963005854436,448.1582730456988,301.64915483805044
48.094920373964584,174.75913796743464,446.817087740683,296.6300113614259
49.69490741537055,182.90261246256065,447.59969575015623,291.87232491389847
50.132788793775546,183.88874257334535,451.3001692413626,288.35272322637906
40.99945426205767,191.75174624173297,453.5631895468638,287.4848358542034
26.214144786109784,196.37428524275447,453.93893278159646,294.00827916105936
17.67498155277528,196.35244513521195,447.9375377974598,296.2664507434845
14.037890413797697,193.13584509607767,439.8195682428344,295.64402872092296
10.514800191449922,182.9124678878633,444.07110170915166,291.56046583083315
3.12898755048667,178.307105248394,445.05709199657133,290.04777001297
1.8331368175450393,178.44961539489196,442.92053056114844,288.78330849444535
1.091276864001486,178.51582601115751,442.56156572244697,290.97625805048847
-1.680311266274316,168.8130892323943,441.537505082669,297.07412300358374
-2.6437033891604926,169.6056917505178,442.93630143104525,303.373153826254
7.880940835965873,195.20934958855196,444.5519013627505,308.28179731766613
5.938079689141887,234.39521433498697,444.1509958869283,309.7826721949133
3.8828173160050596,235.84652361272117,441.5318691820911,307.637057185206
4.752894492307917,277.17466513399324,437.12721459297416,307.4628145479353
-2.364060312064737,296.45082065180657,428.7683603009626,305.86702740757227
6.647968049922667,289.9801875702197,421.0135735202251,305.0780432121645
16.322442924728392,282.09816900192834,421.63364079942227,299.98925136925504
8.307318461399518,264.8671597475735,424.9572876295224,305.2267444263046
6.037013091802777,270.7953031025438,429.9694647775885,305.9323807434025
-0.2245216437326576,267.1080043367778,426.96316107971404,312.2184695497682
4.569443576126673,256.608877713821,434.396077960552,319.89693958492745
11.906385907272977,258.298364106565,451.725748596111,324.44136863202004
11.97632472489903,263.6640026898958,470.060999134687,333.78208433950385
31.802588589384413,271.42464786739095,481.5847409369662,337.8852809077314
26.195996921255528,269.9757674035558,491.09247493049634,341.0740231281264
36.5326512406337,276.4879332981724,496.975038255241,347.1715671018326
41.35787459205949,284.86634412739517,498.9834012142546,346.3058396511507
32.56171331971751,291.3231234154837,502.460448375943,347.03478481337703
25.195321613326257,290.9488658238445,503.6476719056078,351.13638527612
39.22867125308005,277.49331093907676,505.26824755896155,357.58811203479127
49.895074238615564,253.82869143514182,509.67381629797353,357.7030337208838
67.79295493069367,234.67794454074163,504.74065142565814,355.1381143932291
74.72100050318079,242.15373287263463,497.579032116774,348.375375734509
74.32979262162911,259.4668195878249,495.768082687464,341.5802779724635
76.51547624413513,274.68585377127147,493.1958196561666,336.7959171098427
82.13214088176906,295.42362016746097,488.8993046890652,334.32660227400675
77.13881999834084,318.97666187554773,490.5592605504651,323.9650638407433
79.76334942827978,323.52873308905043,482.16543178358955,319.4367337535206
76.28611851188072,335.6456075359805,469.68744236821874,309.9526520273242
70.76288790031722,342.43164788782803,458.2654091760625,300.63212152123043
68.22909793322393,352.99395626709406,446.16136397292,295.620408357669
57.2969390668743,366.86397658096166,433.40372583403723,288.8023495414573
46.80793559366063,383.72600905904676,426.66534217072336,279.3270791409511
49.726307743366476,405.0205762896658,416.1441481986127,276.45691974685167
48.778329338957576,422.5110508787468,404.15234198405403,270.4914448881478
47.121031952834414,427.54232870660303,403.0089089166397,264.6362475927258
29.16046801299686,429.6134761189773,399.3337462079359,260.11834187997295
15.42506315031062,426.01588566376626,397.97021488411406,258.4443268522847
-4.548266424188114,416.3996615083439,391.7483864842834,254.43065471024846
-4.743311397928949,416.4831819512606,390.65274518767785,255.7123682542324
-5.223969840070197,378.8929783949016,394.87212872616567,264.32798654859096
-2.2343558075563124,336.42735327741764,402.3558504139455,272.8622259803363
-1.484075683596643,291.3412261700762,412.7589938556014,283.63302908417927
-2.3085298670420116,267.45027297724283,416.7345113571662,285.7508844139378
-6.885766639783299,233.1563716488651,416.45764659240706,289.7907439554589
-9.355041643755612,221.71295977831073,415.58354544297254,290.5361740350686
-9.413552776198827,235.61095182259243,415.37492735727875,284.4960016377894
-5.588852966582124,233.8421100854482,421.76249120087493,283.751251125414
-5.652355126539703,235.86581056439638,431.91571488877105,287.03139104199886
-5.8156385313644705,255.62844578100766,432.47118393404776,296.5730914339716
-12.052833834260099,276.5772059975778,427.1192958533156,300.16884950424935
-9.52641422438532,309.47717787199804,425.6656509218198,301.0528428281627
-12.727495691596005,316.7271191202279,419.7201986142368,300.4695481612929
-9.664559255545328,348.3530997305044,416.54654332102336,302.0271801414234
-16.319244206866586,374.9467662006673,415.2205629963099,292.06055795549213
-12.8061132739075,392.7194380879744,416.20651960573355,281.5885174035342
-6.954182807340601,395.3581743461963,416.91513044384,276.4024774808533
-3.941814115545185,395.104908160641,424.3919408736647,272.9081081528978
2.440685953147323,414.4566800474462,433.37261486958045,270.33106737001
24.982209270241782,423.0725766305417,450.37841253470793,274.05736593965895
35.55291596454998,433.87085111457077,464.186641327488,273.675737015546
37.04396217329088,429.85914072144465,465.0087700632655,276.64290055387346
39.11419344703455,417.64178480455166,470.7923530785223,280.7378373022102
35.26515275399129,407.62272755084257,474.55015712658087,283.1397098967866
28.48233205141534,395.8301465576526,490.1695812332251,272.88344121910404
25.74101623967121,400.9808616352296,497.6523799881373,269.4242852529454
21.014239090336673,405.7790966582197,499.1964026934836,268.18392482610574
19.12679742035067,408.07856490814095,501.0574780452888,264.9740229551315
12.439624070303978,405.7740070944763,509.5442591325892,261.3387280676292
13.054015722439345,401.8145013369037,510.836488611369,263.191030541179
14.388093797815543,402.2892042248013,513.3366426260219,267.8398708629484
15.09263326026172,406.16326999045685,513.1945478062397,268.67265764371007
12.509172689011166,413.66776116328197,516.7406090873669,270.85089110311355
9.67458112080493,421.4463613747402,522.6153136881272,270.11157703273614
1.5557647929563814,429.65018632130716,522.4780245451183,268.52730474885516
-2.383946777485221,433.7348520044505,519.0365324638335,265.1384180046083
-2.514386394422445,443.67323244302986,514.9140699084624,261.5041898575521
1.2115346529341195,448.8977066642423,515.8182601852702,258.14655716143454
3.2537517763244637,452.4190764061582,513.1751860544945,254.49863336096772
7.589522155356633,456.83532445219157,510.8960117057319,250.09005313193796
10.244502586994201,459.9366030493655,511.15579733674997,247.85337084794477
0.7007443312441524,459.2762806932349,501.61903864073054,246.391388454493
9.922154607986357,459.15865353806845,508.69882589059085,242.79220587136285
2.8934415692110917,457.29477907276174,504.99789015173513,242.1638170494433
5.059598115351633,458.07859708773265,506.6451040560666,239.7442152940796
5.399667029760764,458.4389491523366,501.5990309016258,240.0425387556233
7.396607072610436,447.59564825237453,504.6572705478295,240.58370712964415
8.462581847024325,435.69696209573806,504.95832704720425,239.18271518510466
13.892013521164415,425.8441199903177,504.7031500316267,241.60574177265423
19.225796061806875,414.0861610540338,502.17671444405516,249.3629058686717
18.54373650077497,409.53349081612373,501.36839065306356,254.1325992383213
27.677272848879454,404.86646554413517,503.19825513642,254.03165508472765
33.05156416720075,409.7967598203701,505.52219657051717,254.54049993527286
35.40133085715445,408.46866817585715,506.2333759095734,256.3808466158889
40.80828492355403,413.0977067771422,504.532106250285,260.22252374681483
49.37285954090498,418.9812877453944,501.16128640706256,258.4544720321732
56.850077929322765,419.9697618549089,500.27743774210444,255.97986612667236
63.4874985365592,419.50280603139265,498.4767357411936,255.2114486149219
65.43168465187827,417.7180052427114,497.82773051876467,256.9831737150429
66.79130484852135,410.71004466621446,495.07690339276314,257.2959059718576
62.74828615881401,407.0815463801547,493.84184435188973,254.00257333560307
53.311277875127814,409.9199944101132,492.8137536804926,252.8983839750574
49.75810139209193,410.01226359355394,496.40812658980167,252.4959882771384
46.967827721019916,426.0944889425097,498.84778047262563,253.2280486571077
53.7841273832839,455.45840482094735,489.36615828280225,259.9172014583379
78.01953599809147,490.72386214438615,480.5937701608531,255.09051807366734
98.66505841960469,547.7875539097627,465.21575022017043,247.50660683295348
104.72609449941973,603.4015304437564,445.4042778644649,240.3577782156495
107.96379965334285,615.0724250907509,421.66057799057864,235.3890377040091
130.14833035574307,621.9312648355422,407.86703424019714,232.97191344361366
118.43894862306729,662.6254066617756,405.0583578251776,221.81470889270923
131.6996311325235,670.5958451901043,410.97437455064994,213.56241759426092
133.45453214135483,673.9048710827242,416.1859575351235,209.8783667779543
127.40415336173385,676.2659935086708,425.3358486335653,209.22210617517624
122.23739861531058,631.7630680491538,426.19929968524974,216.46696313669048
123.64719386139518,627.2175458045343,425.0477951258122,221.5036362689654
124.42159199217934,626.4635279487075,425.63988040263496,219.91976328730567
130.17304788125614,625.1263069146587,431.7012138484804,217.3701243159744
134.1573128225129,620.8925142615933,436.88755972127694,216.81936188193174
129.25155057360203,573.9023258256748,431.9668721524483,220.38491331431578
126.27692538669243,568.251059493457,428.4531041089091,222.96687636815574
128.10529421694426,563.804638819209,425.36724924564663,224.05125032849855
126.55811654048162,560.3674929543182,419.8412432704469,223.2467066662819
121.63085877779667,523.6433409147746,411.51521489628067,218.17087134107226
123.7662928462342,518.2349696122,409.1910608030229,217.60535553099925
118.08247985714613,480.4273441426846,409.5565009596658,210.87323250762768
98.14548115565731,432.64853495395306,392.72396683798524,209.03809728401657
80.16198751454243,387.1932672719473,388.9730128360353,203.740983417071
75.43311063456298,388.49780192970695,386.7728810445416,201.63732071967002
67.53275230955973,355.1950851443989,389.9581830751023,205.76098091382127
69.24376186087196,317.8280626490849,405.3397757278489,207.15000942495703
66.81198550458458,303.0829888550136,415.80109913134163,212.10256698624426
73.85841758849338,269.9640641669292,434.5369397975084,213.70420878184666
69.3295428004661,237.06162707832686,450.79790831048314,217.31059281622902
59.60643732401235,230.53696053896385,463.1160226828853,221.43913045428118
57.87190028018088,223.10305592806208,473.5542563736671,228.56697709826494
48.90853546001742,217.90422268729571,481.5091489702318,238.50607944734566
45.37817905741883,210.35294611790627,490.7479244528124,246.93510629904569
43.02621277142424,198.33126809669932,500.4828833881744,254.54001438918908
35.100738931878084,181.0511940945097,512.8228690578368,262.31125820350485
31.522620938274713,173.5753292642602,522.0901716248623,270.7222826599938
28.234934218990475,160.45080811287573,528.1630208067245,276.0078945580997
27.581943104874313,147.43034974589918,531.4332438243703,284.38660082757525
19.07902857632496,130.79792022575768,534.6998036248772,289.8944179367059
17.983629194473224,127.89918316495644,541.7066157247623,297.0927466458633
19.732187756295332,142.5390889197748,548.0180217792187,304.09680964794535
23.66517977235287,165.28628775367199,552.3273383452481,307.8760020680416
25.711603275291736,188.8618522622613,553.3588147074429,307.2251705972497
30.215566962136734,206.89656776539985,552.5654478424809,303.6916740392148
37.10869861411982,218.86571148099404,551.3890859667374,300.4619742545108
38.892738359301745,227.7777736997876,550.499470173807,297.5130024048143
32.91044930870697,226.40916851415452,553.5057152595547,292.4768568152345
31.23945679978607,230.739391977922,553.0602626000131,289.36008674087947
30.234057251903437,233.85438362389164,552.4993217837452,289.04813752563086
29.687807408264348,230.07468695341882,550.9590161235808,288.6723659381402
22.885904989423352,224.47476761749238,550.1687598727008,282.3959224902421
17.338962782303838,220.68248596217205,543.1807713468763,278.90456760325094
16.506086284856224,211.2525675600726,542.973955615232,279.43387424082385
29.310249757334304,207.97282255258412,538.8043684468871,280.2916139773279
42.97264726167157,204.64314285043173,537.2195808387253,279.3595818182172
49.75684355070882,202.34048605003252,531.2953137222291,277.02884691132516
52.739650545047425,195.56823578871106,529.7932321813669,276.9566482152181
43.680168803292986,180.24216339668763,534.7264437498977,278.50608036803936
46.27896182275367,168.601714096053,532.5161850482414,280.9528668019502
68.5328675551724,171.95457105356982,519.4239257226861,277.3646684508814
70.47995164135153,171.87592794807176,515.2240855008055,274.083269959958
84.71219867998582,191.8955315143533,507.3669389119402,273.50846788720935
100.01393320713203,229.44412663236764,496.66582123704234,274.0839079612393
103.0625197756583,280.6399969083234,483.50610852250566,275.37461675014805
122.20607978242165,369.7829794212781,463.17059144476997,269.84454161681674
142.5786993512561,418.6780852638026,441.82570669247707,258.005906164678
124.05708654887962,474.37908171998595,427.9580855870249,241.6373223709636
133.42122717083873,500.5088929256968,420.85502178085085,224.47943793561618
133.24543173176988,529.0831770817568,415.7691932444683,205.56493563301748
139.47358994347908,543.3465969651945,399.34259259749336,205.93183747380823
145.55193603130522,544.2397311645136,387.75802341292615,209.55076764923626
142.5731323094717,543.2200474772462,390.62112602337174,207.0638460375648
127.51351783316505,545.8275927668329,399.932421168612,204.43185744623028
120.07939298357138,545.2219764293601,400.6270964201675,205.1419662755987
124.59691524384581,545.087021641013,401.264337933249,209.0883539997995
149.9613235772071,588.0292016567022,411.45191073185845,206.78803937857742
204.0003455996728,597.9655580318747,407.2925754881966,204.41415742352035
210.17405257883675,601.0806749817509,405.38224477419243,204.92466048513276
221.8477890251438,604.9180895959003,400.35359855699335,203.89331251141184
237.58275303130094,579.1385841708021,371.0389964342665,228.82814161417153
248.47816785936698,553.4007271411514,354.50266812090786,247.13672997156863
254.36041872759665,585.3380625666666,349.2535048053164,253.04613199651473
268.791452173433,570.3951706045729,339.8605484025353,262.5365702328361
279.41022241497626,535.2873017304706,328.31661620344545,279.8227463660503
292.4270592588921,486.98131903242097,316.7746646225473,298.30826980658316
304.8135672093681,444.95695799260506,307.8777759646373,311.6253710976408
290.30319206307814,446.0523404530576,305.667393749893,322.91825066220935
311.7302717449253,418.14893785778054,301.82490735983157,332.16493240916
332.1733228169639,602.834996778542,299.5430074862621,318.19952233130897
334.29108667664394,592.6615346559015,294.36907323985963,297.04821278142384
330.65157227509627,586.0400140655898,291.5882189252792,287.9328059334828
329.6589377742444,600.7430836511359,288.5422131314507,284.5153142233283
252.83453192990513,644.2226262831771,302.7600098054808,269.1255420085622
216.6428715065567,655.0103437222992,313.9800997561816,256.1559249251177
250.102583130612,734.7367745827617,323.6110686589499,238.30873031845064
179.10673267377942,750.797484049427,332.54532023179473,214.64007303520535
114.32841674746325,778.1331016708268,345.9140935028841,202.07292943669282
37.215456529919095,775.5905103169183,357.0646202612146,191.97023353580624
12.287260326789465,769.3485482494302,357.8528287685481,186.0378406846985
4.068942543007438,767.8587247976242,363.77935061998664,182.79570919551878
-6.086638869886428,762.7259855999343,359.2086031216777,181.65056117946057
-10.46902392862961,754.0392203060701,348.9926698852822,178.4669838417741
-9.265295231678863,744.2775936190959,338.70252969108776,176.51055810805627
-23.539342702570423,737.2304470385386,329.19418618682596,174.82238724176614
-23.590899061843885,733.8299685840104,318.2233538599017,170.59853622082974
-21.259810720011103,733.8641526441486,298.48183242678545,175.83641295071226
-9.135535317958556,718.7464699811463,276.5911548240506,189.816187837874
21.740445548586223,706.7384945198031,271.39211438612705,189.84916375445687
29.985240019083562,687.5859313564853,253.87781800857078,199.71902358634156
16.50598232409031,672.6931784572697,249.33862603161393,204.4125684777903
4.350888330574605,685.7163068793155,242.5359485706473,205.89538725625724
1.265294828631994,677.5642459519506,235.7887119218836,207.00202795559142
0.16374094990456456,698.5886835738895,229.80132609565925,210.3618975237256
1.581045891078901,722.757896909359,222.8750399781116,211.06726357739575
3.496741292908638,724.1438555898427,213.55641935038597,214.78594870971455
4.27846718048815,719.2031730565013,206.57210537735097,217.16680642166114
19.740087697470898,737.486726865481,202.85178525708176,216.5967118957427
20.18504968673153,724.3355288956332,198.2627483864096,217.46082391515029
44.51622438706433,742.9786817264813,196.29413983047058,217.11814847195973
63.08068380420744,768.4109568987772,199.37250783090116,211.93092432976073
75.52540817144599,836.6197111722895,217.67442338475414,189.9544787099821
70.89597995541325,841.0180395004122,218.21499616356033,188.98856107503798
67.91019805432003,851.5898556527367,216.3993213678769,190.73778918298666
69.63831146678905,859.9059211226827,216.34898739190737,188.55938024321665
64.37271407438774,861.5035798972817,212.14557924854836,187.7244557413514
64.04891184126697,857.1694552050595,200.61508598987535,193.87550847052233
38.56794595773242,865.2213114271163,194.21575829649524,197.3661621000171
34.99068192940261,869.419348657797,187.81627977661677,200.8743482740319
54.42384011254427,874.0314483198292,181.7352264718569,196.67325647865397
53.96264878100993,876.2801344464219,178.87708035112735,192.43037826667302
57.180177662013094,880.8961031617279,175.42602851716057,189.01767473040923
65.33452932788083,891.9582396691917,176.42830693591338,182.45165691109926
62.474916915122265,898.8949530162624,177.47655989100815,175.84174187467258
70.19960199080751,901.847272368313,180.25448275416403,170.38863398474223
66.17254707212895,904.6683773296937,180.68675879025162,165.5028694102437
65.60054572452442,899.5982410200079,179.3387356332573,162.59262113270358
66.69336908230036,908.1880101286595,179.8153239392966,157.67499526128665
66.51487390375416,911.8582627829887,181.3564888340477,153.72827972084733
61.01552827821803,914.0892856343438,180.04072409909702,152.04365620784955
57.40383613664076,912.8411787647242,174.98124381163387,151.58605472530246
55.966501296592824,911.7649653316603,170.96442160177614,149.37485987969913
56.70262352317391,914.5335779262698,168.1314727266169,146.8539489585924
55.59342846875376,911.9794224335162,162.49361350302922,146.9576637107317
54.92913643443245,910.3873311889147,157.32728208628976,146.17630412191644
53.32081644630196,910.2381359431746,152.05695592943306,144.29576981443122
53.15220273605503,910.3829212697115,147.39235897095963,143.82753353828875
53.97274087720726,921.8153766058257,142.17502903608255,144.51733897628964
2.9527163317542886,857.9742629161229,134.92005706985958,152.72259186839057
6.271360878676546,847.6477050467045,129.7218864805393,159.40234849925625
-0.012710392980622487,834.0148721134466,119.94186732646594,171.4014147106207
6.992025243414346,829.8661249356343,120.82841694295823,168.733672402427
24.862022090367724,816.0810007679629,122.64787530593624,168.6956863322521
61.094300375509405,890.542063393358,125.30095636993022,161.07257231193063
64.04830607360077,901.8187048733093,129.87504069213128,151.08049712332934
63.57020337167802,907.7529608358836,133.32695384629722,142.12838276974432
64.0766293197644,914.0999454407012,136.92778469701167,133.06138265915405
62.24493637610988,920.0961994012686,136.42223290121524,129.37685813645675
59.26454254106066,918.540418358088,130.1739389215334,133.24369428020617
58.99269486843753,916.3860091694357,125.09829623119616,135.12168098674957
59.272906391481946,919.7787485618528,125.04676542324744,130.91963082320765
60.93835205795642,919.1292063391542,123.6463121319855,126.5974884810378
61.35152413436156,920.3391835507526,122.05872344372905,123.30627824281169
62.630126878977016,921.5272859081659,121.1535986095961,120.3331870123678
65.41910712348385,922.7511058793626,125.20710689347061,115.12450328297174
67.28258924829024,926.3994463363312,130.74684434216107,110.13847510188386
66.70399757965222,929.3263033727114,135.84495494651168,106.79797418677717
72.42845288938207,919.7909611874057,145.72532899502073,100.25347758815013
68.5973191360872,925.1618264829616,153.78896085788986,95.34049951473875
120.08101847348422,896.975437621786,141.22730864305674,108.22746028152352
139.46681386261042,890.2990626578883,132.44720727520476,119.63749694866824
157.72692685406582,878.3450692701153,133.06818231158104,125.71384157333523
177.96995980594704,859.5389853253877,133.89731339878537,132.6320149406959
210.61317438487606,858.1651790448879,131.4554505861422,140.12909201356678
208.6103115111922,859.4954879242911,133.33077472218181,143.55908571258504
206.92303211105903,857.9480018330654,135.36611514438113,146.48143084833208
205.0641727521833,842.6416415907223,136.89783876020383,145.70306666199778
222.8429218899057,847.8169071573152,136.29227911390944,148.0741255709262
238.0180038758657,869.0424206004432,135.83852894509002,153.55754692685778
242.04104774343688,853.3290122982307,134.1592124311086,156.8596877805504
260.1100920136269,856.0470931493004,132.72529030308203,161.4911701976737
263.07821112112424,863.3236803647401,135.21244056922757,159.00662407795159
302.4333131975993,888.9450978630921,131.0687876247735,163.72782030072995
