364.5,45.5,456,357
359.32320503145945,48.855479248871234,466.3351384252212,355.1818690130913
357.03721248786655,51.50064585993553,473.9324836198289,352.22345212320755
352.2494929358155,50.89625727671563,476.3262038976371,352.99295837604643
348.00563751098053,53.15792840981919,480.34269520766463,353.04649608801924
343.7003818439595,50.58751432493841,482.57025480525647,351.5694181641834
341.7189724525065,51.17093213074082,482.8993818004428,350.13099470391523
336.3219768365817,50.68594792949801,484.73975593634515,348.988271465547
336.10678579530645,51.38662528189235,486.54506518201964,347.91322432573213
334.26474613679454,52.800055460447766,487.91350452635675,348.57176750637154
335.1478885148141,51.081950693534,489.30035602367457,350.96752169885997
334.3461027091313,51.92948831960234,491.2961081374549,352.854323201484
338.0160718541631,48.98022897413469,490.7156660593969,351.9057349588256
340.6447663449834,48.84193435667356,488.07566461094416,354.3609750497659
339.03934827424115,45.54602030724851,487.5235787038599,357.70362855373685
340.8487199175882,39.707805529834275,485.02241726149566,361.2442987549276
340.97940864912283,42.06411960538776,485.69948393599964,363.26816323764024
340.7514149192811,40.42925096262314,484.8406178466795,368.1794677533941
341.1571921110541,36.73743514635444,478.12405228607054,369.78768491907357
341.8399304161372,35.20253261388166,472.71153187555035,370.44036666630063
344.2903256154105,36.26612352151713,443.93912129878106,397.8870965178998
345.7982279231123,27.81580876891971,423.36759730776714,417.4521699928212
348.85874901446164,19.901547290371866,411.55826357538575,430.168635740902
357.0575977195825,8.49337475151657,400.5496357223341,436.62533497510674
358.40591663251007,16.393831098800547,396.27496087293457,439.2706178829558
362.9166030744411,18.726069743240828,389.2080471794411,441.3750948711138
364.40098863559206,19.102755876062417,384.6523531731519,444.8390544917621
363.521908531372,16.777806591058038,386.7932860358869,443.29045004434533
361.29471701656735,11.947323352259787,387.4094141369073,444.598492175018
361.30014199098986,14.742879174112943,390.0948501511208,445.6464677314765
358.72835717045945,7.6073181120669915,393.639984747893,451.2801501277852
360.84512327895976,7.9860549010896875,396.96767365363405,455.9987440927696
359.4078170815296,9.026191043918999,401.3280188423024,454.33579012142485
357.139409655495,10.614699532426073,404.42616699305466,451.80318023793563
352.7923939701788,8.269189283801722,405.27050506534727,455.7763253141371
353.0059537389352,6.8861531111859335,404.57297391723114,452.1429697685911
354.38084039166336,7.638844966200679,403.8483823820995,449.00817757982475
357.0886858514612,9.54466481674342,402.2817355470528,447.4122630622262
361.9260298597824,13.223103768313138,400.1358308517911,446.66996245248276
361.64237915065365,11.437774835724895,399.57770049400176,444.2668897535418
368.28713686163917,12.773011592448029,395.2686700344941,444.8796470216507
368.4983568052214,9.895572513002662,391.8975638131774,442.56736266680855
366.02764901727284,14.125287393473343,390.716630126837,441.5755542323137
359.7238984137967,10.682899931864995,391.37088044877953,436.6025734945197
361.0723097643353,15.38450090149874,391.48388316808195,437.8826334265901
356.94598892168983,12.260275363702277,394.5456621977333,437.1144638661967
357.16602055200497,10.34506066300969,395.1939499483792,437.8450981645087
358.0725714904744,14.782031627827621,397.30201902137634,438.73968612684064
353.146674062,12.474208095764766,396.93581918838373,440.22090254407
353.618925537796,10.300371773140625,398.54515901976595,438.70458345195254
355.90589032077906,13.685096413545864,398.26957978796725,438.148413418426
354.78305855544096,9.267524148321854,397.325713422861,439.0679786298738
356.53190489992744,14.326647794837982,397.47326652436954,440.1712574827766
353.78450313435764,8.82674617797474,397.06305029537737,439.15141121088783
359.6434304596642,13.00620842587574,399.94290625420024,439.59612231231483
354.12134794374145,7.454348967247427,399.5663607223861,437.6632926150695
359.4074400581577,12.166260006900416,399.0169387921376,436.97388177538755
359.73480215176846,15.585778440273714,399.12168953806355,431.45196867935476
354.76036867387666,11.791760486314018,401.022725912182,430.3958185673767
358.46427948720816,17.961820154631482,398.73894250497096,429.57963454873493
354.5586362097257,14.17333544662236,397.1603383891595,432.7377711858225
351.36431121235626,9.190801448522222,397.5924611507747,431.4473689061439
356.41759614998205,16.81959077287965,399.7025203038433,434.6156172837962
354.3181550907604,9.862437289726472,398.1052031005398,436.40443978354983
353.08109952902305,14.907031476412499,401.8439618270495,436.0843706728731
350.5744380208664,11.45976888380659,401.09174233619115,436.5750553162453
353.0380557053471,12.29273518192295,403.7022910668086,436.2159309532737
354.1606103878057,16.183180086084917,402.2749897935318,434.91606922493634
355.99584589202084,12.797365703697665,402.06742967568084,433.9334751198378
356.6725564756372,16.76144068909167,402.0639803988977,433.2280739054585
355.78295406214073,16.778249201133292,400.00449065344185,434.71249360451213
356.1930757118173,14.28574366046405,399.2102958467289,435.0186721548753
355.42287569302727,15.322723894346382,398.80602544554256,434.319541813873
356.9600316840689,15.178321658058223,402.02860896745716,436.7521694332694
357.1855940937337,18.021572441704024,401.2267549806661,434.83258461783936
351.1572511730137,16.72366799700535,401.13322853420317,433.90807666801857
349.43030305385514,13.574136638595974,400.0581621603683,436.292343509288
351.7763045521567,16.37357898864036,397.5324689972917,442.55709673339356
358.00743667293386,14.042278311093753,392.272116682007,443.88082327159225
361.54289549543086,16.625873507174248,387.28972790854925,442.5208058931184
366.73618176661927,13.999265661069757,381.92748598216974,440.97069974694847
375.52081658060786,15.435676368924874,376.6414929121149,440.2041951361241
382.73266766192876,19.246974066136346,376.4156772164531,437.48046401095775
389.71924953643185,12.180556041245552,379.9139413849274,430.962157940378
392.3225418159837,13.491918849065087,386.8256086263608,428.0536161619143
388.19464538950024,21.716878607423666,397.8648868919254,429.6965501913397
384.09857523653596,23.236925329727796,404.5114041338128,427.54718688932485
384.31957615607683,17.422518201372668,410.9617276960372,423.78501851816645
382.53869595525947,19.222104879293113,419.55581956434673,417.19349601452893
382.33322817936727,20.89108497714841,427.9542276503108,414.8856008784802
384.07063626267006,22.948496879737263,434.0409625777604,412.13226863423847
384.3746547440352,23.45718216782575,437.943986806589,410.7385812126445
383.6592798484102,23.534785950267263,443.8827960994869,407.03130899055014
380.51563296650636,25.19086223091216,447.0408805832805,408.5148989410096
380.15329104332477,25.931312049505948,448.98313342321217,408.3903205194516
378.9852848201184,27.293031525618517,452.79553050936494,407.30201697944267
376.85508292128753,30.701592872542108,455.2214790553329,408.14897109071023
380.5128168027045,29.598045102208687,458.3046395273623,407.18561451345715
380.14699360612747,30.0168581298704,458.93587110050083,406.9330826120148
377.8824865626721,32.55069350314744,463.38322492417126,403.43961440299734
376.59748661931394,35.51713476390924,463.2826854317677,401.10150851187535
375.07903833619605,37.055979291578666,458.3466558581719,400.4947869877407
371.980151992047,36.94692394694482,457.67043658022254,398.300362009589
372.39558089295093,35.94945186421637,459.9665302344846,395.92914006023875
369.5711160205797,37.32158135410566,461.19204336469454,396.41281520254574
372.5448446168847,36.959530373730615,459.6725022220418,396.3451685203744
376.5466494132122,36.89318426734292,458.92821002745814,396.4343919039054
376.9615551733191,36.343077963274425,459.2469562894175,397.37012010056435
378.70155547947786,37.140200856670106,458.733229700156,397.95227330631144
381.9176457834176,37.17276200377961,456.8668502359228,397.18243874040206
383.3907186783431,38.92997429494966,459.24561556362556,397.93679248218916
385.1848262462523,37.91281488548597,459.479718743313,398.0790399348064
381.6237019236935,38.000880549256806,457.6856589854155,400.1464190919602
382.15451991299295,36.68900299233377,455.5324839815099,401.0257559423709
383.9993093314065,36.23248190037225,456.3547020959768,401.7153923478859
384.6277277810179,36.90937168517678,453.12453767924455,403.45626924571457
388.14681549687083,35.69196606794998,451.9473694611312,401.4352208190659
388.06309694760876,39.42986270226203,453.64918961820337,398.8818199187584
386.94222851735606,37.57149291911111,452.42849719365927,399.6454943281236
386.17479919385244,37.744051385763385,449.202425302489,398.74706169571857
385.9023701406495,39.63512219077785,449.26014635945825,396.9186526954385
383.7513539590773,36.88409573363839,450.03367435095976,393.68559532681945
379.7697059922594,39.134133738302296,449.23937236131667,391.55754623781024
378.7354146105011,39.929270217541756,449.8982339887401,388.77670280566036
380.64149213581936,39.89787739183711,449.06150799617853,385.8332247241595
381.4151515478943,39.505269039839334,449.7229677917948,385.01744922539626
378.6431791094855,40.02459992117048,452.1989416774778,382.68190125706076
378.32098543209673,42.02752912838244,452.4867938657534,382.0362554071052
384.23811875174624,42.026435702188365,447.8207477464739,382.3363854641347
387.3255870163655,41.438952168845475,443.32331468384155,384.3229590571953
388.3500151557398,37.84662425112714,441.87018668325294,381.86549453130385
392.3874618664968,34.86881752283165,437.9962696335042,380.6924701972149
395.8199132067483,37.34314506415768,438.196521982298,381.5464450622252
393.5710754114037,33.81610357280215,437.69586459569234,377.67787484669407
389.73980651589414,36.51200519800602,440.94206823448974,377.1628516293979
396.0972926652874,36.06522005309753,435.2747529486427,380.19477812801614
399.08329248193206,30.761324388312914,429.1411796818018,385.8995834079333
392.16284231095153,30.589719130254025,427.2806153707477,390.70686901255203
391.9286272342994,24.537726852005676,425.33915534918617,391.7661033554257
390.4513789133444,22.18135786999619,422.3055886556775,394.0023694185047
388.7544983862133,23.042311366636852,416.96924049515695,395.67481152342896
389.99999066717874,16.214341754503693,409.7739507612595,398.21270780183346
390.4282344163354,15.489116145155037,401.5462803443977,401.80201137839515
392.93075939607974,14.83893802218816,395.6067491217483,405.4682497826083
391.0331931579298,10.101587441584002,396.22894086699955,408.4954826630244
395.53859057372006,7.818562759666747,399.28094072078284,410.1098239484745
398.83425315285274,12.792509540219271,404.1102145462821,410.77704650675423
398.83945225315273,13.807358929146517,405.3005480999851,413.5275243684566
401.1542962662943,17.93877827368746,405.6759951330586,415.4022322186814
402.32973814384013,15.786907214786424,408.4577126391059,413.7406027277493
408.29155092362544,17.847326072476108,405.6424921927555,415.8724672485455
417.94063179947864,21.150484232078355,402.40302146582934,414.6627573746535
426.22298020944766,20.953466853191827,397.41385088337915,415.3859715385926
434.67773295402117,22.854095281901806,395.7439903985046,415.8552048506978
436.5367734584471,21.24853740525623,390.2173777476925,418.19203210463365
434.02643897527116,19.30981919959416,390.28539807436545,417.38724185809036
426.3958650559853,22.270534797189498,395.9944276115456,417.4741910759551
421.016443529284,20.91228885236731,400.98146442486643,418.7978260100712
419.8956354655672,24.53094786756543,403.9016365773283,420.6054527428586
414.7400999721237,20.729425057835527,406.3044481724306,419.25973165394436
422.0318629383265,25.091784173398707,405.5339896762432,418.0730926845978
414.98207364984376,20.387823322195004,405.1707739493147,414.8609458368953
418.1057541857018,25.421042922696188,403.12419136194313,413.3157735731488
415.48962184340496,26.21403448754421,403.7868125490698,410.8038540425624
417.8983928053656,27.854302182009462,400.76746038440297,409.6831237130649
417.70480674297505,28.306876587456884,399.83824151797313,407.2112087593249
417.28404149916923,30.32176671156273,399.1381816725997,405.78575475928216
421.5312231837982,27.151335724932125,395.2042707645845,404.4280855817255
419.49687982458977,29.08387115822785,393.86589924401824,403.09262391847267
418.3335577415152,31.325818597504508,392.1616271961781,400.4245357864022
418.4084905202404,32.18539641394938,390.6762870283991,397.99810833916615
419.72985536820084,35.63351895095161,387.8341406205517,394.86602270615595
420.2105274652848,33.835758700363186,388.0269963842314,392.0510050107691
421.02818844202375,36.988668373551036,383.67024913587744,389.83228235552497
422.0416193759138,37.47422580685591,381.89513240268934,388.6362969710653
424.20522286189134,37.72638455755691,379.37848184247747,385.98185038984457
426.83044468168305,38.305857065617545,375.27398911632326,383.1439904691289
428.375068498871,38.12542406062096,372.6607661096329,379.55160726304234
429.7857586448143,42.19191791370088,371.2607411844532,378.5470899777199
430.33434972093835,42.636595571695096,368.7329403884444,373.49763086381887
434.8448683708208,44.706322976355665,365.02620362578887,369.690278234025
438.8039645125577,46.228943017990844,360.07385120513857,366.73784195682117
442.65648993758384,47.674115171657945,355.6238181125021,364.8228901699147
446.88763589883456,50.20620841509674,351.5663523542462,363.6344132167285
449.7810703429649,52.67940408429385,347.4940529154103,359.5090948143923
453.61359340841943,53.94449872711482,344.35080968672287,355.2778449952268
453.6998292611121,54.782844649918275,342.50069146358396,353.7585113042744
458.7221135097608,58.826256383507996,336.31462988424005,354.01910948321313
458.3787330961188,57.75830444766041,334.04507495567987,352.57080820430406
459.15165809272065,58.21049049066778,332.29916390943856,351.10966096560605
459.28668376079816,58.15361803874049,330.9455983597216,350.28798893258625
460.441526662878,58.17522104229778,327.5776282728776,348.8429977902025
461.31641180760494,58.708544313452364,325.1660057428612,350.2455249177084
460.1625328749557,58.94118226983477,326.4449442855737,350.9949182325437
458.58985641466256,56.65675778641713,328.16298530888207,350.54356742368316
456.88621646905926,54.18373374736274,330.2968417667848,352.8610816616125
457.818555674714,52.369507253602706,333.5184713579473,354.2462890474785
461.5207884381747,50.58201425239798,335.76532914950735,354.1454251353372
465.92411197978083,47.740549835428965,335.98049736628286,354.9260192791812
467.5430599314063,48.074919821629635,336.7159236161234,359.22378674162485
466.4759149274895,38.59051886306577,343.2535010346931,362.962941022339
470.81279205378576,43.89553984755673,348.0493255250815,372.4786562707643
476.03288562961825,36.5011732724615,354.4718836584507,377.69869721361835
484.3864729858602,34.74413743886592,357.92938370487786,384.46793088146563
486.73488746948965,34.628735856478045,364.2987034955536,393.15624594809685
490.46024408751737,35.65545076678026,368.86710189279887,401.8834090458884
497.06613016682627,33.86242846511806,369.8597870172012,411.3488338753481
501.90981148270174,34.6347578601638,369.14561850776465,420.9960820142727
507.511514564015,31.683878038176715,374.1299488563686,429.33575269187725
507.26977597806854,29.490932567652237,379.6649382696251,433.99596310285494
509.4679150443999,27.686633506087162,386.9777093618158,438.0113590522752
509.7680770110635,28.224501041256616,397.69522695833484,439.59070763824735
507.5586825855452,26.920521108211574,404.99843930371037,442.5610902388364
508.090272860571,28.711479782552857,410.3413542584195,444.22741812941166
504.69307958060637,27.364819214747627,416.5542607921037,443.01686391407
506.0974057507643,29.81372524811917,426.6305962829035,444.5829156969668
505.1376466619635,31.939742286059186,431.8848303037058,447.8900804774405
508.48920908924276,26.10533225370375,436.8955840807392,448.26418656815235
505.7501568074685,25.828629034153693,441.0574584664083,444.85347285764004
514.1497594680307,27.292374308777084,443.296031999654,439.67711431980683
517.6107322777038,29.02977184342305,444.30546951324243,435.34996424715797
516.8452703272844,33.323055339156895,442.3432694059024,434.7202983291461
521.9253299492402,34.105325343729874,438.7426789896581,436.4778107987904
523.2012754639534,34.49431774303443,433.97911803835666,438.09099936291324
527.176572562854,30.0622519523522,429.24432579482504,440.97704590323156
526.7565768539254,27.587407110206925,428.4494034105353,442.8013250307289
531.4162912965963,28.388014135177883,428.88082329533495,443.172914215841
535.8060248768115,24.897560945831742,428.16015015651107,444.0319248044332
538.9903019388681,24.93230709659673,425.3020542633701,442.11278963009283
545.0831483014649,22.279627039410457,422.4153489267874,443.3468773712659
550.297088189585,18.706400515039604,419.6698913116495,440.7051958451175
554.97814341875,16.435876896639172,415.42090283970856,438.000356279245
559.5004546486996,14.710845492206488,412.12026889375613,435.4235016305298
564.954983667887,11.065557969456279,410.40301669491987,433.44630781616695
569.9190360802193,7.354379147974953,407.67438525129774,429.4650180363391
574.5605387744431,3.4691943609037708,405.0894789992027,424.1065776815874
579.4277024765835,1.2731873073578868,402.6958903682678,420.2489360651074
584.2190885521936,0.4146729238227067,398.87924103504065,417.9023361586243
589.0216099959409,-0.835357102809752,393.65147123027907,415.61542321231644
592.2227505927217,-4.279045041401503,392.2288324279225,411.62044053847455
595.0119819894835,-6.938228113609938,389.9021501443476,408.06465163833576
599.0602931069293,-8.366331641973744,386.19367383307053,405.3153637190197
603.9337170481022,-10.100008139561425,382.6601981812546,399.32600017671945
606.0668912254552,-5.384759812143415,375.27693507740315,394.04080820175403
611.2204707858502,-10.246809344699813,368.7233148035825,388.6844038031217
615.5647536415704,-6.796481286208376,363.1608136310978,382.3032115232856
617.3157853762434,-9.161892011001157,356.92357765160466,379.5408169351209
619.7500320100938,-14.031378495433103,352.9785744909634,375.1043290885551
619.9498181080137,-8.967703030530288,350.6195389371984,370.85815081576243
622.92027775834,-10.570121541152673,346.9895348682503,365.07510522287146
620.9864333577603,-10.144284137636362,344.06587187421314,358.04747225925314
621.5491872134207,-9.717304937288645,339.7860610890092,351.32255076193906
620.338160148952,-10.022414096458249,336.63576996114125,346.43992116081415
619.7595112550092,-10.812789917938517,333.719268138889,340.6463275011929
621.1747973444806,-9.684097160199912,330.26555765142126,334.22808097039587
621.5045369277232,-11.745736342675457,327.24088797895445,327.63732430116727
622.507468185522,-10.5843113752573,323.93149012114026,321.99675848307595
622.7386076390267,-12.122090970032303,321.6633570128143,317.61688382710594
623.2189066116,-12.404610646986157,317.5025015279185,313.57981756349045
624.4154830533636,-9.66566814603732,313.3346975938236,308.0310346173212
625.880560337904,-12.934645193475461,310.31787015988857,302.67847052372093
626.8299269969905,-11.932773795427238,308.05585311812274,296.11538486644895
627.4086697551263,-12.195269129500275,304.56092472694263,289.93764964729644
631.2718392236104,-11.256565757433748,300.2612975876887,283.7498257278704
633.445256400323,-10.57945685302957,296.35812128813836,279.7626933759102
635.3741726037971,-9.973434359200212,294.1103204859571,275.67340844570083
637.1328613312005,-9.437387237629252,293.8273695295634,271.4064589893936
640.6372977730276,-9.19717291484045,291.0455927266892,265.98018569354747
646.8962814088525,-7.8580169737100505,285.8239539996562,261.9388601861417
651.091184156996,-7.936378315909138,280.5584809313476,259.0219253578751
653.3173286862225,-7.723311869960142,277.457263349831,255.6141235168499
655.7822774206929,-7.659873371755452,271.827895122452,253.5075892280745
655.4183868909839,-7.151824650569438,267.42505141075185,250.7079197079513
654.8883941198285,-7.7913312038264735,265.1425207692095,247.51965862547002
656.7191577090271,-6.698011280358429,263.0931752543257,244.7609348284912
655.2013289290475,-7.790034155008769,260.4232315989223,242.98507733758802
656.921607943654,-7.403886884216405,258.16999392131004,241.2628305512447
656.0131362583197,-8.224495931888868,257.2026095465407,238.73707124104152
655.3033472715931,-9.259147123188612,255.05772843452942,237.48870518568324
656.0329837175877,-4.372229802354667,254.2278101386783,235.42078742557663
657.6955305217689,-7.222817851493787,252.70079411362886,233.3574414482018
658.0075497632099,-5.1920311785852675,250.89692591406435,231.60920113690014
660.6622780835448,-5.5495728101886215,250.07401435930157,230.69146176731724
662.7318407890067,-3.4045915242649585,249.25559126275462,228.92648093260675
662.2477505306576,-3.865622364471477,247.25293084851404,228.24549369238838
665.3332921970539,-3.9457148315104718,244.3047445684866,228.86541381137428
669.7265799366259,-2.5980406988507383,240.9013244352593,230.06023755075452
674.332752498721,-2.6677079988081687,237.3492700291476,228.5593017983058
680.2044918157976,-1.64806923133267,234.99016315250162,227.36074694344666
683.746996937736,-0.7433660306940766,232.62392436629705,223.8617696383914
690.0077132468883,1.1446834120428377,230.4018682357243,222.72472981969003
695.9014440694665,-1.892936119481348,228.40130997191562,222.59189860457067
701.8137123625204,-0.11461878662818492,227.97368977527333,219.28121375854838
708.2098945540868,0.44022152966870465,227.3065504592792,216.83875622184846
714.3572629773947,1.9824967366672581,226.86023757048793,213.8326550273166
720.2460637294666,-2.106220718460804,225.40059203710837,213.1838751472285
725.828215392262,-0.9538692359399761,225.8231198043521,211.31446123729586
729.7878151176099,-1.551166754457583,225.47350520015289,210.214123670495
733.6342692610126,-1.0873179514380809,224.3837773218251,209.5456817121153
737.9868124221874,-1.0656952849302286,223.14063367220507,207.26845214715075
740.5052803948345,-0.7318519035419513,222.64730496186576,204.69685820454174
742.8548286370906,1.6972806458725103,222.5969211123939,202.84587369386284
744.091807301363,2.598725144690519,220.88991790782288,202.88837632735323
745.1577663831598,2.1496783240839363,218.930074404888,202.74192610622356
745.9779952578117,0.7282395347155131,217.6995708160362,203.39066205860237
747.3958753647025,3.6081090685046604,216.57126862151102,202.73404045699698
747.740984816993,2.3146107950380497,214.83191427038182,202.18818659537612
748.1474431106208,-0.8327139767231984,216.09459973772204,202.13722170561005
744.0640812517703,0.19873282232268252,216.69795275077223,199.87700149206552
744.9631054872784,2.5571877270473067,216.72692718987412,198.8543692075644
742.62445338275,3.615831331417894,217.3679412301687,198.31109249019437
741.6058361278239,0.9694664941959985,217.53127067734545,199.64679925928843
738.4964833487062,2.1824574555131733,218.9981976329806,199.4001875015253
734.0613177173042,1.5736494742517948,220.85040956061022,199.4460785485436
728.3823712074294,1.2757167388780601,224.4115877976448,200.25365980694022
722.9681648039807,-0.9663178512873998,229.82205951109745,201.07672015243227
715.5324658223633,-2.189286859311025,233.9839075704627,201.89053302924307
706.8387300700729,-1.6727299796377224,238.04682940005566,202.48452438674065
699.0334169114446,-0.6914290136618035,241.00299004195818,202.61992870326293
692.1899583318169,-0.16592312274329402,244.32077325193387,202.68301022510633
682.9447231476355,-0.270970166649235,244.45349749602912,203.01413614859345
674.9634499176968,-0.743338865834545,244.17459269247874,204.01647430220856
665.6640307903435,-0.9936010677082407,243.67146599662382,204.4126928127732
662.1370672528947,-1.2833693478180521,242.5741374639166,204.2753501839784
648.6455627705186,-2.0311087016303304,242.86772191389815,205.22491489729066
647.1071927232107,-3.428170003429315,240.4059850645442,204.04646875050716
641.5480202512891,-3.242600481718995,238.9554155949351,203.08899369043155
636.2144390517715,-2.6923738153426484,237.1156123567635,201.86574745807025
631.1149805934472,-2.896952111450787,235.29738030185433,200.20381788199734
631.7836903309285,-4.752583484087268,231.6693705406368,201.22866161710795
631.1390950934535,-3.8908873589996915,229.28415591762536,200.77595682783215
628.3586041335741,-2.6322793881227824,227.38294291779823,200.6376142343144
630.3328278003346,-5.520568777655214,224.77469457796002,200.3029354602787
628.9963364333996,-5.119404700651188,222.91983335965105,197.2527421062279
629.9680200995158,-4.668828168066057,220.55466159931802,195.92949094087226
631.8079958318806,-3.3266961933817925,217.81753122004156,194.1750985506468
635.6785472708166,-3.0721376005028844,216.15912716419086,191.25123817984564
640.9154386835677,-3.4113033852894716,213.76682531860826,188.41546133000048
648.9352185332214,-5.539581029727131,211.53735091593165,185.9355778676551
654.0134092115668,-4.265124073501042,208.38745931296393,183.92331646060072
657.8227459233744,-4.979691724841629,206.67135375281308,181.86435099614627
660.6839010585443,-4.148308593491862,205.25662872188377,178.8329944977366
667.0954097144893,-3.3459008770963408,204.2835936716516,176.35123058910784
674.7255295280282,-4.035189756363678,202.48700284065512,174.1912160090805
680.3463024726516,-4.717682249671228,202.4794533427048,171.3358492996812
685.5242179172043,-9.535560604315165,200.8453688983016,167.5385777878387
690.5254427205172,-4.697773156152834,199.83840650481056,165.80971252438758
698.1088665527191,-2.232280342095521,200.42791698707435,163.39405506514197
704.7780675150832,-1.235757076626598,199.91352400399626,161.38408065303778
714.3434054953007,-5.566724322387984,198.79794470799027,158.2672141802051
