412.5,109.5,82,124
414.68247725478375,102.96620609910863,79.85944672601293,126.3698329418584
415.110370611923,98.66228252384568,78.08839260384036,128.06086719565582
415.7502149371127,95.51355672552624,76.866335770176,128.94686840624732
416.65165959106173,95.4465323147387,75.71287888300849,130.21568070705518
418.20660787742463,95.30488298757051,75.1228699960584,129.67561635527662
419.67356604307815,96.34276020857112,74.24280288502717,130.77022486264673
421.0422732529864,97.13795839808725,73.59705826310814,131.22162254527524
421.13477514338217,94.88832301946374,73.02123466453507,130.0891231685501
424.40569127386334,93.68875578568759,72.7271703288352,129.95566438582773
426.9143719492863,92.11315480497711,72.148028525261,130.31367968266738
431.2113956027902,93.5711410891951,71.89725152007205,131.22795356274827
433.7540753785652,103.94847409904469,71.1706833198404,133.65821452974342
437.65218185668414,117.24692855029296,71.99393523787012,133.96877633037187
441.0307404353961,125.79911088984744,73.34015441467461,132.12393504298655
455.76035650883836,142.3962718562898,75.56827349459687,132.9652194943792
458.3809547026203,152.80199952475377,77.2750603719561,134.24459209934577
460.0162133160291,159.25245368994183,80.10695203109428,134.41659503148185
459.97625891278085,163.66576996630636,82.25411323512799,134.05596017467562
457.47063558779905,166.0721278086633,83.8128891056727,132.7472086756765
456.5660632263779,171.174343895505,84.15386115910431,132.65313664756195
454.6210354170176,173.06808434624247,84.21642549440807,132.1437626739587
452.1252160126745,173.66018450072428,84.15259431331766,131.70627940076548
448.0134111970234,173.05723920050752,83.9078659319245,131.4699617110989
442.2694723835888,171.86069707326513,83.79050464430406,131.0462541927413
436.70703872165655,166.83167002847316,83.56987865151811,131.29077449936625
432.2180420431707,159.3975974725425,82.90467494885837,131.36629895235308
426.8943236948196,151.685094720853,82.55639555058997,130.50425611588835
424.2263015590913,144.5432907330005,81.52391860851499,129.35446679850247
420.9607269887019,137.3606202270506,80.64625665691722,128.9403078027729
418.22794028502494,131.63760197904273,80.3063748564464,129.3288014978853
414.6165103274537,131.56371157475144,80.35026300416337,129.42038010343254
412.5775272160811,137.89179643384318,80.48129309638489,129.4283959092359
410.7938473516214,147.19848734010412,80.50111096853844,129.9359342779884
408.97328261572665,160.90097881781566,78.87861005016079,127.38599854851748
406.14406723348816,164.63529166158975,79.29053793835598,126.77472654825567
399.8230049375559,166.51257056460005,80.00459150818682,126.85762186914242
392.5487004569701,164.06584763293358,81.7228124002056,126.8805767046433
384.42598978140137,160.85530253325135,83.04461638836696,126.39137237123194
378.86465128119454,159.20883950589297,83.24019797557266,126.13067713383444
374.296335218678,157.07871245637995,83.41355323750764,127.67212925761018
371.62897522444325,155.85581055758018,83.82741007442678,129.15536411647759
370.3021837576683,156.64784823759004,84.2926614039728,129.4427335778156
371.9195694397656,157.78120733185875,84.40765843997048,129.7331016186025
371.9858755576789,159.13196724786133,84.72834569674143,129.32347312303838
373.9401480808553,160.21696252573798,84.76029828718367,128.89288462302545
375.5670574452644,160.62943458417755,84.52818876208549,128.31075686495106
376.7102479563146,159.09790817288027,84.18393818641914,128.36311327641278
377.3312738320949,158.51157264334887,83.79261518508744,128.91242626462517
378.0638172103048,158.36855839399982,83.2736457105814,130.18063214007043
379.31861240824384,159.49238193402704,82.67310649458918,130.51396416882642
379.6074695792988,161.62094007727717,82.15182106550627,130.05154206758314
379.5829946705547,163.15355679045575,81.85730582299895,129.56555277803622
380.46989375067693,166.70202802616654,82.11073196504626,129.4465923508346
381.0278631325081,169.18681614169412,82.51164832204277,128.83867660027877
380.7850749841387,171.77552670505713,82.80261028288702,128.5422593302117
381.17143674009526,173.45933824469026,82.99637191368174,128.40568197390684
381.41784461817286,175.818892645113,83.14834734338237,128.34185090209579
380.70320950787357,176.88159490935072,83.43399361588374,128.07879528776672
379.8008930322824,177.4822264798841,83.64280542486948,128.04869212938124
378.7831217824004,176.52674998104723,83.68362353174244,128.1899621236294
377.64642393247306,176.76699407454458,83.81809510974051,128.31597527750083
376.5477181487722,177.78274680156701,83.79061310719591,128.51517460784925
375.3464225785842,178.22104998791792,84.13150986395068,128.34818102191727
373.77118388490726,180.5148662344535,84.79126507189179,127.85057681482633
373.51436611093334,180.5188604867322,84.66491458163159,127.31677538636072
373.6549919883938,177.70878153126367,84.69636265128229,127.45087744631515
373.7117466730517,174.4225875698653,84.84310960220455,127.15929795044121
374.6148820991807,168.47408809467981,84.16619370371242,127.31926210314376
375.5143208312431,162.26426874384424,83.6363724405688,127.08900132208782
377.5736339826637,158.46051578537796,83.02080147181883,126.1214292284613
379.12578368961096,154.6136995593215,83.22283416928289,125.70183669735889
383.33070378366676,156.9442522742782,82.99742791824406,125.02640517186447
388.76254990586426,163.29485305060825,82.60166169923966,124.39472075482442
393.85011197026057,171.62439234912506,82.3774948687259,125.54034873127715
397.37186162989303,174.4324331985136,83.01942941405443,125.92490742480359
397.2461843500428,177.12394937612305,83.52920453053855,125.85496205612637
394.7557722712639,177.39880316813378,84.04888757862986,124.3808918126506
393.83921284200386,177.72592818697706,84.69630733188714,123.58850438971487
394.3500863322929,177.7482952943741,85.189210815367,123.49277112582354
395.8074953144702,178.1533254886021,85.79567313970873,123.46663966812694
397.5145026893278,178.63236623287168,86.41737540049154,123.78940119907327
399.3158997560112,178.780931289274,85.85151683498052,123.92118184834018
400.5117085653448,179.40243639239614,85.62163737358574,123.92168832567444
402.0596132225634,181.16223108770987,85.36809509558648,124.39091972629146
403.57983051611893,183.71524449323772,85.40947742017285,124.36817014073017
405.0215087765127,186.8302640158273,85.216602323717,124.11262173809862
405.2235344424598,189.8002988699733,85.25044199829246,123.84824506493234
403.5160970611406,191.30181239131463,85.55789321700077,123.31866486825797
401.38400452543067,193.2418151094847,86.88011628471281,123.21284747360488
399.5842120022889,193.67055173955123,88.51707725796781,122.69107690097374
397.1322890321145,191.83571483181635,89.75764247283747,122.45623235058346
395.62811783592593,190.66885583251187,89.47080335238198,122.74400828109249
392.51769590175076,190.33704091407168,89.18311660397207,122.89616988629487
390.41622406566285,190.5432024676884,88.84017280590254,122.82053958911999
392.7780116057581,187.7876767090901,88.3976355331766,123.49812648381902
396.13465806136225,182.0720345363772,88.01893544118221,124.74155606239913
401.07398193513865,179.0974243218767,88.04226523269188,124.82311310791621
407.00705084842394,172.11642092330533,87.46710869884589,124.12461365658487
412.88934942969394,170.62241214819466,85.02488111180642,123.09285390883261
417.77385414411316,165.7899317391093,82.98890820106486,122.15393098371715
426.0636010787027,165.10863915191152,81.2820110726085,122.07605380726739
436.28888252115183,168.0213737785961,80.7341467045559,120.99194521826593
443.62880598940404,174.9151172849131,80.56360572203096,119.45791146033159
449.62497935255124,183.13829195105413,77.465788338388,119.06823708532492
454.9631064565754,192.43517223676423,75.66797498727321,118.29409473900242
458.44137021699754,197.50437445857497,75.77574085098095,119.5530930587476
460.3592369024695,203.19124257881322,74.94556406344157,121.17787671573205
463.95034563991203,207.57838367915306,75.17767039531923,121.86779930326038
466.52035287106895,209.64669495984987,76.52586041222284,122.93568647697415
470.25357676486004,211.0776781970086,78.68811860303421,123.38015105772573
472.2638322106245,212.74357244203262,85.1440662610048,121.40608163143652
467.41823730351575,212.37103760614426,83.93304393227805,122.09573209286869
475.0570072409301,205.91612883227788,86.53942854170226,120.70774766916588
470.967394323295,199.48678081808882,88.9645182914621,117.5204289117774
477.54313900522595,185.79912049778744,92.99662267760024,114.82921551002178
481.4931224492687,157.7811158134972,96.4883565341437,116.48690990667845
474.1342568887865,142.65876746951213,98.05406720070127,118.65008651408215
469.81277379967753,135.0312477699167,94.66422602876058,121.24882536853426
468.57537174955274,131.02615212284692,93.28573504119586,124.23013892753585
468.3303007863768,131.9614634905139,93.33485209786724,125.10859518123081
474.9431973631014,137.4469071405361,92.0637918393156,127.54296605989735
496.29835763247706,147.54517344130477,92.76307441946072,127.55726605418522
521.2762970900787,153.89563954618262,93.36588080699164,127.20730506635331
497.30935776444403,184.81504940575388,98.50436837549752,123.76461495536512
509.28432544006125,190.61802149307744,106.56701771054232,122.40268933540548
524.661846148591,203.582716083764,110.69634900466443,122.96242254477941
531.9052871216214,209.72891736424077,114.05295765918962,125.23159301239038
528.5367260169215,216.20862807987697,117.20022229031176,127.68861445221172
527.8187853645398,221.32154700114592,119.77235063391639,128.40278954149753
529.827645528022,227.35521944364405,122.74938128351454,129.36122247327378
533.066044971574,229.76325502819827,123.8685740078914,131.02338654891628
534.7714639084755,237.8199804658147,125.70032608464969,128.81365080735043
534.6032844670667,240.20334734707913,126.3014516307804,127.85748895377236
536.3102954781741,241.75260009945833,126.9975823299705,127.34674413588834
536.9275347798822,244.08966142867,127.7466247112041,127.44472001872478
538.8621017643935,248.55267779993233,129.8157803845153,127.78786662037737
540.3248846621566,256.7048864176108,131.98774876867682,128.55360166773528
542.8732003858477,263.8065768982353,133.83532165173904,130.13933565857374
545.19579226447,273.0544234573496,135.05791142736174,130.33225643194655
545.4908958436135,282.00567682690127,135.39787039437226,130.7023460520962
547.1376225250633,293.29813248377616,136.722419446176,130.76039814777025
547.4731352706325,299.37569290008895,137.33780905513532,133.37619997597233
546.7301041189296,297.3361352390341,138.1833633028541,133.25116700554057
547.1552992146976,306.109523114853,139.6097983009086,134.06464172692517
547.7715709686486,303.229775946818,140.41484219725777,133.8937008823312
544.9699313234901,301.58028339492694,140.64079833694007,134.20420088822814
546.8957539111354,301.29069904001074,141.69167286456067,133.58683889833054
545.9937395989265,299.52605541096864,141.97978406859116,133.49190888460998
545.3498112902573,296.14601424364804,141.96139059056202,134.9613828131843
543.1420092474671,286.91372094924907,137.7998309798536,140.4347918430833
536.3097728989211,266.03561576079176,131.20433205829323,146.77377352126751
529.8469007871622,253.08406884243107,121.65786444404239,154.92846380879448
528.2016215692319,239.14653382550955,115.28981635066731,157.60337476976156
525.2114733692387,220.50030438420708,109.68195414317076,161.07975546633136
513.1650370686972,207.2321820211845,109.59674141710522,158.82721425792823
505.89980308519046,204.7253219517473,109.59090872493898,157.15666735273527
499.4978025519548,199.67195096269944,110.8539971632365,156.79752035378021
486.0598135912073,197.2031430803475,116.12304149098159,152.0477295785671
484.50700559489957,194.56386348326714,121.45667839004534,148.1831632386702
468.369114766916,191.00319287811334,121.92063334007983,145.56629567822586
457.4580378623788,189.5107518092952,120.91494634410063,144.00426037735508
452.32660168530845,189.86299123200246,121.09321920330717,141.26236507381063
443.5960839722201,191.03475339449386,119.47107515560702,139.34516404346746
438.8234088808154,192.24274972751056,117.5878135830452,137.7140040338176
438.2954741002322,192.72364526407932,116.75167555487145,137.1820562076168
442.0444655953715,193.02649103516455,114.15219920598074,138.15587738078602
453.7735745393936,192.21442859761157,112.99362388080276,138.67789830729882
474.6999932959673,192.2259039516266,114.7859088957315,139.0271502340802
483.1172992265159,192.5760141869079,116.56895374239794,140.45936055537246
490.1311774325483,199.48761189808965,120.38798192200794,140.57175396967887
493.4214047983997,203.40572303255,122.65542376623296,141.6811922918837
505.8368380954791,208.35641782066492,123.11566053511123,141.4367260097212
510.0581825572009,212.66846600097801,124.14169490878686,140.79854626362746
515.6005633067862,215.10296906705486,124.65258980457472,140.43115899362587
521.7464077126035,217.65801101399896,122.27057086903872,140.25472797754531
521.8229410273271,218.7493281893012,120.59565734914185,138.2992739141828
517.1089091706664,216.3763816829864,119.89048227004406,137.37942214531824
511.1528272213909,213.5511889221892,119.52033282173217,135.9455634156614
506.4226078419491,209.4598552422882,119.18375352946822,136.0238682876704
502.75345768928526,207.6832728644281,118.5221344202757,136.8878026013435
499.43620571342575,206.07190096616273,118.04428266291885,137.958741473863
496.97446869746443,205.87513683283208,118.42294306187635,139.37933382553103
497.46656048861473,205.42427554425686,117.45496433032399,140.6258131847364
497.9927429438448,205.77092557488538,115.94283118418033,142.82923615547702
494.57593336306263,207.3325474526354,115.31839484952889,144.87458103828266
492.3032323341547,207.10880951669043,115.06651897994605,145.69450368560896
490.90133957026273,204.85041203569418,115.78913251828908,147.40071219511736
487.02871255142907,202.52768421726236,113.97948638658386,151.1236893945573
483.2562345823983,201.00732211783895,111.5335852003168,152.51883032142385
483.1970804109382,201.12234781011028,111.02711264991115,152.03223339321048
480.7319484216352,199.86646591036993,109.32696166574861,151.85699238808002
481.84337027293884,198.90477606159453,109.24854478580374,151.40433568006748
480.9939298322368,198.25025748766626,107.63803393022349,152.37848711148573
479.77961829277535,196.46885359616957,106.52839154245629,153.10321210410433
477.8218001990372,196.96817996360028,106.02302867979226,152.35747463241887
477.05929298327413,199.19814537492712,105.80009661054025,151.91116704737505
476.9651611495449,202.48526751475885,104.89957975565227,151.3579956322441
478.69609923704957,203.738651229111,104.20443984963998,151.9286312720822
480.47675726020555,208.8141784750312,103.27448314208841,153.38192496292004
481.97264416706196,211.77605863097745,102.88062473937111,154.79654498778908
482.52171451245687,213.0012602251004,103.29114889500163,154.70583628043917
481.082457565626,212.11625061245098,103.0781148226599,154.01393715170354
480.0209827958731,208.6183612405319,103.19908739530769,154.7359431790195
477.74950786672787,204.04992442093993,103.5371417572299,154.20408322140165
476.20935875666333,198.07141258096357,103.28867530031114,153.76888831157166
475.24112622767416,191.63038822023597,102.63889982827547,152.05572505029983
473.0242969986739,181.63131160583737,106.84272870668426,148.52060076750038
466.2395931529948,182.28345583554125,108.72181924411178,143.96237530209586
456.6817065518788,180.90212663172173,107.34165509893171,141.0721358749571
445.98371264533205,182.86970054755918,105.34810128604865,140.74846041152256
437.96489276155216,185.17243202510593,101.76082116225103,140.52155895316363
433.18508064806866,181.99884967805855,99.27286371654957,138.96324278559462
430.7695890173566,171.1325058659013,96.85374970319333,137.58274071264347
429.922104072934,155.2522217075855,92.18129748815673,137.85855446689715
427.64587002764426,139.24357890550553,89.21399734066858,137.99125945887448
424.7822040242413,130.08070549314192,87.10403858361946,136.5802223022785
420.95493485725547,120.2383706351973,84.71457724565516,134.90769330295774
412.2719104853287,118.69078792955241,83.42409942395696,133.01319892802314
404.47432847630637,117.58595217844375,82.52265852256795,132.1078730433081
397.1584227666451,124.9321635401077,81.4494290101888,131.6225397441135
393.66089991543816,132.04230880257086,79.92181350349628,134.2983158848366
393.50458313976776,142.573068493984,78.68370669362346,134.47409546746437
392.9353553861093,151.08532511329184,78.33433382703136,135.92663873214465
388.55214037528185,154.48818842101514,79.70922522869108,136.57968525283695
385.64181534605024,153.95454701576818,81.545075663665,135.14322870633623
386.8606020455497,149.08989913028626,82.8173909613366,134.53471300726838
392.95098806186274,142.8640709810892,83.55997879962116,134.72938840966634
398.99522492603535,140.38241610706376,85.18158807908846,134.05258146612786
405.363724653589,139.93004425809352,86.5187902078435,133.19810563682378
414.1864969029864,140.50950138570366,87.11404847394124,132.73899091926222
423.4358503033847,144.51651981287682,86.8595070936768,133.0464739166005
429.2504571574256,147.57936141409357,87.86379729947438,135.39367393865427
431.9624743566035,150.66704979479857,89.05750687008225,136.81800335018735
437.3693799547264,150.58497625497054,89.47179549683452,137.20309170520164
438.49832642595226,147.53397822146192,90.11091907965135,137.9159161718771
439.19937201346914,139.4604530144774,90.37318926230651,138.36811566421528
440.915765696476,127.15618368733112,90.2228845203467,139.1538298403584
443.04355800620255,119.65217886990119,89.80626054847662,139.45846461254737
444.93736915176953,117.02853385200594,89.41407168324602,138.86717785466723
444.7841133108604,123.53110686595178,90.24058811436234,141.52388752440737
446.2862011793195,131.55051802211952,90.85938319691736,144.0193726919303
448.00976487314955,132.7950280682171,92.3770409082869,142.65871930849062
451.5085062057921,129.58736952419707,92.90702406331427,143.11764506199697
453.2631602685069,123.70956596593444,92.88351048210458,142.92324664721122
454.8399542686418,125.05299721881671,92.86670798903702,141.47428654432449
455.48665600068097,130.3985537891066,92.71683930450729,141.68484481335167
458.6064184731794,138.93570700424743,93.91313780006212,143.4158972697887
459.7053481588801,146.43090785465586,93.55155782090324,144.93817753003148
461.642308431356,146.7731048322462,93.80667990137859,143.7253222973659
462.39779746192534,150.25405102062464,94.26552925379892,143.55027178996323
461.0616660041265,154.5709165288665,94.36765872174955,144.0185715275689
460.2610128111582,162.55542220844515,94.9366930072375,145.67030296626314
457.3783943308328,166.41420346031828,94.08768026162,144.86347416231544
460.3881878697438,164.26905263097171,94.49310815648481,145.4938281872653
461.7340475776932,161.0808950193735,93.75916397576201,145.96462011029087
463.23610386054906,157.5186769124865,93.47341493353358,145.60613615423452
461.9897822859842,156.81683346517787,93.66950160988506,145.04893895461348
459.1124865209557,158.96505656386196,93.6373185046271,144.61381921331525
455.1393570379043,160.68960852696875,93.66933901781854,144.07403587998192
450.68198441408634,160.91288915666226,93.44003843568149,143.97389133240216
447.35792219829926,160.37500993769294,92.79748436612644,143.74793689974297
445.8953113890648,158.41145180851728,92.16277113008798,143.3149099734324
445.2105546984138,157.79443476390492,91.63930238610772,142.65418786472776
444.29527116976425,159.14288214723788,91.2462616648576,143.0953720260556
446.5188003732623,160.66806493166914,91.52190671474007,143.40591663442393
445.6397435076705,161.37288510453243,91.71792814169396,144.08951511926378
447.38239568335837,160.6035113277032,91.77775523524929,143.2825306992742
448.24299295373044,158.3642063448728,91.86237436466352,142.66683419597135
449.0387537725074,155.2711543729012,92.03201190870445,141.65881868648435
449.9865091883257,154.12806450856075,91.98240089739562,141.42238012140302
451.8591354232183,160.0596279452709,92.61728920901308,142.94118836761166
451.5664983653474,169.7751760253592,90.79014472085768,144.553419538978
454.0970766027453,177.56323577612147,89.97997100744502,146.22432266623767
457.192665062483,181.851295703178,89.7796974655025,145.68592349236138
458.7651921277076,180.9786326017318,89.26737858743365,145.28633292241142
457.8066441221435,175.87895307201973,88.62289203325429,145.2692937426998
457.3519922536878,168.1435499633236,88.13522478284577,145.01816850257248
457.0415606899365,161.53694980357466,88.19648910682815,144.17803935429697
454.7919663164716,158.40803672061827,89.38812122457706,142.73159134265845
453.31365247133147,161.11257491038407,90.37661582293072,142.1966728687055
452.64498616969524,170.95076803471318,88.91845983024061,144.03680044451016
455.96208218482684,187.23993583565522,86.47610415709418,146.00305483896398
460.7406599536215,208.73864980403482,87.14866301312057,145.5515444131911
461.7965313935142,215.78303996022765,87.02797502587505,145.460363702551
462.52358682578733,216.3434066616733,87.43410545523605,144.79686232790567
462.8891015821274,216.45251782845975,87.56675272897856,143.7750907046294
462.9168902239858,213.63577019318475,88.27676086777774,143.2362899279687
462.7183214169137,212.02030811063602,88.96746038754435,142.9579944466123
462.3911891245001,211.7470550032251,88.77626908743812,143.03446335011856
462.62222752548985,209.789430548067,88.35597255236942,143.2958433467843
462.6554622468398,209.64313327810393,87.83480484507058,143.59276952248734
463.06193077861303,209.27454781229028,87.5101302262587,142.34282995854733
465.32582746531637,208.7858323152914,86.77343687802903,140.768709372116
465.4250387111854,207.92545536087025,86.08968705307922,139.63921661309638
465.143073008418,203.61867239642032,86.12396216760587,139.37518568683265
463.77157645190886,198.74907566613405,84.94396185906967,139.15149805914834
465.21977292150564,192.74591793623878,84.35571658871461,138.7149433788632
464.38781129327623,183.38401608178143,82.13263809232002,138.01679770118125
463.50474710702775,174.07707794360596,81.65882486783208,136.66033515612105
461.88879174164833,168.3897136138629,82.84790608504109,134.55752284575848
457.5682655288322,161.30443588259442,82.57611385277536,133.61633819599083
452.5985629411339,152.98583543354,82.6774662785383,134.06958294785943
449.14109435952963,145.32159158782696,82.89136746533691,133.46669608941974
445.74543057837053,137.04577105815628,82.49721157199713,132.60936726961077
442.9350840877413,131.92796877082995,82.07693232043692,131.16598910958322
440.39909186970635,123.53562567855514,80.63224128424741,128.36916856500687
439.97162876569433,117.53140842596235,80.71140386140443,127.99128486340533
438.5186545937044,112.38762264220404,80.64830418216039,127.13814369288485
439.5773232256929,107.79037290945689,79.64536229820354,125.38159907573754
441.8437057994681,105.6422561599641,79.28350226387333,123.66466710078512
442.5276092550024,104.20517091917228,79.38306097532518,121.08757844616885
440.4590329649687,103.07739349289932,79.0006870737642,119.1107495706874
440.37137043406,102.85867446945957,77.40060863597829,116.06263077667028
440.7045941679154,103.429969931237,75.96456816785555,112.86785741712606
441.08133398258275,103.41337564394924,75.25789937039544,109.79827900103996
441.1829570286149,100.97177392945822,74.70598485205589,108.09201919607423
441.3512223102379,98.41898059332368,73.93535008463199,107.58212496853253
441.1498933357188,97.86874307241092,74.06253759805088,107.50152860971563
438.9674218116683,97.11027046693289,75.12939138032841,107.51839228151765
436.58837746270456,97.57453343884275,76.22625309041727,107.47765260688587
433.5284390189115,98.15069713891437,77.35171135694003,106.72716926120316
430.88061300678,98.33614690485263,78.20272894364214,106.26486848760692
426.5328265401251,100.77603831470756,81.65138701336545,104.05765351228791
425.78366270265593,101.20329165550629,83.32712012017043,102.94254933346566
425.610185254779,100.96217531427752,84.73326159372118,102.23496005738133
423.84284235663966,101.26025502486688,86.49429555169726,101.85870666828802
422.80385046845487,100.39707277801551,87.86664074059206,101.80920215011179
421.074508574447,98.64423921258364,89.09812473574581,102.21077382199115
421.08902066550206,98.37380359810663,89.68927102768822,102.00654514879217
419.7044526360792,96.68917908222829,90.5660243455594,102.56996799341505
420.28273165828824,95.27664876063405,90.78694430464328,103.24777273908157
419.8559224918501,93.91883333407824,90.63362394161202,103.89667356976275
420.64444047335695,94.83440331987552,90.82149760365164,103.49860771487505
423.4238767378744,93.31693674220227,89.39754233383299,104.22416296151488
426.95357979357686,92.13471401895728,87.81332590824962,105.98979958298884
430.71389095250674,89.54257063816314,87.17492528915092,108.4970309856904
429.6491023726999,88.71693000824325,85.87587352725589,112.46031871907145
426.6320170709956,87.49711300583469,86.16214412150921,116.09294004669587
422.06287628001985,87.78815257769448,85.9780103515929,119.66497801036766
417.38638542222645,87.39507967101108,85.49509176047805,122.37664376697177
417.34570441884205,95.51892950602993,85.66329335374323,122.25000160731004
417.70237715483256,97.07873845114021,84.73237046903779,124.94069217351037
419.40312128249457,102.84754277031983,84.87613596737577,127.82211944671118
421.68032984134624,109.1395840946527,84.54505936099449,129.80874602656107
424.2085314190314,116.11462358191221,84.39135901400442,132.83572927738385
426.0819395964474,122.19671113389964,83.92415710771967,135.88866385358477
425.21745110197685,129.90714222860282,84.98383926252382,136.91804084569696
424.99352681701964,137.1559533721644,84.86152815874739,137.83553391501917
425.2759416257865,142.39449577984573,85.01151374058881,139.5704423171247
425.0644377973723,147.2508249506556,85.75577129966564,141.09045571317583
424.047734624442,151.74330381859235,86.84374480374846,141.38891567902357
422.4799800438568,153.12123364031746,88.05493517448308,140.58490037017572
421.2961738323044,152.50923756115128,88.74190046280694,140.38220552632603
420.9948486894576,149.96063546355543,88.50989993396732,140.44406225981734
421.01992677971685,150.74034408507708,88.07568042017593,140.31427768050085
420.8647546191469,149.42505336482776,87.92364814677245,139.94713172689546
423.10773664998266,148.23628024770497,86.91542842599742,138.9044532945456
428.93913307730406,147.33341502809859,86.63362083136438,138.39260208016339
433.6721539349455,145.17540830220622,86.22225231096668,137.87048124316024
435.7220503083013,141.37816395086955,86.25140491490222,136.2951977977013
440.41775963284476,135.96776049250067,85.06409068933814,135.03154540962947
443.22139884930124,132.7819921649383,83.0732985673841,132.87156122124836
443.08661419377336,130.6222749127651,81.8115550551443,131.0392718639004
441.35527629832796,126.79266960019697,80.8941854320641,128.9377002472154
438.0661881534273,120.93761953143002,79.31061188208278,127.07863896964919
436.2304003397524,115.8943326886884,78.18278956402847,124.7521181345636
436.4562798203609,109.45168840572882,77.1566763714539,122.2766336139349
433.72717481402367,105.25028487482713,76.76453361999873,120.01158064461035
431.95275804164635,98.80156770015873,77.26506451430174,119.87425737981141
429.26825236490157,95.73645036966289,78.23358510698804,118.89991116159166
424.62707166448126,94.20215871623974,79.70025169886871,117.26236205648118
421.7703320500442,93.35229769511433,79.87022478226544,115.91223721114349
416.43418704146956,93.54663362304689,81.56670760947343,114.05276578996315
413.6310154196242,93.44756272359677,83.34777328625435,112.25733141984938
411.94715111515904,92.49949369094948,83.71679555439482,111.78911988149102
410.15232123009804,94.55953731833326,87.42924680851517,109.76599054870528
408.7685888159772,96.17191379144705,89.94712004778287,108.41601289296688
407.280973492047,97.23159406531855,92.66908442071423,107.51555254892872
407.77093463881204,99.00195437270806,94.72093998591822,106.64177953737541
406.71765850150143,98.18708774157595,95.58363916834587,107.04007368602268
407.37510760060763,95.61871247559475,95.29296632432803,108.85802782172959
409.3657932550535,94.55846141249879,94.07466726770991,112.25278725020576
411.35179732594236,96.23037030878972,93.06209244311665,118.14300113486999
413.5687077910642,104.22069647739582,91.45450942981935,122.75761132512362
417.05764352665886,118.03144391494494,88.79257070933193,124.7018684794443
424.622358130676,128.0033458975198,85.06518579756232,126.59698892225353
428.8200113659438,135.4399990492401,83.02519882699622,127.61162016458931
432.4632691566681,134.25913950351935,81.45475294388135,129.07691049216442
434.74972340988734,130.69830634599026,79.79984465869532,131.08126389905001
436.21611165987855,125.96889294166209,79.32634698065803,131.19881453888308
435.1471391097724,120.67780911424585,79.03163173960755,131.48824614024878
434.18937671558433,115.98214475264493,79.13622496460636,131.36749371721038
432.732500584521,112.18896469575617,79.07003132867689,131.44066022365757
433.0312060613667,115.46186209490862,79.21467310888369,131.9064549524828
433.4844068502233,125.26487197465873,79.14654553324564,132.64780343333902
433.57304666968906,132.8019967510772,78.45138193788183,133.48447020893224
432.6167868406776,139.14875141963284,78.43321083052385,135.34476526940395
430.011008256937,142.43930373350076,78.63542961909883,133.76897832965642
425.7750157549084,148.22767868346278,78.40339698399585,131.16842281144628
420.32939058967827,145.7247349412282,78.54454145660705,128.7467151573656
412.2062935088475,147.20426770751337,79.90577067533641,127.51829981133397
403.8943007223601,150.21390737618137,80.89907521040848,127.07188929800311
398.355106396448,153.22574998056578,81.15847696953244,127.54752841098109
393.4890127898316,160.7966174010545,80.60732945070964,127.66892185064327
388.70482500388425,165.17713436484613,79.6659680078337,128.21097515755713
383.98579714007093,169.15858949233683,79.95967749827773,128.05805769279786
381.861525860338,170.48381352117616,82.04449420477731,127.99905865741229
385.00805297370505,170.89896659887654,84.00881378785772,127.69267500500612
389.6527996567692,170.10285601494968,84.2408095651009,127.49662033496155
392.49442943210965,170.04436547103631,83.9481030120092,127.69756893712442
393.5806799404703,171.17441036959715,83.90954912930573,128.00560081167936
393.2537045376673,172.5922322984228,83.87486953282361,128.91648724844637
395.4864629561706,173.2717562999169,83.69316664921661,128.95001140999378
396.4413198127009,171.99801804298664,83.78546828840524,129.09937395786608
395.51808050823183,166.92531085269925,83.15475282652734,129.54476182629486
391.3446358001456,162.33138485510983,83.35429479244338,129.38593031927647
386.64634947814875,156.9950370653661,82.83233983328776,129.90609236757496
382.7892876876053,156.0847898188175,83.11702243918549,130.57629124547591
379.6124120655286,157.13848598095473,83.78595589235368,130.70599380035185
379.6813973479268,159.58660856752644,83.60678872050408,131.61457965519304
