256.5,47.5,261,274
257.28072016442667,49.99766935677786,259.6686366994212,272.4370171671816
262.59420398041595,51.7626096464445,256.649417575896,270.5908241555592
270.5116295988983,53.600668311411425,253.48119803753968,269.4005836242551
279.63474912594836,53.78174106853703,250.74016890623008,268.53546830857795
282.5439493969544,55.65299064956619,249.72558897426444,266.7197717817125
285.13617609099447,57.46405487727523,247.74469379274248,264.0096797452092
284.8333742036034,60.04369625300967,246.58519351212,261.1413193970759
284.7459107724962,60.325706181519905,245.4972585264569,259.39257270575825
283.79130248042554,61.905466677778435,244.15011910969798,257.9265350659023
283.793930649759,63.518540976453835,242.50000524520556,256.714751426361
282.07860982307005,65.08545578377576,240.7419767401972,255.26696006740866
282.5043976440216,66.56278555617871,238.8548587294052,253.70216389445181
282.1657663948474,68.8817926119787,237.52976255275047,251.33918325682035
282.7120268291643,68.8485680530134,236.15269352070283,249.73084580706296
283.3734983452751,70.62297446750276,234.6762502742621,248.08676341727033
283.5799784308311,72.04591360620825,233.60715841836998,246.6308709396488
282.51744114062933,73.41140325160781,231.79169006244837,245.51960078295153
281.78013174457595,74.34030364431585,229.5229552492848,243.67991963632116
280.98334150288787,74.88762117959004,226.919502327357,241.7028003681562
279.7910563885599,75.20725540806602,225.29765051316625,239.93084505779544
277.92226740692155,74.75730252810493,223.8347508763453,238.63590347236544
277.8497789937743,75.23164498086831,221.84603090812996,236.82657118648666
276.556369285139,75.4422905476535,220.48878141670906,235.14984220196413
275.0149768587885,76.30368828741766,219.04887120486552,233.4485190051435
274.52717457480355,76.99689986519041,217.3638894157187,231.75121542700583
273.932482657326,78.15063022800702,215.49776106080867,230.38422438358927
274.0600099536567,78.75706319292448,213.97303490881347,228.9880365903415
274.1073246243012,78.8644849723584,213.14173966300243,227.60306814305355
274.0651434043591,79.41413070539443,211.8403496633877,225.79160565885786
274.8639309862074,79.59165690557279,210.4321912658579,224.52543075760468
274.86946905796344,79.56218234106304,209.22808619549645,222.812570189473
275.43966009780655,79.82976994036412,208.0609926369808,221.51219985956897
276.02587744469326,79.82303573607238,206.69327555845416,220.21441925043698
277.32901789718494,80.62984582556426,205.1281166131571,218.85309644307912
277.73366349943296,82.92560775884489,204.2382346092101,216.9639043579052
280.24699902668135,83.26674877036231,202.43184563250264,215.75867341414357
281.0142928649454,84.51672591992971,201.3454621753159,214.78394904588646
281.8962060304172,86.23503587085497,200.63060225214818,213.5213265462271
283.6105488161052,88.92773902637084,199.255672440965,211.8376061406519
284.3201039354664,89.8580882376965,198.37462709930296,210.82578717452066
285.85129077974227,91.46128828220296,196.93777030223083,209.3889290643438
288.5923925037464,92.2467715858888,195.45854565594985,208.2200247240372
289.89319993439904,94.41813912949596,194.1228227042438,206.68534360715978
291.2663152386612,97.06387793546709,192.42615454994313,205.1098861024868
292.1624906484099,99.79542660163429,191.25025857015214,203.70227068085796
291.1091254888343,101.59490742705266,190.4099435630704,202.42831217714647
290.56584182520896,103.23098048921081,189.577897337274,201.01058170796628
290.17648371955397,104.09258165704271,188.8342424948882,199.8884234311022
289.2022969898992,104.1380598240373,188.22707396201025,199.0342789138054
288.3984637784697,105.26788767277881,187.81427286510913,198.2459329973969
287.73781200379085,107.50347629564446,187.06717555463416,196.9265599604211
287.50067468455666,108.57152350963727,186.40905075329078,195.51080989707856
286.6987681579841,110.13492768791531,185.63507335538614,194.23747234282962
285.80922228323044,112.13845192690667,184.83562644865867,192.7907106251771
283.6328548722337,112.97237598069458,183.97835884831937,191.2984018025458
281.7876769173656,112.88111655667407,183.0730192624501,190.69808713398908
279.5751985898338,114.07781689550905,182.52716073578148,189.47488096296433
277.3332615286472,114.9650643982607,181.7278064607853,188.3579597766215
274.828318779825,115.79142152788157,181.11128338146446,187.47003480065536
272.81357918936703,116.00001852478565,180.41786169491826,186.73855481327115
270.7263251568876,115.65674633873097,179.3990919240312,186.27720635262446
270.4423777443597,115.72938656676169,178.669369075213,185.56078840867468
268.5057468987276,115.02123234045163,178.38193187579117,184.40355831950097
267.80851729262736,115.5259357504377,177.7038171877689,183.61043248142715
265.1394221273778,115.2669541465476,176.79711968944105,182.8922287351668
263.81949272663286,115.4155158256426,176.16401615915913,182.04262634827504
261.58613209513726,115.14880546932122,175.55759584729066,181.12747371001143
261.0579920407357,115.4894751132055,174.96092268899636,180.20404464405797
263.19564273674786,114.04758724705039,173.0453460570276,179.66947087189737
264.3112768873932,114.74149182286797,172.26505841903645,178.6987090122563
264.84780534106574,108.48665111551544,171.24851027631593,177.2511646274008
263.29359717812304,102.04517144006562,170.68631235964762,175.7684728476242
263.1305460268195,96.23007857228995,169.92988404454078,174.57102758647142
262.3223176389769,90.18103898414188,169.03788578215526,173.7833846024282
261.3961733629603,85.34526564552851,168.30617923035248,173.3848552908854
261.49287015222177,84.04964407672853,167.35820062413484,172.67297304701566
262.16020018699095,85.31958321846989,166.03831394764632,172.21967647053367
262.24321182480236,87.24330510989229,165.37502715106748,171.38188077232937
262.5706044403196,89.75866631939755,165.46806092647608,170.5012232985398
264.6339119109265,93.08412479090262,163.89129764122234,168.8019579287108
267.3693434890315,95.84852147721148,162.3119437795222,167.52711467511165
270.52189203475604,98.80370491633957,161.08833911208436,166.41772741111328
272.90043456510523,101.01954828058437,159.9898255330906,165.46798595888404
273.9352599306226,103.70772986207135,159.26287278007572,164.09400125965522
275.3339895053585,106.04538878955756,158.15725940525442,162.76399003958574
275.7075768980821,109.5549930053813,157.8611296561231,161.60249912197634
275.54262975454753,112.99935963149615,156.7167909119194,160.2317574125628
275.619343166271,116.1144809173141,155.8927566408482,159.08843891700724
275.5046756092412,118.6385680049635,155.51190541648313,157.8457123201386
275.71873244756375,120.72875901957076,154.5788305472301,157.1127294303284
274.8063077401402,122.82509042079704,153.46104537955776,156.22664001883652
274.7844454785853,124.94469115464273,152.39981673284478,155.3515621339851
274.91844975336426,126.09586935993771,151.5689041830047,154.74724597035865
274.1452908509091,127.55875000719854,151.01588178749077,153.81230961365742
274.62081158033004,127.07080877273732,149.87836330826605,153.01547770613027
274.84075847422923,127.4257257029956,148.8391507181109,152.03371172052215
274.87199038321216,127.12123327587071,147.88111048269894,151.58959062441642
276.5366252590436,125.34161523530676,146.74235601080596,151.21995769652636
278.4030101216493,125.27155645598427,145.3621241560016,150.53670390440612
279.52305600986045,123.22795973672342,143.85839668459866,150.10912635827816
280.5181256879648,122.09112419254127,143.07287852418315,149.51386090794617
282.73420007536953,119.814324437663,141.5192852856438,149.57650220389655
283.62241861533744,117.83654586773845,140.43056254401063,149.0968085846209
285.1032166414401,117.25906409397322,139.71578193484427,148.90375801586413
286.08286854382254,113.52933869070603,138.59209364578825,147.99757008948836
286.1854898042018,110.49604671883367,137.66021101978237,146.8693684382929
285.86575950403363,108.1650588639811,136.80509075521226,145.75147459157103
285.91480683557995,104.373424314181,135.9163402407555,145.48562831946714
284.6418528940549,100.77757655240683,135.2199292551685,144.6257653484476
282.6467002402409,98.13371938317334,134.81110755626585,143.90440690630544
281.9946555106503,94.67106144539777,134.24427552287037,143.20503463335805
280.93911189994276,92.41470739299534,133.77026781554397,142.6330431074256
278.4272429622704,89.3990391466116,133.7379811394972,141.87327099194724
277.1256130632705,86.9018279729123,132.24981933334038,141.39367238139906
277.4298943783861,84.47628492764154,131.60719219413468,140.277664527391
276.0452375824568,82.15479567350698,131.40399091821064,139.75446147132908
276.3186001938202,80.57594241373448,130.69801564470072,139.80480786628607
275.35440398366893,80.75281225427355,129.8496520168008,139.25604441010722
275.4429199934846,79.46178289236423,129.59522706141652,139.07639249015756
275.47969049788446,79.16216312444125,129.26971415215374,138.5728342793452
275.1976525843687,78.60052730682676,128.7328932630674,138.1644209198766
275.588338474678,78.83523727836568,128.22567975161576,137.87260879623673
275.6060615524612,78.81516674001763,127.82381809540848,137.65899224711458
273.7903980045255,78.23179024709957,127.45747907075062,136.99937296713497
273.59240574550256,77.88453160194476,126.90559124811733,136.52040473994276
273.78537391151553,78.45550905893965,126.23917772011333,135.83700033874365
271.8109038316633,77.8577568715177,126.19423808474326,135.06208947902184
271.4207098464105,78.28208695954947,125.77719782877793,134.36590837040308
270.1961071514618,78.15210975666051,125.51283834593366,133.77418374910047
269.0690935671457,78.18237028998155,125.16424038295867,133.2260651573386
268.0141515558011,77.82510769535156,124.66495158460302,133.3392364628553
268.17080674167676,77.75854497481915,124.1751764167854,133.007544856801
267.53561453014606,77.6964146192663,123.775916126445,132.57537254588442
267.50453864385804,78.02635190157139,123.59587971356763,132.00077974077476
265.50485742215267,77.91567062784559,123.94630254745086,131.42983830882955
264.2337178456788,77.88810524232389,123.45027999408444,130.94056415595708
262.4486097466866,78.73280707281306,123.65833789357649,130.23345928638727
260.71102711202457,78.85453530542718,123.0912963986793,129.70108292527166
259.56586400721653,78.95036681624005,122.45919853030773,129.19150529850523
257.83712941261035,77.92344794262813,122.14920093599655,129.03793533279267
257.1260910971207,78.77338242293712,121.29244775397231,128.32703110863633
255.00980446824965,78.99644220935423,120.9923514674944,127.64781137484573
252.5237444244949,78.69744805841127,120.77167770887354,127.19438745196206
251.64655665622885,78.20731765416905,119.67445998940893,127.0796581262073
249.77158532200949,77.2395042540322,119.06233924994973,127.09169188220001
246.57212717612555,77.14817982757309,118.83151005831918,126.3775131565736
243.9838814347558,76.1084539082899,119.0573117484256,125.68198349642171
240.48523713343855,76.21458912437954,119.22330724498099,125.09335395913226
238.53131888191095,74.04650303938016,118.36381882356723,125.23398283994645
235.27948328330945,73.15859070566859,118.20099135972893,125.10618976769219
233.6557858687349,74.19628015921802,117.53344154013536,124.28268256564853
231.96508208534863,74.33467410916934,116.86610538208492,123.64345881822507
227.63879228210044,73.87922946339228,116.92824519213352,123.06459855895979
225.37768525330165,74.00424152461979,116.72883201431856,122.67438936348671
223.76675894198235,73.7688901542236,117.07430395496553,122.27626136382727
222.96075571317147,73.36062601870178,116.80227256030005,121.71726547162476
223.1056652293964,73.40722100710877,116.42942781905555,121.33576478819533
222.31183675974322,73.93859652094933,116.2334655929414,120.5144436109733
222.39642431702032,73.8533762898224,116.16143475429087,120.21367427894424
222.69020910194877,75.5587009565416,115.77497471297553,119.47349709058642
221.92596775409427,76.69432122301454,115.24803700997239,119.09480356901597
221.31326059439803,77.24423657288168,114.49351675619134,118.78675489080422
220.99917855198404,77.5960771228959,114.14732496457356,118.62712037156723
220.99237406467364,78.56880037721847,113.8962761139628,117.74136398075811
221.1098941017239,78.91323371907168,113.40314155028781,117.80160054517103
221.83020405057448,78.88694233879325,113.10945544660831,117.48374774001783
222.21692832291825,79.41545287600859,112.78093033260203,116.59521276900264
221.7031870815116,79.86882951712761,112.69538488515559,115.74891317362778
221.43802783231905,80.26035841074358,112.07900693521457,115.21963494672337
221.77719045149152,82.26383898967038,111.52799325440098,114.36801207622328
221.65958779601982,82.38494191552702,111.2114523757501,113.94837540106468
221.49292034969474,83.90374123067505,110.72357229447374,113.18138901060628
221.46554589936324,85.54945076153896,110.3758785610311,112.48896468078152
221.99559493516824,86.66461091876167,109.98160639283671,112.0900403500321
223.67215725010453,87.677724020085,109.77229728038968,111.47511337605366
223.0814314679947,88.51809709999786,109.74353160713683,110.5028414350733
224.16980648264433,89.56259371803908,109.51736050583136,110.31917873774054
223.88648913206544,90.04919074673242,109.25450579706558,109.69012240856812
223.9435900089202,91.21566547637983,108.75094462877854,109.12718544717522
224.08248812546805,91.42370670042553,108.6273223957077,108.47704171323045
224.07329259509524,92.3653840517886,108.25066582161325,107.85019369194659
224.38151598805104,91.46991843619489,107.8880960496234,107.55956478824629
225.9615862704045,91.35349667984984,107.5998317246931,107.02692480236308
226.55790814522697,90.62041550414716,106.95387551844036,106.22903214011183
227.66610645579908,90.61880400726761,106.27215151520838,105.45631078172096
228.60593533055345,89.87610230921993,105.80295233045797,105.23597193786424
229.69857777212505,88.81110029020428,105.34502149699739,104.44668686380447
231.13907733192076,88.30537711287275,105.02980182496148,103.64636349457531
231.73798054175916,86.6625240001423,104.77566460522826,103.13132876277609
232.56152099465956,85.29820178142018,104.69715026017269,102.39767313804077
233.70152050602752,82.57460499531774,104.35777487845087,102.20222802692653
235.07303526834997,79.61608917020865,103.0134370080113,101.82035525819943
236.27324198962162,77.1017126163694,102.82036619013232,101.36971154580957
237.01028797362238,74.48530531812926,102.51586064218995,100.80019183366555
237.7475906516325,71.19118126116588,102.11462526602818,100.52524643562944
237.11687876885736,67.85361678267915,102.13389145311008,100.25552160994908
238.19833771859174,63.66969702293697,102.22609478472043,100.31553317990952
239.29617277970328,59.533600695168715,102.3393452843693,99.80107803881518
239.78254357613775,56.04264352930029,102.21350033990737,99.44908524317165
240.70836616535024,51.60405390929317,101.5702222707811,99.65093241378892
241.73975045564984,48.198324617207746,101.43182445586791,99.51999578769366
242.54498733654933,44.36069620605347,101.24430549181369,99.45721359327858
241.79462055228078,41.5127713052629,101.81950063967358,98.87146053536264
240.9704595341829,38.086020819169086,101.65905929105034,98.81141971372703
240.86810718870836,35.147934016180706,101.77019686395072,98.65604529647992
240.62797001929383,31.112430722028535,102.04876671557524,98.49968639100985
239.6985819343702,29.891854163676896,101.93655270445328,97.990303256645
238.79632106740593,28.963846807893148,101.84772514848768,97.72004052146568
238.28971447148857,28.705739534091272,101.80244448770709,97.54674567728476
236.58989649376807,28.804034192456044,101.5758196857018,97.60740270583682
236.74657514482084,29.35880274662388,101.16482072183302,97.22225068022286
236.9668837940045,29.531615602889396,100.78688848098662,96.96296458297722
237.0820385262101,29.601093572776406,100.5055354204567,96.72700551109833
236.3443416112241,30.82927103521677,100.41929113359213,96.20267363461848
235.86757493122104,30.837940290473618,100.12643605823453,95.82106181439714
236.05162959021084,29.684015943553646,99.68967910974223,95.9653327132084
235.35711992940855,30.398056638830354,99.74001566061767,95.46591940441539
235.0527890593415,30.06774997440958,100.1538681576688,95.2116400597645
234.6997415562492,30.39736601211049,100.23679296684341,94.74104258857831
235.13605044283935,29.932578618308483,99.978231661673,94.65569594940925
235.0703397460868,28.740545367633118,99.3021367187371,95.20794553906259
234.96201446914023,29.061458877260407,99.03443077987245,94.82797602942105
235.26692243980537,29.569416747592683,98.49376940655867,94.4554073136741
234.68701925833716,27.847930682827894,98.04434978110704,94.6608475427978
234.62854867751292,28.61496314039654,97.86933773669315,94.44709453161406
235.31482833396933,28.537005735834157,97.4715713810863,94.38005921003776
235.5553156973573,27.649066339974283,97.03731902171626,94.44604644406402
234.02686104467938,28.342008560215064,96.67017585018914,94.26605599696015
234.93696093004607,28.289697796401136,96.24389876603259,94.40497339271654
234.8866615838387,28.764166687427135,96.04307766388789,94.0629656877405
235.1579307125067,29.98658786726621,95.66262355388598,93.37141338524467
234.79039945010203,28.988331155744874,95.36726947083855,93.20622536747618
234.749819732108,28.4459666565606,95.44945623059792,93.18986476909637
234.534977502095,29.928934097532206,94.9142913973919,92.33988929305221
234.16986889405155,29.730766771009755,94.94667608870233,91.63850654173157
233.3520215411802,30.205162299882787,95.08583787742239,91.09363977035102
233.79209431027465,30.53969499727412,95.31221025019076,90.86589849036785
234.55040304334815,30.613591697762374,94.84203708088063,90.47996212216722
236.19265563816163,30.349355903671857,94.10501962700201,90.62861968160833
236.40631705827832,29.624064200179326,93.50816202903523,90.26431914122095
237.48350621688894,28.659472009208265,93.17282913627535,90.24322619467186
238.39509645246068,29.200169766734632,92.67555804127633,89.90676327153426
240.18507303300493,27.794421133188827,92.43027113232404,89.90720869307533
242.14567257149525,27.027203070352847,92.22326444578529,89.98345342394138
243.207089877263,26.51354993706881,91.81641537082511,89.26272926639142
244.20953753165242,25.719791908588533,90.84901197965647,88.84099325197135
245.52867779229976,25.2392453829209,90.32807321518243,88.22844774491887
246.93520562781066,24.53249308544484,89.48858431471425,87.65511888669258
248.63652560487617,22.68486173092174,89.52622789749418,87.15004037106837
250.91096106772574,20.575232226202246,90.04128891378113,87.02942225190628
253.1659755650392,18.934187216229994,89.69835701082907,86.62276581951924
256.81938113186965,17.562048684576723,88.93338976831194,86.19560943403428
261.87359979766467,17.499380590216113,88.32234509114083,85.39500141365669
268.3409758155491,16.353149366945303,87.98665120661715,85.02818069903498
274.45038958725564,13.850509657995048,87.86705156847748,84.89039561803412
279.50557407587496,12.241163879564262,87.7597782180699,84.58083552694647
282.5590682205043,10.990041614161733,87.81277308692283,84.0156199976319
288.3856749793259,9.286529307270257,87.45753510944066,83.03520011526007
291.95843139053295,8.15078112472429,85.9651656929409,82.01594430788191
297.81661014308173,6.945072346702396,85.75960187375645,80.79777588255668
302.82592370964346,5.3848584051948905,85.4575370117511,79.84219163101969
307.6810326840911,3.7509609328779376,85.51942046513855,78.12631729464773
312.2036222050689,3.499420074944176,85.77947251754334,76.46211595234875
316.64542759755534,2.8993226997770947,85.6336508866232,74.82081089723248
320.8969166826938,1.9401636788810137,85.60102679654648,73.47640406262083
323.7286228445095,1.0154987231140922,84.80577472071776,71.67929799812623
327.0686225005053,1.0864082254419642,83.90061528680846,69.77337081247073
327.76331084129504,1.3564297806869092,83.36243483468684,68.00749285548426
329.8763805383768,1.2693575200252099,83.7427064207479,66.51400443937632
330.17593526224107,1.0109110765760576,83.95321580370029,65.4068206022222
332.15336818400846,1.7932486904530478,83.70368200095218,64.40113793914641
333.08128685447286,1.8827987882822228,83.91400033209678,63.46017600194524
333.33229343875,1.928057264841069,84.06021312665814,62.82223687818851
333.33549815447003,2.409014979539485,84.13526579536634,62.110074730265794
334.6366566233787,2.8675941359579404,83.5832732975514,61.851329648801716
332.7934372001407,1.8796080899284036,83.15744274247704,61.280313730454296
331.2088165286206,1.715153078149406,82.78343853154699,60.72848585327834
329.7708085617392,1.6783485721951834,82.25445091764132,60.59916718636332
328.35089849652843,2.1928828355030774,82.66117654656753,60.15063252186148
327.1393158420129,1.7477033932386803,82.21041211660022,59.70652602190694
325.1344725503758,2.023064020063977,81.98384114677373,59.43590576951901
323.28780027100083,1.8103678280899906,82.02804653964537,59.50384975440006
321.6586671655065,1.3200783046231983,82.28657215004816,59.77216831663821
320.3555952240707,2.149369394429236,82.42492900556061,59.92827148172218
317.68640077916456,2.6416699933299483,82.32311613603461,60.39666320002793
316.19282268415554,3.6742214276726557,82.58458887535379,60.477572875974474
313.5638170904522,4.082098746246917,82.9051200899212,60.520663055510674
309.9857738709021,4.635532421795865,83.61742038476476,60.814149493742306
308.64890250418364,4.9072441834869345,83.68028560431611,61.37804997453345
305.0880318634689,5.652200661695893,84.10258259176982,62.5476113909793
303.3188185064473,6.291184243259632,84.78249761948791,63.874854293693495
301.06264283042066,6.660118430996484,85.06469684141427,65.00834073656391
295.55597009029924,8.573691748005118,85.24261789843936,66.2848036644668
291.58546267248744,11.292752971461923,85.67176425719525,67.4699436229487
287.35645833293466,14.749557405807089,85.7601087441011,68.47557379844783
284.93225036915015,19.10852588942761,83.4008201276027,72.09804420272778
282.0844362318737,28.553813242551286,82.91463325475574,74.45642808412691
278.7220009710159,69.50185293961482,81.62130004111972,74.73440569683578
274.83435773176586,101.19350749261612,81.57394896163649,75.36408182032537
272.8249615977046,122.30387481007979,80.09084818624093,75.69109193637459
269.6165151938532,139.8376898024556,79.53466035887286,75.02736972750188
268.4876415789015,151.4246033947863,79.25448449116588,74.71821615734248
268.0579078834247,169.38344974535596,78.96909376024742,73.95721977578322
265.9925119702048,181.09780646216836,79.02529538054105,74.22683436034688
268.39048773244895,191.2727292976662,79.28654428787648,74.80385140602601
267.84908644752437,201.13278365528413,78.17525982922226,75.33547456334874
267.97499812990037,212.14875658754397,78.04829771975832,75.24030199899994
268.97377451095645,221.56501276192225,77.76521796675566,75.05230564145432
268.1659565756759,231.0390561253611,77.77069408256367,74.45189423806295
266.61311408020293,238.0791135854726,77.32913619364209,73.44139658926323
266.31021058577574,240.8003540494659,77.11197368624632,73.9863891491307
264.97188529743073,245.27954252087594,76.83521697533867,74.24951832508503
264.42350871957797,250.23271104562684,76.48882449830035,74.44493546412079
260.1076749190447,256.3301532856715,77.28260385855265,73.96167512953929
260.70890985635015,260.50969072188457,77.87833065733508,73.42241780014294
261.144184645311,264.2626957181113,77.80157451927843,73.13407586417759
259.39631308056374,268.19372434353727,78.57866301620457,73.10900277088791
258.5491670925449,273.12751820301105,78.83478479761641,72.97850611639348
257.59229337671786,278.00394787000675,78.94950788577984,72.70356826830292
255.28406445366448,282.5482160228814,78.8913589318073,72.80985713497795
254.11748463369497,287.0261738631575,78.19177440251107,72.96629668666452
252.81514396513387,290.67612421737635,77.28312718738718,72.95181067396658
251.30095147243964,292.46717196769686,77.54894632156413,73.66409726866246
248.36025832898264,296.1601459325206,77.59371990706211,73.61051866656013
245.39364505099653,301.63416717959836,77.8865589279391,72.88321267600566
242.88552717316819,303.81811537661946,77.70308336081139,72.79578665320976
243.69824510444315,305.72029120518914,78.1806149989481,73.09662050479844
244.0384179867871,310.09801914401936,78.02031081922877,72.28563980108824
242.26602688893254,312.9253268019465,78.43195555041456,72.44491303503864
241.08680064577763,316.37591123001533,78.76829304458266,72.48257550824663
236.6936158533285,318.7268478576765,79.28123561989838,73.0348435836434
232.11104026154848,322.3251900709563,79.02132367021868,73.24702508573367
227.57992556578102,325.9290436353737,79.3634812691511,73.77379547688783
221.38458698766624,328.9890019792901,79.73337213998028,74.32017908583846
217.58887559629704,333.43171534939455,79.7760211571547,73.78482234532439
212.11415124636136,336.26082141482624,80.11530902938934,73.98237889503359
205.25238843992832,341.23310828362776,80.48030555137404,73.51845224452768
198.03425313172437,344.96202712011524,79.97778870745483,73.68544386385011
189.91258828097853,349.8042186523458,80.4477915351672,73.12142784955981
185.02247851933623,350.84838207845166,80.42591373789516,73.57385054721385
179.9743929459735,354.79076367272944,80.69194190976707,72.7190351163792
177.93207634652885,355.35448625897743,81.56050946343848,72.88148619365444
174.43027042352716,355.50707827451663,81.15102249733862,73.7034971632245
172.86481068800893,354.45164582332455,80.85977132933698,73.8373980687214
170.21862793359998,353.9085051123512,81.05912164421567,73.70055605946239
169.19211074534584,353.06747234993645,80.72591506155646,73.5552489141183
169.5701313449452,353.06871457747593,80.57086880693024,72.97777621307529
170.5954871169696,352.5241302408383,81.00360028465568,72.48075680842385
169.27842684588325,350.8010719476926,80.68855738993877,72.61649079011622
170.12948318250938,349.48438004267956,80.05418384575299,72.1752650820912
169.44736204001674,347.32120285167525,79.68687519880767,72.31745350950992
172.32235608463617,344.78931043819904,79.21076616077733,71.93146025647582
176.24008614716567,339.2238285188057,78.75075521632135,71.79762020884893
184.76535564666415,334.83691597403833,78.25486366300314,70.21036322135728
198.78313682948317,326.27211504930744,77.22199256628598,70.29923936281124
207.4186135748693,318.1143094173079,75.8013894554575,69.8272014721473
221.5521031249238,310.97008464462147,74.52078234936707,68.58113086828916
234.923142553839,302.08058216694707,74.06540660127794,68.29539659634308
249.17900517218436,293.35301940858176,73.53868769698464,67.49353358768302
260.1158938165582,282.85291769836044,73.29067716238735,66.392416741402
275.40189167254766,272.1649204832269,72.85401355795233,65.64261008524332
292.0652053140128,261.30159188146126,71.56519755431893,65.35311776790054
310.8105756090239,250.88906734914482,70.88548067645503,64.77972933253345
329.92895880584695,241.5954641742413,70.86133406430305,63.77756686215008
350.79171116794015,232.76924916208728,70.50098360647408,62.68254510423155
377.4237188937007,221.01662842631043,70.2151519012908,62.455269333353584
394.57435767247256,210.34362053189463,69.37596006762409,62.06605372264908
399.25460351577703,196.07551934481106,69.05460145291454,61.938926018691234
397.42955285145274,179.88055510466597,67.98203461063413,61.56136792671576
393.42692889227453,163.34060384249076,66.33909107696427,60.67422562074391
385.6990696883693,146.10348674309643,65.26131262808522,59.92970981953259
383.6924807673678,127.12619887847647,65.11685335079504,60.52764950140923
376.4266054191584,104.6794893314756,65.59601272336124,62.01141588545005
366.9900286190625,85.61183867905558,64.90662626923174,62.313350796247114
359.6558885054854,81.12323445267813,66.55239596782158,61.250549750405824
352.461431723642,75.0668197907198,66.9270320733174,61.74159772514033
345.28730831494545,73.01951017276782,68.42896255312507,61.87119201292418
342.029523356194,72.32199861547755,68.48117311470153,62.4844423351654
340.0539641671495,72.86326703146545,68.86062644419118,62.49156209460499
337.6117660474933,70.71438681095972,69.3008498243117,62.97222606382998
334.8367189855851,68.47806658743161,69.99665537009473,63.65063748027705
332.02771795820985,69.05952890312516,69.76733114615868,63.83219991992726
329.0270489920481,69.6681852058665,70.14693255199288,63.88859828055481
325.70791965093724,68.80723289230971,70.22055929528028,63.73403103057029
323.240900962858,66.75506908830909,70.28088746962604,64.12276768474463
322.4535534781492,67.64292457366506,69.96060200844057,63.8624169502006
322.3628439642272,66.0926464918507,69.4530364037926,63.782485957915
321.58860480829753,66.48924365438617,69.21561221549922,63.246954912615884
321.30874029908676,67.11868071965128,68.84321864576314,62.76529942193626
322.2084419667641,67.0175014506869,68.97329622070974,62.757786533640356
321.64857379884273,65.96307458549583,69.164782124538,62.95037978314171
321.5511996986111,66.36952045576399,69.27837737924436,63.09752670456219
320.84251212483645,66.3433965726878,69.42380395082012,63.00799184420494
320.89705560469184,66.37362675563487,69.37116441882912,62.85275750776643
320.48996960684894,66.06545917195727,69.37732190245293,62.79158908930621
321.5960917743346,67.4475267656581,69.88181030788378,62.37472224487637
321.77068159698854,67.53532964697189,69.91939268554803,61.96154582392262
323.8507013370333,68.06865790878739,69.88358788181961,61.88576376957187
325.79184706229523,69.96399696962851,69.71185961412652,61.64086606819296
327.14938015909155,72.6634211182245,69.52431145451519,61.15581085800659
328.74938236401357,75.10991817032536,69.40192254416762,60.78234371227045
330.51366057112165,75.86045674218494,68.93124676998143,60.713880060563326
331.00736402982454,79.17066908335676,68.92403352713995,60.11754900614938
332.267979959597,81.47815037509339,68.53929248943342,59.97498613428499
332.1449185916241,83.57616946248916,68.30854507600515,60.04839004094488
333.91538511777236,85.3576348078916,68.31438307320818,60.43660285332909
333.5567450275033,87.764415099068,68.00254352375055,60.500016853648404
336.7594186497607,89.44109867073509,67.78500383920289,60.3842114130425
337.108115584248,92.23060039454981,67.50330069030956,59.37219786409469
338.5850757726341,93.67311858886346,67.836865436218,59.39362414483995
339.86518776308696,95.168372349785,67.71529778542094,59.55063382728153
341.16580545795387,95.51961536513221,68.00236162244803,59.58605198760425
342.7196688636088,96.35095006917177,67.76691803142937,59.86904424353422
344.3714743095293,97.39124054883536,67.69734906883332,59.925232817364424
346.1840567285381,98.69563011236282,67.83751168442893,59.836078638811074
347.6712012794061,99.02947095345445,67.10360286986335,60.39697576255129
349.22653199233196,99.48963840155642,66.64334708938208,60.77915279681303
352.15848036223633,101.77324705586169,66.48918049788887,60.42327829978697
354.53298668759714,102.43941012293519,66.01565193225015,60.13024652770816
355.16570438168975,103.82913876176795,65.78673237601231,59.090812982228
356.84380892259105,104.95595590722252,66.18320979475897,58.70857940523945
358.07391670262007,104.66727659313379,66.26220717682435,58.624119231060185
359.1669680859343,103.96102501660937,66.23582578470763,58.910588243522156
360.83312966696724,104.36207037840117,65.50848309139178,58.90099533364021
360.7521734436649,104.05113205440509,64.88107095637338,58.802641283046846
360.26978548095167,103.00230057062869,64.8325964116384,59.07804244029691
359.9053060612666,103.06088910913414,64.68454967392123,59.022512163774245
360.2700323873622,103.71658019967681,64.59560299125424,58.62811120293427
359.12174249084455,104.61206881553368,64.2746765186494,57.811825541025684
358.02646175496784,103.36781975022218,64.32786692717036,57.575267023394275
357.2181317667089,104.4266185452763,64.28830885177788,56.91244297855124
356.8061228082632,104.57124026593343,64.42172625425731,56.265312090356645
355.1700854832263,104.50401457284825,64.4620599527931,56.086577814495826
354.7141512256875,103.28484521517552,64.15497020924187,56.27877509612546
354.89210263255745,103.29375231735358,63.817142459326526,55.92954413585467
353.9680473722683,101.07621317252212,64.01161235204384,56.72752911992981
354.679184524076,100.4814288950165,64.2392761549653,56.95481877241036
353.9007922956803,99.36207176933442,63.83336215213144,57.45362873929729
353.287191283102,98.7408708096238,63.6234266927375,57.85078237676284
352.30256817110285,98.16555277094993,63.58712396272588,58.15837268298859
352.5208487014424,97.85209338324535,63.273720269157025,58.1163298142251
352.44818818170734,97.0388776569657,63.00693366216184,58.518404257850364
353.2571911841903,96.5235034325511,62.99867816645802,58.500979636725646
352.9985744183721,96.97075424775507,63.046917527667084,58.07067334718952
352.8512843160871,96.10704239597801,63.037906302049784,57.8216922646337
353.6890543560444,96.28880248064824,63.15398218511744,57.6792272751276
354.1276658530736,95.69884652795952,62.73204584290873,57.4382346633313
354.57734551625856,94.77061680439212,62.56061110188124,57.483367725921696
354.47890604069465,94.86198145042303,62.34058387501146,56.54549902336413
355.1490663554183,94.33918096574558,61.94080481098243,56.069821253743505
355.8779382461501,92.3927846147761,61.673644377793,56.07767857665414
356.0136422265015,91.47962440285994,62.047475949084216,55.611408143934355
355.1337549602687,90.87354130226336,62.037125926915635,55.214412491337214
356.2995995953406,90.89293700762278,61.844462344943224,55.128289080631006
356.36061357247644,90.58863331323666,61.81216787207869,55.08065737705325
355.7009268335265,90.4270714078546,61.95290122279647,55.08959568767241
354.9682668741722,89.4152954530008,61.64952125709051,55.71826515681302
355.9796190976211,90.13358034563029,61.25928384167159,55.95966399280798
355.3985055135867,91.11243066774475,61.042636230992834,55.846086950492534
355.45482410722167,91.96394169039439,60.68467814244821,55.344669390705015
355.800808241488,91.28665013064303,60.215979142785855,55.430009508269876
356.4282776234866,91.49356887727409,59.49675995228638,55.34932517343403
355.9457895103592,94.17894156893703,59.521856105470754,54.804063589088855
357.39206011902394,94.804874368571,59.154882658145524,54.83882254064032
357.3979481224615,96.4806693970381,59.109913875126864,54.69032696612799
358.9093731146854,96.98335355305153,59.33637700675262,55.172193961794605
360.2076805341429,97.30117337801497,59.3214095639253,55.69613966858008
362.1990374045482,99.26309404780535,59.040973483484606,55.401045315388465
365.4190798609787,100.70498838928464,59.325532277898986,55.154730454069934
367.66988642978134,103.7577238759626,58.762538277104014,53.67333489346425
370.2053473757973,104.52481054843956,58.77444061526613,53.35869487275195
372.3844275522487,106.32632657225172,58.39520262945932,52.83468666317086
374.5873061339478,107.8629765765466,57.83051659490641,52.37715842505838
377.2192556577164,109.70279600484851,57.244271336889426,52.55117562199766
380.2646841348488,112.25165275248433,57.188069476771375,52.66672897624383
381.8329434475761,112.97952443581522,57.37167643115069,52.6732663598567
383.9244838523526,114.02616032572158,57.66578134776351,52.95779027630253
387.47476013938615,115.002303122211,57.746762110335816,52.786852792568986
389.8806800063231,116.4442055202835,57.88749281484696,52.57948823537664
393.71842879249544,117.32001933886309,57.53703558292575,52.74062216724057
397.27172669467365,118.79867268369891,57.27950365186042,52.151281175811135
400.31223782122333,121.8978737323454,56.73324759596557,51.345687992702736
402.24496328829554,122.80091333327717,56.94582963224968,50.95062966581631
405.02689681644756,123.88764219412047,56.84790352824669,51.06966981743595
408.4742861829477,125.22972046168957,56.59383181123762,50.957634664057416
410.2667661580317,125.89063734416223,56.47468549784935,51.20589918001876
412.175587050756,127.48108404495059,56.08033372666771,50.63901301301541
413.7837813050687,129.22200934497351,56.05301806540868,50.121838793127026
414.69759824280254,129.48189475003812,55.79869170413173,50.429428076591414
416.17970958125625,132.08489527120008,55.97896928280902,49.55716869915395
417.1790899793459,135.0046563669784,55.867778867794144,48.724080471372986
417.7710582547813,134.9378525707558,55.639636532125785,48.79185291572209
419.76309542625586,136.83015901252784,55.2273583679944,48.58765861890896
420.32473939102255,137.49122457112065,54.699813796596196,48.80780769886688
421.87441556644677,140.55087264143626,53.76059647649426,48.26421613282067
422.2802235197407,142.04034381409522,53.425981849498974,47.92543196392485
423.5865301019348,143.39855279704403,53.45781934963096,48.12496834945236
424.26381136636496,144.57588731609536,53.74302577886234,48.458428021142794
426.1592196184861,146.5204964858671,53.65464762911229,48.58629904851217
