225.5,193.5,77,72
224.34600006555146,189.01341715885775,76.31407119801388,73.0422460350677
223.58313283719497,186.6034462125924,75.74261026784026,73.87033087574908
220.8224859591652,184.77629495359218,75.91262476517181,74.15498255299016
218.45640648273132,183.12148074843174,76.12744019692138,74.72763243242727
215.8413694692511,181.669720694312,76.50332435114011,75.31894603393769
214.20858827446278,181.64555527996413,76.64444773963342,75.20944736934916
211.92953561068379,181.7187868367368,76.68325737474754,74.9868142210972
210.8103630328717,182.54792704882618,76.59300283898072,75.61496653999096
208.31485279617556,183.07130313473408,76.78633578185544,75.88846356804241
206.79157391764784,185.44796636895393,76.94939081712434,75.46849348006535
204.3509285382444,187.3790542252694,77.13242794433944,75.46314025812656
203.79811046116401,190.34365353666385,77.03760294928455,75.71909321233349
202.20279181645546,194.29885282776235,76.68019698766402,75.76648548172955
200.34504459943827,198.3397396317778,76.46000459499251,75.65899175422231
198.3687941523833,202.82820706950673,75.94018016409022,75.82280871744857
197.69207267198667,208.24932571393265,75.52797166042119,76.30162493354058
195.58253998986856,214.7149272757815,76.0243590785667,75.25616304366855
194.16854597289918,221.91047303929233,76.30816481193786,75.2454216295619
192.1051976535594,227.3358140945121,76.5113826088358,76.02033651924444
199.46302661078494,228.53750805720227,73.86281568254387,77.45878170848813
211.63891661734178,231.36818567932073,74.53401159106106,77.03088355272166
225.8221472645746,232.0068954697926,75.2928859899548,75.97283415810679
238.90002976247922,232.5547346066394,74.73351457935061,74.63037526538797
254.6173690010375,230.52216026322145,71.58532558892844,75.79010650990209
268.575796690213,232.33776638700402,71.64437658264768,75.9529280281298
281.81721148844525,235.18279415955533,74.3409464765397,73.33738877941389
294.0249098921031,238.53827850927325,72.84000699039095,74.32188612154299
307.3468591444864,239.33633025960557,71.60560670034602,75.08707379099859
319.8630308981825,242.73249881216424,72.67918970662572,73.94472247613399
333.81559454158764,246.72391537279083,73.08754279701269,72.71575221269941
344.97802297029557,251.88906664118724,70.47022645168182,74.15766075073563
354.33781496312525,255.74155712309854,72.01922004170606,72.7284518816396
365.06639548868066,260.84813861955365,74.327737396357,70.43603140047867
377.93332907587774,265.6510196848677,72.84739500223617,70.68921702375678
388.3361808339123,271.2331107933719,72.06941479854508,70.066558740159
398.32991180970316,276.74526466027646,73.60272959562053,68.48348559497305
408.5053271950516,281.35260343725804,71.7876272795135,68.23256460228916
419.24559536723103,285.27685449634106,71.73207491342612,68.38575334868605
429.1923759794271,284.6686580847663,73.01248105048418,67.59056165149556
436.85573726823185,280.64407682862714,74.61238086362172,67.97965374446238
444.3575411413542,276.024481952952,75.33064258606598,66.88312820192846
450.02051065324156,273.4131309367922,74.94816402676884,68.34097318049137
457.27990418923116,271.5812323953373,77.1013930985884,70.08076034423458
460.199269804521,267.0005451758132,77.90107577410615,71.10724613429586
463.8239816995792,267.46119698993175,78.20977271152886,69.11101505683244
464.7558601599353,269.7338734842266,78.77781401049747,68.47696725737552
467.5812578348956,271.47333472491283,77.09006425765321,68.39510588554585
469.7283861379777,271.9044673031724,75.54366069218426,66.33308565643304
472.7606767851441,271.1663953860443,73.39446249836114,64.86381399386296
476.44189113481036,269.1262366443455,73.2812708595754,64.00478897848133
479.2086564175578,268.8509684037372,71.64372422848305,64.22808022425475
481.33607734344275,266.67991936725696,69.89241979317123,64.67336895769202
482.4218421829359,265.8861025311115,69.48324103104741,65.16433569787691
483.56435663993574,266.02442069365196,69.14797398457094,65.13988561156171
484.6847952249488,266.4110049034426,67.90533257666411,65.25815579538163
484.89078578029023,266.13917850386423,67.82708752803117,63.618338822199505
486.1754831308336,267.62428472339076,67.3684249054967,63.34476425202767
486.8079896745462,266.7996441181303,67.08476438574422,62.85854002469767
486.9025957021512,266.66039947467056,66.32096301845763,62.23180325980971
486.43726392198664,267.08087808504825,66.34841373346124,62.42787661671387
486.8816524907874,264.93614434323047,66.28466388286607,61.312102134101934
487.7517032164482,264.76886603966716,65.53023579952163,61.38155990123026
488.66815270607236,265.1717099386808,65.18465474000446,60.85960666321576
490.0778991370439,265.01005744050366,64.87835524697314,60.846459503264796
490.3955651263667,265.13963215735436,64.69132818971616,60.86239820099118
490.6530066968051,266.09667172771617,64.46787477710896,62.05840120977311
491.04068627966495,264.1530001985769,64.65239685747913,61.06081270372068
490.5604384221855,263.5154524748642,64.61203211978615,61.1867714886628
490.50448517129024,263.21103674487154,64.36781454830964,62.31394192693868
489.38510016075907,262.8597753640832,65.07941212312113,63.65996990416025
489.90936516815896,262.90530768195055,65.28037177335275,64.49482295345736
488.81046850419716,262.60981972087717,65.33013839648808,64.96864517888834
488.6645211662756,261.1475358496353,65.49012782953045,64.74112451767026
488.1326723674388,261.55072799705806,65.31113510242079,65.09538761509768
488.09487737159486,261.2311995444014,65.40791248710349,65.00517137998057
487.6543840958933,262.25346416957615,65.81104356474975,64.92420700237282
487.7270734908821,262.6084515585659,65.92149843036796,65.09435297863524
486.38199286258384,263.2529086963775,66.42600194732513,65.03039509625384
487.27574870440674,264.02606978575346,67.03223973915848,65.32103633264788
488.471032481839,263.11319831218964,67.66922359687636,64.09901164061529
489.8584751961706,263.54840746346247,68.56957129389974,62.937200356063585
489.8689144362424,263.77459164324057,68.94960721457224,62.516495011992234
491.58764082301013,264.26057520762356,69.31762848392921,62.174474174672866
492.03931922556546,265.13862257435136,68.89953431118856,62.18670727343927
493.7168953316376,266.1942367453836,68.14070296658275,62.67456020922209
493.17747036605107,265.54272631552226,67.80747165614811,63.48140023655883
493.4541260959059,265.8726017586266,67.99983546222742,64.41885737342135
493.62935835286055,266.77295039404333,68.36468080664037,66.33103761456607
493.7362379198362,265.8899648823176,68.68240568052441,67.39874165498537
492.4632616446668,264.37320425474127,68.95984860447473,68.30829287839967
492.52106517760103,263.616335864297,68.6827766984324,68.84739072038441
491.82259530449045,262.2315850079842,69.12165439192687,68.855976915203
491.9149439105394,261.7283266622212,69.03432590447309,68.46932324997854
491.9824145709056,262.68934048179324,69.16535606554085,69.03151373140946
492.26948006387346,262.138243167483,69.02356492669296,69.69000211579967
493.72326676590984,261.5901138384865,69.27332108194638,69.7192422648815
496.3205353782014,262.69091472584296,69.31206070138794,70.06884326421644
498.1237817438259,262.160979204215,68.99693836198468,70.32592062585081
499.22508350458793,261.3751447714134,68.94542951552464,70.17604188784688
500.17421601222907,261.94335086161465,68.82792931843396,69.36722416650112
500.9877284218432,261.49481106238,68.91407133212951,69.26949956146022
502.7408610177913,262.70240201512763,68.49167702798968,69.681463232442
503.5639068198629,262.08566382853303,68.414116698642,70.17134716454922
505.2743196639315,261.64481800615437,68.29379736388312,70.36734119415988
506.5538655914557,263.0444033983433,68.27814227450551,70.57448444901226
507.6524334112785,262.52739309263745,67.93350743117797,70.8797138831512
507.99193096014403,261.14041140860047,67.62520419912951,70.264793660527
508.5400842198056,260.5070275752642,67.41346571540892,70.82786394379566
508.91116437503206,259.96404499446436,67.4479573834488,70.64642526437675
508.3204874865727,258.80798894472224,67.74190046004632,70.5220821140746
508.2882949902425,257.10881970571427,67.82631958150674,70.2495877196998
508.2373277669521,257.4432786478635,67.74923572433558,69.69063828904694
507.64168477526454,256.615701988707,67.69933818834727,69.72394516990586
507.2422044582187,256.5844697456097,67.72251432994628,69.61520735412142
506.36471290404364,256.5962970812179,67.76655826936637,69.4116825244709
505.75098048549955,258.4613070970969,67.87554707324381,69.48060052867797
505.2385512248819,259.05000307205836,68.11262471355093,70.02797459476157
504.8081109026662,261.3100720778152,68.62995023536845,70.37780452071723
504.57969918450124,263.41357089808196,68.99186629105793,70.73085450667918
504.0866846416525,264.237704730117,68.81261932618776,70.73842580897868
503.68012073604234,266.21225914175375,68.71472113643156,70.59535584221163
502.78849315763364,267.907547767301,68.55949400870307,70.0322255286781
501.9415495644434,270.36974762396943,68.49495750905601,69.99685054983834
501.25087495101815,271.94229958412757,68.20140608492838,70.6711228597619
500.8290199970055,273.58026304259585,68.26389734499686,71.08045337767028
499.9091847505143,273.66395732351117,68.6252393715638,71.46656999810595
498.99140995574334,274.3126435102132,69.10200511997266,71.84299153663568
497.6022763462637,274.1349597293512,69.64935202414313,72.02444739274668
496.6888898059197,272.6480222977372,69.75564764301626,71.76915360248644
496.60115691761825,271.73702458496734,69.96532536068248,71.54592412301207
496.41712855653964,268.5712195259525,69.89894898023209,72.18503126557798
495.84962434527654,264.2816785917267,69.88537410979714,71.88543862688846
494.66529108957354,261.5684632103887,69.83966173974858,71.27964568808737
494.04701890201306,256.59834909958204,69.66472902594143,70.84852838968116
494.9382214434129,252.27075347629778,69.38608845329647,70.88158542757046
495.320493727064,247.84661884440322,69.60880750589405,69.49649440083223
496.67657363681985,243.31354495664795,69.97299122275925,68.09184749860844
498.1214825034084,239.6638325624034,69.91754362584311,66.38889191600381
502.08218774097907,235.94620523603533,68.09833032095933,65.61774855848606
504.68578530457705,231.90345524147637,66.96325919812735,66.05087284951432
506.3240760719557,226.9886887705769,66.69495746378513,65.6025184469529
507.51708638539344,223.852067262665,66.22918105382863,65.25211472663167
507.73014037438156,221.1853387147958,65.4179958675718,65.5277619926582
509.5599711510313,218.96782893285834,64.96349922363517,65.93074620573356
510.59605270955666,217.2921741448265,64.69520344667232,66.11997382493382
512.1749508468927,217.3708042033776,64.11357284811729,66.47020440235453
512.7434443660889,216.43673780502337,63.81566352083025,67.13630463299238
512.8496154497656,216.5996371964025,63.85634035853688,67.36203466168885
513.5488715655247,216.5479527035733,63.83566995727236,67.36248514167866
515.3184941824003,217.88396401840066,63.57250652398194,67.21146623516847
515.7158045360277,219.2536083019383,63.745223246250674,67.07829706239558
516.11553989826,220.3453505609117,63.757276853355656,66.92285557614125
517.4556847000209,222.71494718542357,63.682360870820744,66.64911881286581
517.3445055864465,223.54406847851902,63.85032659625773,66.42411830927075
517.908582786136,225.7788380312001,64.25965159751362,66.21981176692738
518.701485092154,229.6625746841381,64.23662188209914,66.27215171254676
520.0007116984829,232.6413211772898,63.55741546223485,66.05517872670114
516.0134656712794,231.89850469846542,61.51990075699822,67.5986968096293
505.58657600613196,231.89124607927485,60.23343655701953,68.1243753753725
497.2472740553936,231.9031421400737,61.45923875408964,68.5628288075067
483.0997998803892,232.89148900546053,64.31961679159836,67.32121937200591
465.4736262364571,230.89757452741068,64.2832754197946,66.43542352646983
450.6788261078504,233.7251231879756,64.35823868359977,66.0433939276605
434.9916512566333,236.91802854438617,66.60744914958377,65.18101642330501
421.2349302292068,237.9554187983671,66.19478761251783,65.10356288544352
408.49925496066106,238.90133436672502,65.8006615413329,64.85948749080073
394.570695320554,241.47134943584086,67.13028257630775,64.67020055096383
381.6354508865695,245.49851009234052,67.22016994281195,64.97888487608708
368.5050882513894,249.19712110728273,65.25613134293289,65.40412206708892
357.45073298448375,252.6953292713593,64.2746795995225,65.07403464594873
346.0469303792421,254.94022085953534,64.46090877240823,65.2930842103803
337.18640625587915,258.0470428262801,65.27991844491534,66.00637070444203
324.9122297279131,263.2397178272239,67.31237947203888,64.3407787363069
313.17198610519654,268.68817494736703,68.31710911859506,61.66286817338876
301.67103369510147,273.23191123320464,69.99164234149514,59.038243311369285
290.67692942511326,276.1149667273075,71.96409045971856,57.92246858872763
279.6118036822901,273.7717141263005,73.59914846391966,58.351406385040995
273.282183692247,274.5418237084046,70.42063610178175,60.09287829520407
268.1831227346645,273.55657516570807,68.57419376981528,60.076345351300276
261.75606486630534,271.5290360309177,69.3064137164335,60.80235639065637
258.075228268083,272.81852793147607,69.42180338168929,61.60932696957502
250.5169295177488,274.52963151589364,68.68412136423025,62.11654146402421
246.7400804916678,274.93127790452695,68.5970971416119,62.89319568153911
243.32179372165527,276.49124215749737,68.49665371767827,63.58034792129527
243.37400852067927,277.618233885228,67.33876876684708,64.42443985569602
244.88242413114705,277.04188209526234,66.48861978925866,65.47764958187955
244.27808358209876,276.4938556469565,66.2977741720766,66.13631405838625
242.01425760221028,276.6290031422668,66.74022915996028,65.65867197275293
239.8910091682328,277.110851224088,67.36097643990253,66.15437848950765
239.30595114500846,276.7891439606333,68.48381800857132,65.38435314653634
238.94177716502242,277.24518885262324,69.40735468459742,64.4873924789202
239.02387369985527,278.0143890689098,69.67381319025861,64.06418839358378
239.14000460218807,277.41469114449023,69.78102469272577,64.30004094656263
238.55115910004776,275.94043776443476,69.29867722578444,63.56588426596916
238.98790825545169,276.03805175951106,68.79148432583857,62.529759848185165
239.13739418640333,275.1481029156245,68.16565069497433,61.7442183117151
239.3482535558522,275.5368575429759,67.69860168495173,60.66260246388032
239.03401003376968,277.2605121239147,67.01047052499999,59.98633564895716
238.59976607853235,277.31799313575465,66.73197516959786,59.089680643557244
237.61771787283539,277.84048640027265,66.7522953311062,59.15105180819337
237.28261719487318,279.0777352553756,66.63031847343427,59.621962442256304
236.48909606971318,279.1067299539116,66.46463822199948,59.749915993048845
235.9437137100881,279.72338474543056,66.50311428978331,60.12112696932179
235.24476488942304,279.44673642443234,66.45663570087355,60.00300118938604
234.7452009845337,279.85554811377943,66.29019647020881,59.82554576227576
234.15391938467238,279.6977367313467,65.95529538980298,59.838026247754634
233.51937789352593,280.46221531386243,65.87156488981132,59.88010875938953
232.66167632553004,280.84934585858423,65.99202354872183,59.53276134859193
232.2271600853969,281.215857304673,66.08900028386329,58.56700762073824
231.808868646155,281.64660846547815,65.82680813316466,57.7138483428651
231.05877526261543,281.83302220945797,65.96312082244683,56.98901963491754
230.58934585673094,283.1270798496187,65.91997177307842,57.468934235119704
229.5892887337341,283.1949435223114,66.2387584376665,57.47790859411727
229.7289380920185,283.6833459117258,66.10451885963411,57.4245261518669
227.96819919586292,284.5518765625296,66.48885065585152,58.306949990106006
226.44395079287006,284.5320637455219,66.79822793211312,58.8457432154548
226.05100020503485,284.47034450604747,67.09583751637767,59.28091750325302
225.95222515847377,283.4196354857114,67.21607136257308,58.79203617602049
224.48676266357367,281.60030064614205,66.8337384197103,58.300682375697576
224.0963258043682,280.64804987286215,66.49862269148122,59.95032349130149
223.13923089257406,279.88271096547106,66.16178755359797,61.47135671855939
222.70920985600563,277.9351025036723,65.85949172752676,62.40105779018246
222.7287867420452,278.15128225440156,65.09062219092507,65.38324048690508
221.47197870352446,276.20425543880987,64.78971266371849,66.02146645275948
221.20706147733287,275.59333796138515,64.73248177701322,66.07180620840545
219.79471151742678,274.9342111198404,64.81733260624921,66.02133590296185
219.0859523032843,275.96616964122757,64.82442072237752,66.29055804132469
218.39210751613518,277.7325544177234,65.11171950478274,67.10509855455608
217.38751142038947,280.57688346179503,64.95826087268101,68.70389316416671
215.742326206069,282.3864489292924,65.26853639165397,69.03512658044458
215.82874090981005,284.901304249738,65.52988518751621,70.10634472297015
214.38641094534844,287.13204361499425,65.81468635560572,71.19562006273969
213.5794717153463,286.71570604145455,66.13409784325894,71.99773787167062
211.7984439610014,286.0645816433065,66.72391648022935,71.6395949796199
211.0832530587241,286.1650913090058,67.55058393789831,71.25836140707435
210.26665920304004,284.7245905578894,68.3623319658291,70.9346464652915
209.84882451693872,282.8329590361036,69.11089903661292,71.19499700657433
210.22557277857953,281.5411797390184,69.81647534162411,71.92694029102944
210.82539324355224,279.4704218213392,69.70281160837212,73.04172463529899
210.87050318864107,278.4980321635486,69.80531570768116,74.63166048340628
212.43278568395056,276.4071511166548,69.22573338879991,76.63528312902795
214.24295457031724,274.18259901331123,68.67425447798973,78.30505565160247
215.72651807395607,272.79437802274236,68.1573680827421,79.6937746636851
218.69127813380285,270.97198050244424,67.70376005716474,80.1463931238522
220.46114655960005,269.3777518203053,67.02492932968532,79.90262764495992
222.80420589637433,266.9855585964665,66.38816234833648,77.89891575737147
224.579222004236,264.4150644982406,65.94509638970848,74.37115986660402
227.0219115001896,264.9967009993418,64.11808345805827,72.38105898068119
227.86971649403864,263.0943225566508,63.763926068931966,70.51758819348623
228.79814082239218,263.54093359126495,63.15176663837538,69.06635614214899
230.09641865361792,265.2627819846675,62.20733132771526,68.28458777064222
230.43122095510887,265.9227265330598,62.327350283254674,67.54722654975792
230.41661448475972,267.71359581096635,62.840484632606206,66.63523296235917
230.87448445871865,269.7777405997857,63.1065142941396,65.75710932405154
231.1252645779477,271.8841053456438,63.169253460302684,64.87101566989026
230.9810744304825,274.75114875733436,63.111426881577756,64.29171877113072
231.25657171410472,277.692677677529,64.54665565436777,63.4993181649334
230.1160694026398,278.8285155472407,65.25234432499661,63.16187656781341
230.58892873458464,279.7353328463874,65.26817536041341,63.517843886786906
230.35118415516285,279.050921521022,65.17931558317605,63.49959111332326
229.30162729853868,279.42390431506806,65.47710349838974,63.88280488371351
227.68235787735978,279.9466421734042,64.96488226231736,64.00392891756007
227.1512654232342,281.4949561014997,64.57372354073148,64.96830951473822
226.07475260525825,282.1116205862317,64.81994568795199,65.39776166462084
226.07535166363704,283.5789882967565,64.42622037836337,65.06382747304816
225.0766992709535,286.26213741742407,64.24943287094484,64.80681887786172
224.13865613135994,288.7603619968038,64.6180581983268,64.60948156221141
223.35616050570465,291.3453816506709,64.70114387007045,64.62272415297565
221.44207732607106,294.1926851518535,65.11787414840504,63.37402712756976
218.54687641843867,295.3191374708191,65.61153447807408,63.16401256150743
217.70279395502928,293.1713639382878,64.68258319204799,65.06787962435749
215.96766004275798,292.44972740673074,64.57136908299687,66.29468143264603
214.6438249526595,292.89749656799887,65.33899253792072,67.40355433066027
212.7005866199941,292.6210531273953,66.24083885695326,67.3962796808959
210.1110507850436,293.53931955493323,66.56569967327762,68.01344665301426
207.01060016533447,293.1017811306153,67.26485664237116,67.47735063482885
205.65229367093923,293.84880524665044,67.31107378002642,68.0785966398954
202.32267789748192,295.35442494315294,67.92260110712289,66.94561523677385
199.64217698866383,296.60027665756667,68.32089397471637,65.88127782624171
196.91168507663264,297.4801408278887,68.03997258637642,65.39531600323673
195.39718942332817,298.11398022654595,67.89019287400339,65.09324836572371
192.46987525609558,298.7291309559383,67.78237976407158,64.67814896430066
190.0059931595977,299.1735568631082,67.35503808014478,64.70225773889285
189.3287298158611,298.6515765091887,67.21301265789967,65.75577983362253
188.60174310193318,298.1756800770643,67.7306954043933,66.15862148927988
188.7932442344638,299.12835255850877,67.76111968757465,66.08575159257602
187.4022245110736,299.8912026017573,67.99992025610493,65.28055501512355
186.83705193055366,299.97014620196734,68.0622769022446,64.54394962927869
184.91330752711426,300.3389463444709,68.0135471708391,64.55462641240968
183.3080736456967,301.04451901220705,67.69023507413135,64.8687903296764
182.12648208885554,300.7527855129851,67.5572197720575,65.14422797450163
182.64735204536794,300.31592113173656,67.37263518206125,65.38284117312918
182.06315744771518,301.418338166428,67.65792243721172,65.50857184106633
181.00086950845588,301.5871265921798,68.11481840983888,65.02566248922412
180.63272632804154,302.0151674127099,67.99751970625641,65.2335424732631
179.39289722530242,300.8446197293571,68.44299154851443,65.06881208198837
178.47134667332116,301.63078161963824,68.28831030289047,65.21564206328976
177.98779758826427,301.17535813960717,68.05971295355693,64.98591266074212
176.88510090032347,302.8141473346562,67.97977937173589,65.54744249932756
176.12447756125874,302.4322227334427,68.2160850918423,65.31764961000334
175.79116596511724,302.22370783261533,68.52043232606404,64.92804087282073
175.62745027566186,303.1166758002815,68.51611557703752,65.10395856087862
175.95822972510098,302.0719148432934,69.06350803218608,65.55058191528443
176.46462056188457,300.50393856862325,69.76712471696392,65.13665300634226
177.71005663337453,300.0288447830639,69.61982089902669,65.39395392689872
177.68971851482712,299.30450112413615,69.5207654309328,65.76689315877857
179.28675489570875,297.8093544890225,69.67486724116048,66.4325030011952
180.31349843208196,298.54642528077636,69.36598344466681,67.1849458521967
181.5398748578567,295.67731313294814,68.89293664208283,66.68992239089519
182.14623158934245,294.5997674943398,68.88161904836633,66.55073361592676
181.66806803813256,294.6841319590367,68.85494307089495,66.54682765239338
181.21528495849162,294.20491363180344,68.43159172681989,67.38188635040993
182.01921378148788,293.6487068246535,67.64297399524463,68.40453627119828
181.79210055178237,293.8758510708161,67.22136718172166,69.87502600191078
182.46762531166831,294.1346509168612,66.32227724213286,72.03180565857551
182.24371632833194,293.2389319300675,66.21728465906955,72.81486226543316
181.96066652990362,292.9352342551396,66.20808320478639,73.71400727148935
181.3771050543644,293.16777813993247,66.34776680001457,73.33702879399361
181.0327278461077,295.52009509480445,66.24858959545331,73.46309385122959
179.73265149292916,295.6819072610117,66.28004604135813,73.42422725216014
180.09504592866642,297.63360667085215,66.32262453285969,72.7621366447595
178.68225364814768,301.0493279004949,67.48401868232948,70.62931831953763
177.82702578536347,303.01231026236786,68.10622007535547,69.6041919708833
175.9295298928448,304.3821620967415,68.5100446965439,68.91369575109539
173.52942341490112,304.70547881053335,68.72333739104823,68.29292486642413
171.93735486377574,302.3093741835912,68.22847268513246,69.46274528058672
170.54289559101437,299.70432432513326,67.75643160541108,70.35270988092545
170.0738520580817,298.7780525824917,67.65734873795732,70.37982058880385
168.39678435571233,298.9648968361486,67.93127631798902,70.2677009258083
167.12769719513332,298.92970008547746,68.21421520556855,70.02108211712257
164.60908147761293,299.16353004243706,68.34913722288475,70.02950265063869
162.83780373138424,298.06665716159614,68.03372581547029,70.18703167648079
159.98009204457367,298.3936592352161,68.63817201623985,69.91489511680717
158.07874598225925,298.9571633676243,68.59114008653218,70.43877314921684
157.45223583847854,299.40187032795103,68.37380557863767,70.58638646836282
156.75378591840376,298.62005130298235,68.35185356637021,70.90966306619744
156.71225843536894,298.0135783231415,67.85437419348878,71.35374594394713
155.61745256537745,298.2327109489107,67.43003472726443,72.11973627331074
154.82239765599215,298.600137098059,67.62432690859151,72.41712639234973
153.95435968389148,298.5121879037015,68.14385655571945,72.3343719747827
153.59098129199242,299.1770704515962,68.16391933259777,72.56688169264535
152.94020465388166,299.9391652602719,68.35298255087399,72.487744818252
152.1830950763161,300.39681158568237,68.80836584193804,72.38845107928859
150.76638619511257,300.0825868581415,69.46936667891481,72.35034596417236
150.95886906412966,300.4137733425653,69.39185382817732,72.47217753796154
150.97882343333544,299.2426098310397,69.45040662086842,72.7218083711324
150.9490425323807,298.2427376231899,69.4973901849761,73.08202188969159
151.23759638305785,298.43597789029576,69.37775883130668,73.24365535723072
151.03908742136593,297.3487373768607,69.6801599988473,73.21213104924671
150.5111867311595,297.3715293025944,69.89066970512309,73.25384875007497
151.2810024833772,297.30946299216293,69.44008849365643,73.35919516595919
150.6215353737486,297.4674761562481,69.69735360166182,73.70087635016752
150.45411774657362,296.46964655066193,69.64817255080358,73.80411634232283
150.01617754243912,295.56159136490317,69.79462734996075,73.70616600197968
149.9778418667694,294.2515885954173,69.63139353765445,74.09043087933037
148.01875653216564,293.2468280292057,70.40775235917522,74.13952198569913
147.04438272711565,289.3603446396209,70.39166229894897,75.17782766257379
145.28221218829043,285.1826408894783,70.4407426420413,75.1813283864308
144.5043970944066,280.5612080213805,70.41835702551813,74.95164659149846
143.21858149381214,273.98736689268424,70.12115301590693,73.94037422852962
141.81635982342505,266.6523460772362,70.2441567185433,72.78242818852732
139.82708980265144,257.8971263479774,70.7693390635573,70.07020186030175
139.51694386105538,250.04466602905245,70.57497063600421,69.65320477354226
138.28408077686467,243.24165017380918,70.54824895129723,70.26566043422413
136.75967775455752,235.2060416381602,70.74389366092008,70.47746817324666
135.9936690586905,227.91924390232086,71.04899414343629,70.24552546743512
135.9131004534591,220.52009002178198,71.00510381834138,70.9660935129367
135.285687814389,214.3530810506156,71.56126300074789,71.39860979969086
133.79494604845587,208.6990214957286,72.05702279871221,71.6268977861128
132.09056792403777,203.88754983640447,72.76420901352128,72.0838226187381
131.33624391814487,197.6807445034031,72.96043451134526,72.6258417167477
129.50609068103444,194.1339931299967,73.82281503646945,72.72564395925751
127.43956003104307,190.84753871080653,74.31308387314958,73.00102023919672
126.50928192769442,187.1874167582291,74.44851285969311,73.59091078894386
124.67414986407559,184.4610388228637,75.05623860153953,74.00549632199761
123.72543284597424,182.73551597567973,75.55763005236929,74.07044935355427
122.31683185211833,181.48771230187597,75.8157891094781,74.0633051123404
120.68112911599445,179.36154238037517,76.19140209744239,74.63550469846032
117.97810930618898,179.12693482426835,76.92662863340465,74.58140092391703
116.2331939371309,179.359160539731,77.5790558356779,74.48167907625516
114.58361329855006,179.45530224490065,78.05472434741294,74.9829824922403
112.45890058454357,180.81292348684264,78.76306405536369,75.11408781719419
110.57559367500502,183.06608523628552,79.67173338591539,74.52435429366551
108.75733302556065,185.06038599446995,79.9420234817249,74.54998588963186
107.3179717791908,187.17932203831873,79.9644763764574,74.97170356939037
105.42222069036356,189.51111830171618,80.2574636634411,74.8024266668325
103.06239559301088,192.94061590577968,80.72059263317091,74.46091707729678
101.29629863290074,196.77988223357605,80.38778010655278,74.9618172906616
99.83574387446546,201.5194285189923,80.29164456917836,75.67589335996583
97.83217893018727,207.0823194951562,81.03626463488928,75.62805997788946
96.01709145925979,212.41113348035407,80.98307351648728,75.42401191014265
94.12606927855032,217.69227809084003,80.6244404258188,75.8227746300887
92.1815483279714,225.0866681978643,80.35572313737096,76.06313107375502
90.26457622860556,232.32512224512112,80.71680461561311,75.68454107921694
88.70276864652573,240.3685738157668,80.48598624324326,76.46576385345296
84.85643155891904,247.72448530019992,81.48188498205526,76.99404365253106
88.55074582315244,252.2399225702727,80.38692996890828,77.57849885481708
99.66257784758075,255.0658148263605,79.0664088491288,78.7521480737206
114.19058712441188,258.1503558366474,82.20691205449975,78.29082924818461
130.71115268253155,260.9399900881609,81.51797667800649,77.7370324324745
149.85717104371653,264.3515763031525,79.28712769977717,75.82159344289047
166.93925574157709,265.4359539032337,78.98903954184902,74.98838747807204
190.3442374737508,268.8404230786111,78.63238799766762,75.73532252132976
206.60869091864075,272.3695951813356,78.49032574289747,76.38471671538622
223.58963426147068,278.2717856339045,76.64707995689585,75.63841934448914
243.1776023985225,282.80395986937674,76.43574710686443,75.19426054029287
257.4338253218474,287.9397212149704,76.49160532210428,75.49027706419338
278.03877135449545,292.04181283595165,75.82113433835111,75.72393905233348
295.33607320613265,301.144018581206,75.56587847443218,74.54531682268893
307.29338020549375,307.5504610790984,74.90930967224327,75.94742721112053
319.7997587026309,314.9176017762727,75.19810068211922,74.16909750744567
339.19959423142546,321.5978046615085,75.83530401417863,70.96151995352686
352.50158353792773,320.05798509675924,74.18528581987528,71.46328776039356
364.2172045484146,319.3292456287341,75.11414931342786,71.97548930357956
372.0851386171647,313.2638954922367,74.5768657325072,72.67423900742153
380.81993791801904,311.64826391033074,73.74248670477319,73.52140626402222
388.494534936804,308.3209771238143,72.8271629827551,75.37398122179013
396.98575486055176,306.50957668629025,74.93799820544999,76.68685677907402
403.30547058588024,305.8089478507529,74.36039155337697,78.34662173169052
409.54714508800873,303.93943888094657,74.60696675108534,76.49969644925721
412.0442018596596,307.9772593355894,75.12904850502477,74.80357690990571
415.87519244903456,310.05405758091035,77.3374648940239,73.59872257052413
420.3431126226273,311.4265753269058,77.46492086489262,73.92510202604312
424.7276727016454,310.8846086035643,75.78321783255828,74.04510403141896
427.8683854777646,310.8192441542253,75.76367887699956,74.26887055773437
431.05493195012673,309.6213112439691,77.42044166042474,73.86686264281887
434.4228299328137,311.1922644662204,77.09417633469921,73.62218515453876
436.21594261155514,311.4568217914973,76.47820873631063,73.85092299870169
437.3306815400007,310.3179518999308,75.66200898229432,74.06903787148013
435.86905408450536,312.67033251970696,76.62216453281896,74.10956691131615
434.3268505760518,312.51355780064017,76.86689707691725,74.90561377333695
434.30416300442465,313.70015539371525,77.50587010911804,75.90426120994375
434.2006907269859,313.9163402920477,76.54090771590602,76.42183090264348
436.8592595174128,313.0023230492594,76.54344319642301,76.60294101173233
438.8792589993702,311.26304929934497,76.27002910570762,76.03349246740234
440.19045568563035,309.59779045230573,75.76800898224135,75.50048548611147
442.0113195887653,310.0904825373793,75.43259445226238,75.15961593626854
446.9863523149913,310.8334521790343,76.50486500597489,75.0807465744521
450.06617267573455,309.9079873994499,75.9057573312108,74.78801010464446
453.9818713016745,310.3764852820481,75.8496066995091,74.73313566398713
457.1638555131002,310.4166161791556,76.43707527311764,74.7096096498623
461.48302089125184,310.74635961102945,76.70750458761513,75.62435381467142
465.8975659288519,310.7895644692328,76.88603818490033,75.58373838409852
470.221168010733,309.3580956931572,76.26464807753473,74.61924616482634
476.1610290237061,309.55125530135507,75.35057184168859,75.71788619315876
481.03527227468834,310.0287736262704,74.67869685858396,74.92027005934223
485.38855682258685,310.50271454810934,74.39460262393199,74.69342131197781
491.7114179480597,309.19826409551933,74.25419806097455,73.00441581838459
495.71091860102626,309.959659452688,74.39151400815419,72.12377580413958
498.5837179517903,309.19821073133306,74.7135579953774,70.49854306839795
502.40479374292914,310.2071189890404,75.10161500074616,70.21282417871572
504.84834971370026,310.3520086919305,75.36784864407338,70.02179808367545
505.60903131479364,310.70878935496347,74.39117360707438,70.01104209789962
508.2905352836011,310.2374554770639,74.3897932481948,69.45720387797545
510.38751628736185,310.98374738914043,74.3204254522517,70.02357691531836
512.3612577399725,310.29369144499356,74.06832800311552,70.28724767297396
513.367789094759,309.83020948442476,72.71543310684369,71.52041889334411
516.4394512237102,308.27694407647647,71.02564869726888,71.8153180297057
517.0634025310487,309.0985089656228,70.91018390779482,73.4734677962434
516.40913189397,309.8529587837657,70.55356047286107,73.90779902734349
516.1831542962102,310.2182240567238,70.84223978577894,74.3159097196399
516.1283394056989,310.1551685883769,71.56570472276549,74.51286354826522
517.3093024374158,309.29626871378946,71.38521090649344,74.87939762857101
517.4025813637189,308.6671374807806,71.2856069993451,74.90240735658982
518.557215188484,307.50506864429065,71.05858994490788,74.3916503724347
519.2046492226757,308.5574804803697,70.87409751930095,73.8455381098454
519.4910706089704,308.45669323391303,70.57750558594478,73.10548957066568
520.2866265470485,307.506455410502,70.47247483314064,73.08544824971437
521.3021207778985,307.24132635597874,70.5970504411886,72.94686481794734
522.270226564564,306.6459839928624,70.86606767339954,72.97551109870729
523.603920019726,305.98792344044426,70.5545598314503,72.08237698503774
525.28791457927,303.1086742268453,70.32086856011,73.11495187402764
526.6389497744127,303.09816062368,70.72841278049677,73.01458634600958
528.2836270119041,301.3659802404769,70.772970678103,73.51563472494917
529.7113282732938,300.0856646143034,70.93728632548965,73.95735184994639
531.0281385041842,298.6395940554221,71.7206506602328,74.27785056887481
532.0913290462528,296.1261071104848,71.99787622930918,75.5602503887726
532.7087157533679,293.20984883463586,72.1156720375293,76.14704989182546
534.8353682125895,289.1379832603306,72.48910805155053,77.3587122156679
535.9698295799363,283.9962551516858,72.99788502579563,77.98792687106784
538.1874084209386,279.4076465665831,73.0830797073774,77.81025417158328
540.2482721172568,274.56195767016726,73.48482414701661,77.55707191345064
543.9749559363001,270.3232741733871,73.52019695311314,76.7850702394084
548.5787195516318,266.5385859182448,73.97416969956154,76.23735080242743
551.8772358855032,262.96617348507965,74.4109247591747,75.27964518932649
555.6010079319728,260.54564978369416,74.48379215762961,74.93057570977325
559.4541103250825,260.2173919091082,74.25422521168106,74.44763387551778
562.1209174404815,260.4451607368486,74.62158210743951,74.32554394461769
565.9351038332354,260.7546976746201,75.04727597995172,74.53112333693514
565.908449367642,260.69905942171386,75.50756071689815,74.14601900697606
565.7616468699993,260.93846324832884,75.94980224699361,74.08214256164132
564.1737768094576,260.9230501637509,76.51990720190864,74.10538639692714
563.6994344642139,261.8925533906266,76.68309154478169,74.57684494523565
561.6051539908417,262.093277212468,76.78087604804485,74.89664807402889
559.6169322779016,263.47078202456714,76.6949081656365,74.98296826283426
556.9124644327916,266.28398216449534,76.90019814967972,75.26892722064876
554.8303401533301,269.4462374015948,77.0293586463162,75.10221312935387
552.6161867701541,271.09742617544316,77.00666424537108,74.43039454924744
548.5494245070765,272.8716992036076,76.48819406632573,72.90358273058946
