552.5,261.5,48,46
553.0631887945732,263.0718707970199,48.8370187216598,45.58759166172793
554.8119853720765,266.408760501119,48.778988602618256,45.45917854076127
557.0008235161379,269.68792949418076,48.6408218970151,45.516467843456084
560.0850414087754,273.56737305088365,48.812864055160404,45.45688531073881
561.5833118552488,278.0512033979392,48.89306819547774,45.70876521263593
562.2220341409907,282.6094193739772,48.97430208411507,46.63608974554543
565.8143160463283,286.2076883235966,48.86338386517588,46.54146577529223
565.6491836608965,290.75037903372663,49.94032216041907,44.5870772444364
567.0354528557465,292.0043539790419,51.08367136494209,42.75489417948175
567.7536590602972,290.2223939538399,50.96602829158735,42.55114240638421
567.5914841789111,288.21099197621703,51.318156568089236,42.60719120988128
567.9915366891328,284.82518821330626,51.62487475359379,42.613487017715755
568.918472408511,281.1041000787066,51.80565530954249,42.60168093370464
568.156317562643,277.4172353209572,52.76141250722944,43.15658711164847
568.8989661676293,273.5489603214585,53.862024187027366,43.22150577443384
569.9654587638113,269.1983495964563,54.25004009520361,42.948211309521234
569.6546227114104,264.4606842374559,54.5848796885803,43.216783528376496
569.9800064128581,260.19413728458215,54.937811230730354,43.42105434452435
569.4496373825694,257.2968844956169,55.18258024137717,43.41384264111335
568.576374307032,254.22708047996088,55.194293894359454,43.42530402401837
567.9875839727548,252.74425202290186,55.365206114465636,43.57868385950786
568.0740453178975,250.63818263759927,55.17131863031936,43.52458584803906
566.8944586364355,249.2024461817091,55.30276267271713,43.661884746681594
565.7615488792507,248.19944216997317,55.206339965254564,43.788725809437224
564.2762894381216,248.37821527645238,54.95739883698414,43.821406050021494
564.3321196077013,248.60479785366766,54.530209419579464,43.8410830822803
562.6514540406303,249.26362441369398,54.28574493184974,43.844246359894626
561.4536950813538,251.49384171749318,54.11237800085428,44.01825932691168
559.9621425448229,252.05212536104807,54.12158585521194,44.057430155112584
559.3386994235034,254.35825776672328,53.96154916141141,44.499951072216746
558.557586790448,255.3400010200782,53.65947763358436,44.87889372657864
556.5736861488056,258.6261164472342,53.78942262414458,45.02954609675398
555.0680955145963,260.8619915306132,54.21328761792027,45.219020295230415
554.331066975226,264.6202784338562,52.59818496956425,47.082152871495815
553.3695682762083,266.58873577352256,51.5890820715792,48.416878492913845
552.3147094575548,270.76704822728726,50.96392879824161,49.09121462206657
550.7293802373621,275.6767945199189,50.83735008080534,49.4788257660514
549.6591902200739,280.21873838812104,50.920954783884554,49.76663354814072
548.0343595800019,283.24668355732786,50.92981782908893,49.760783454783194
546.9229228295035,286.6020952851418,51.356195057998804,48.066574436258655
545.4838774761881,290.4690412911273,52.46751981251926,45.62719994137738
544.6324739778144,290.3175112299381,53.213594238141766,44.60449135457311
545.7089563599476,287.91128288192266,52.55388389701678,44.898889750585695
546.5766864421657,284.1167660741287,51.83051942235387,45.89119885598069
546.2899878442028,279.6274038250188,51.44882073109569,47.05682826142713
545.0990570053666,274.9633374466604,51.24502433534279,48.33305157142766
546.7354457626147,271.4559085920965,50.93545811883553,48.36061746765869
546.9683444961729,268.1374810955772,51.02751643661209,48.269290144870894
547.7437418192194,265.81231416746016,50.92081513711488,48.538280159552144
546.984977835536,262.31150484238447,50.84794097816945,49.182337221416276
548.349028291362,259.46856164735374,50.88535801657556,48.77021640932925
548.3117331204483,257.255290905021,51.000640985832995,48.58759985490169
548.566776856081,254.92352248407704,50.813027726021716,48.440694725964406
548.1939334962383,252.49723456839666,50.43756609785253,48.76163193504122
548.4757786827877,249.9854498487112,50.24668582030252,48.898471180320385
547.5211201254453,248.66213069648634,50.45695167403899,48.45160052595353
547.8918277900812,247.09727098165374,50.60553841662467,47.86089768770495
548.0624613063579,245.6550470678105,50.2491047177124,48.152145785472
547.9349405663248,245.3627475290382,50.26609801684093,48.63002179287196
548.0142100055425,244.9012575528003,50.55458440767562,48.52293930829026
547.6908205397809,245.7043380917744,50.827264770043975,48.469778680476324
547.4375408819867,245.97289694397304,50.594108032623254,48.78944925370509
547.0627634870787,246.27928391491932,50.612254107191234,49.020248762854706
545.9650947189472,247.51916095592202,50.881951418043776,49.225259781328404
545.9658185608512,249.14919235261073,50.971795556729035,49.06319417651909
545.6380321401584,250.30388677132584,50.93014974157448,49.08256906246231
545.1459664646103,252.53022379796948,50.88339348891104,49.74341229356831
544.71290620317,254.50300257618017,51.053256658962795,50.0423439301096
544.6024012085627,256.76545382965855,51.29295179720617,50.43076673290629
543.9085132018462,260.7683796325512,51.23812148072119,50.729181103073024
543.3999262099122,263.91399250766426,51.10985643584928,51.6503901215238
544.496460082455,266.90213407140567,50.839104765135154,52.36753884828902
542.864722957719,270.3290816811246,51.44894947321002,52.94399154831527
542.9419504477515,274.05965174037044,51.35994283689876,52.94534103477346
541.7786254636802,276.9946920788119,51.68041204179666,52.87857361320067
542.0581177053404,281.6245092398539,51.41797801118567,52.709357153055116
540.4304394765558,284.7889658109998,52.34244667426012,51.22976728346835
540.7549315123653,288.5970181205426,53.2813683672209,48.8191499156645
540.6021487382893,290.95071146939836,53.999739919658595,46.474220493343665
541.0542890557508,289.8714156631393,54.02248269553277,45.59259232207873
542.3033796639996,287.5347072478028,53.23078782337258,46.31941515288911
543.7662533800443,285.3289688814349,54.08477905591039,46.199957074986514
542.6388231886694,281.79428267478687,54.80768145468934,46.65682119131601
543.7510466433561,278.6916334274204,55.05809855135864,46.55380488578641
544.5348712658983,276.3306734869976,55.48882066896013,46.52029931344595
545.8623723842129,272.5402102656189,56.294067617893155,46.55889310697254
545.3151296409915,268.90600313762576,56.84561356061197,46.97451986829934
546.4722394284689,266.7287426843557,56.807565193085054,46.917093047636065
547.0831896168223,264.85392217493614,56.756524034022064,46.57349714325742
547.7661678749911,263.55307571676144,56.496600842879815,46.04744800752857
546.7478633667819,261.97940651054535,56.66828638212535,45.90019737729726
546.2042049231939,261.2754148329386,56.683060244284775,45.87893835999787
545.1873894243895,261.0668593266177,56.52411984029743,45.89997436233999
544.4460624903735,261.91803023610305,56.32157802389624,46.186017982288405
543.72902221205,262.591704411216,56.252034856559526,46.321254466161236
543.4697227798587,264.2278904746714,55.99443539340092,46.47444686676201
542.6665924295003,264.37660371401637,56.257909066758735,46.29446944070404
542.5550221944189,264.0737293716933,56.42131123245541,46.14753377056813
543.1555446723225,263.24092883197255,56.285865837385685,45.85907644127239
543.384579642381,262.3078557832384,56.06773040130095,45.71858591917278
543.3421431920772,260.7884085525593,56.189194094147375,45.59053897618837
542.6983273349075,259.99071958669845,56.6148048390958,45.48019505274648
542.6593707440273,258.9241480897676,56.71967365148626,45.463104539451834
542.6065602597769,258.1745288914911,56.792991137693306,45.17678089758321
541.9619760797567,257.49221314126805,56.99179253816165,45.00355915706243
541.5516987078145,256.67357716916536,57.18072294103503,44.806351173251194
541.1834429769103,254.39698452951367,57.302946191974605,44.82230643775353
541.2512477230788,252.87807254118198,56.85366293517043,44.6804395765568
541.2294287265402,250.7771899286791,56.47947710694151,44.60300806236579
540.6393873620781,248.56808787325855,56.432266344502096,44.68931825230844
539.6523662545421,245.90710747912289,56.58317294517879,44.701071673636406
539.9185561340023,243.4994259019983,56.306501016449076,44.79073969467636
540.1579608067287,239.31306512909134,54.454889055830584,46.53934481974443
541.0132563746764,236.21919836431317,53.2364698631229,47.55120554656638
540.7996828257832,234.25222661438437,52.50845021572357,48.36515011453921
540.840106476715,230.7142245119844,51.88653900909756,48.74681599765335
542.1297809863647,227.85305694722018,51.32702021669641,48.68782483323653
541.4486038322533,224.95064626516015,51.36396225151225,48.58642337707458
541.5937463227101,221.7279554975562,51.76044693488622,48.33152758379128
541.8900971752154,217.4828505002166,51.901626822626234,48.30239229496212
540.4341674552599,211.8420037938469,52.508359357095955,48.62696767333873
539.4769580023416,206.68863676196682,52.8153460167243,48.784617645912434
539.6662135457847,198.95033506363512,54.08883428420057,48.93423759073255
537.5222404260223,189.71248205411342,55.42660333103738,49.001687079014246
535.5065800853287,177.9932517107395,56.37202799725742,48.244215377456435
534.941594229342,169.89705075073033,55.1205950709404,48.178348941151484
532.6587126721615,162.51201243446434,55.01588556338362,48.74755982813906
531.3292779247937,153.70662383562026,56.44546397669059,49.84010468024617
529.2328373187661,144.2598001515344,57.81571073020399,49.74206999580557
528.1381055598426,138.59698924343505,57.04082426292833,49.008878716911525
527.0856828991207,132.64458923511236,56.003506784536995,49.304172126501236
524.8250432903562,125.15087651247586,56.735769993688734,50.14816018621514
522.4714480248371,117.88627756806054,58.68759682195309,50.83931009378359
520.4622370970679,111.37025562029939,60.007248154419955,50.99313915318528
520.0168049771949,105.86784141607652,58.482314206910246,51.91407664671404
516.7011570133083,100.144472487097,57.66371809061617,54.38279955868917
513.2450216879001,93.51001774771306,58.55311915448772,55.80354257169776
510.20140220122585,87.91441502635449,60.90973893571302,55.63430966755211
508.2391152031126,83.57186309697084,60.84555842105998,55.86788020875349
506.74647152526984,79.73544014662208,59.62406963462508,57.66652862638827
503.08202949532557,74.85854407315375,59.534261582544715,59.797240996561
499.16545634994384,71.25461143944453,61.12589509788699,60.6827991541467
495.64590616461817,67.8365187478216,62.07469538537795,59.653864603310524
495.09172802158906,67.16654603751226,61.20861431544094,60.20552149024162
492.3715010698031,64.2207252997847,60.57276855165446,62.41544485465852
488.3192690407694,62.00175953454841,61.39129863831683,63.956750866332264
483.9407811964709,61.6107384710167,63.24758853971292,63.283883787958985
482.261240755122,61.34670959868565,63.72522878291484,62.32208898497552
481.3662884353398,60.23364390849612,62.751396220788564,63.89379563839154
479.15520226126677,58.73460524674436,63.147838912715216,65.523569305317
476.0634760082146,58.688004194091235,64.75453494146362,65.59993082045918
473.3438168529523,60.39261975446852,65.83026015048681,64.20536005813356
471.53257153540306,61.2026168881768,65.39324293875286,64.59834315239608
470.526106190292,60.870000299575764,64.54810921590432,66.43434387529823
467.4248520202864,62.87898055534525,65.7127590697401,66.73947487071726
464.50904521348514,66.93368558178295,67.11022866326192,65.61975226062138
463.325210312844,73.37069926271722,67.08812891040606,65.55953429358928
462.902430943716,77.1141424823085,66.27053018558831,67.04134826334227
460.47023188701144,82.27786818547692,66.94714791874839,67.83478079865583
460.0435004465819,88.23476872097976,67.96535128754066,67.0152141942029
457.35026655577985,94.4154543061031,68.80927994942434,66.31064138668815
456.59139758664685,98.53969759488643,67.96659289226791,67.65512088883338
455.2495047273381,102.40938820233775,67.74987879017625,68.32672180588875
452.4924847254102,106.90768541948178,69.60781732880686,67.3893085849796
451.72857002210645,112.38974400797582,70.92108427463418,66.31684065420735
449.5011316770549,116.51389577743498,70.77758898216285,67.59642922802097
449.3062740813655,121.0052847598207,69.87103892905776,69.19644449902833
446.8574825450552,124.88023843406923,70.72307880786116,69.18162549891994
444.744763482941,132.4009019873601,72.32682546671172,68.10617211059994
443.29266290623275,137.2134965503719,72.81932660982852,68.69564935115345
442.5095958257224,142.4127878252649,71.77683440518764,70.70234023886744
439.6399944404383,148.69428460468708,72.18987483749905,71.18127306399525
437.1038510580026,154.0742102022924,74.64309536396709,69.68416391132615
435.0232967333472,161.79927212193354,75.55530002348594,69.88197307833045
434.17022379002833,167.35065593406048,74.76812592187301,72.04768766232856
432.2878247359188,174.47041273793712,73.8511513211993,73.67836372132328
428.6008318758824,181.76883787922668,75.11796693629154,73.11696914247955
425.88039539182887,188.34104568002545,77.00989566955056,72.61057787102115
425.1316154391202,195.09757363811678,76.78396819780116,74.02806871539755
423.87383973699406,201.4291736645392,75.62326795219693,75.39181759138573
421.4632677672349,209.62898824564104,76.17421020867077,74.93349645072749
418.64544170217204,217.8275544848168,77.85249444176281,74.40487135762987
416.74546490376986,225.25598446393994,78.20423303078518,75.23354301559452
416.2973208298817,235.9460517273373,77.73706266434795,76.01914373355078
414.06764492410804,244.8244425417305,77.55094433353074,76.68146191250365
411.1376983327335,254.68577291046532,78.98645006129328,76.21268072215314
408.11945545451533,265.76895395032227,80.56100363541763,76.24043142014924
407.204115915871,275.70348895639614,79.18120035377376,78.12154069877298
406.1474144434345,286.66731790601204,78.20857210014518,79.03177723923845
402.8128823785255,299.1639513840571,79.624763286085,77.70075126520393
399.47940965574793,310.0850425168649,81.7008421659358,76.09782490473965
398.06291282040473,319.5478122609682,82.06490034696765,73.79087291042961
394.3855782736773,326.98230702080025,84.3965167480091,69.14760951839007
394.2704062711431,328.9046218422586,86.18681861497791,65.6478365549128
394.62023489601194,321.8505501813657,85.6030918032819,66.4714835693256
397.2946569477449,314.97787409995794,84.1039162026236,69.73743700472409
398.2065727222903,304.4613329501404,82.29495907179903,70.49516682633191
398.34823935823124,295.98945644073854,82.3670034442175,70.13433534196176
397.7541413121291,287.5660900652161,82.84765258703524,70.48240514439826
397.8131798064571,277.9907995758844,83.38855292811027,71.25010877320815
399.820922478847,268.15777666604856,81.93217655587976,72.20495197141986
399.69981133584463,260.5183821410587,81.97257724645414,72.39869520688549
400.1862200941256,252.27006088602798,82.04663031914862,71.73588909328961
398.7029849743646,243.82835203389143,83.48936694279526,72.7730562635051
399.92133288818985,234.58150017187594,83.15839950297747,73.38406383580268
401.1372204844482,226.68721673820122,82.23295384689862,73.4493030664334
401.3135516876058,220.04644122907797,81.50318954239015,73.14741425771453
399.8718584352334,213.35904680560304,82.91413735408844,73.3046089579359
400.0453055530885,205.5257990031999,83.0483061266866,73.75973314092823
399.12588586373204,197.94523777437257,82.19486235186562,74.74575241102187
400.48246161323175,191.7229358046669,80.78567451405996,74.15450487185653
398.8671392109169,185.22803037143103,81.5643241843361,74.30347158397035
396.5975722417337,180.3858907373877,82.68718667456713,75.67771419281628
398.61847297270066,174.96605237130478,81.74063581917007,76.07750292449381
397.9702464558019,170.20071032154465,80.82957528218208,76.48063880624068
397.33449910172806,166.23559559800313,80.57888383024209,75.57021674117772
395.65694263929464,162.39573371297084,81.67448886059302,76.30326997901572
396.18875543611506,158.77267234419054,81.62458079911,76.85399581639936
395.8708833099789,154.26854300729934,80.90715584857773,77.03575836591412
396.672300171091,151.6928081574334,79.5124834804185,76.34490285507472
395.9370280777075,149.40936866646263,80.52748099007293,75.76311736252899
395.6432860703501,146.4473337241989,80.99822653637924,76.32562118031451
396.00448988431083,144.5799802779345,80.2885876659873,76.66485387736296
397.2389766310465,142.35361293472283,79.23417007976538,76.23882107339932
397.3846184998528,141.4212608006356,79.08215311621105,75.78622144562347
397.1026487198183,140.55072906893417,80.13676958596525,76.46724813057632
397.06532220437333,138.64237673084784,80.18673406006486,77.70922646359408
397.8887557183433,137.86660135524465,79.39654092843759,77.18272207144412
398.24435451020474,137.07889530164277,78.8754658149744,76.48979955149642
398.50423807404195,136.713639949707,79.77992020295554,76.77017568000099
398.42173079508615,136.19172789954976,80.09213705891226,77.31318963398365
399.15139378589,136.44507986967886,79.91714764422963,77.9002290180052
399.68510958065957,137.1455610194805,79.0992410503751,76.97288156010153
400.22112199635785,137.50114576319453,79.40733137038386,76.29343987468187
400.2349425114156,138.17618214500635,79.89885132621494,77.06570945915702
400.56103308002673,139.04615301770508,79.76141286143616,77.3900377332908
400.7680073167801,142.17495058845498,79.66918319991828,76.79852306664449
401.50749002099644,144.82558684628785,79.29644423572998,76.15396546720802
399.9248621049475,147.35269095450076,80.46434865982303,76.8424363698923
400.7293155646283,149.54841066376224,80.38643532127965,77.57327611854467
401.52987400021135,152.9297707710149,80.09680421747804,77.97721955073732
401.91554165889477,154.88528674533922,79.44920564672043,77.88265226464058
402.8688800060325,158.89518512576342,79.3062617433919,78.85765511774483
402.5508864812986,161.79148031163513,79.49898690125625,79.73267062292398
403.6341790442113,166.0459066399618,79.09495713622495,79.43207278041862
403.8927156306109,170.90128595179644,79.19635904296213,79.1322257168079
404.43935319314767,174.36682838628184,79.18598742226027,77.9944986969582
404.44343810984765,179.22121774153567,80.10256118159944,78.98762619067415
405.5377307681742,184.3449098602042,79.7293906512851,78.86379618307339
405.6421328233997,190.67050058037353,79.25735249175226,78.73112842223915
405.8495109015332,196.09188005915723,79.01663084156782,77.92804422358289
405.1900617272984,201.386521726544,79.31632552716508,77.76276544355792
405.11914861059756,207.49385762386765,79.4559820129628,77.23901638603219
406.2848890987254,214.21738020763746,78.62432794481865,76.20058251609996
404.48154915276615,222.84784422234566,78.99298431722116,75.08693041136621
404.08110235928064,228.0247760319599,80.09878391481988,73.74890636885888
403.00399954669297,233.6542220633636,81.22942675103195,72.12430595491631
402.96243910022076,240.5740870018551,81.33637091455056,70.3371387915563
402.5268228597349,247.5032547585004,80.69633692556675,68.64296877509189
403.40861303755617,253.39062087693998,78.15801545673838,70.25245093945786
404.5611877287496,257.03642666882223,75.1689900367539,72.18124874900391
404.9502075441964,258.57889942082244,72.12747164990931,73.78775002616194
406.0057574182186,261.2569484360682,70.19659068786619,73.53379051495745
402.39148086187487,268.6796658052723,69.08875235157907,71.4638484447012
403.927522606384,267.4921602167931,68.01842648432594,70.01327664055003
403.58253326069877,269.8958081491516,67.58677152682404,69.20547556686381
400.41945290066957,274.5165743669119,66.44804891939829,68.48777926720746
401.0339327945921,278.0606514415734,65.5540504862857,69.05598526726803
395.6304610133715,281.7067650609439,65.07513398708141,70.55700906612473
394.0244448730092,285.5014240548686,65.37454023974516,72.80423702248913
386.13619602859507,288.37255088688465,66.59967970561192,72.59587932784795
382.6152065803711,290.6583777225655,69.50196820288997,71.15763825604984
378.6240971838778,291.2580560403216,71.55026613558607,70.70652250865632
374.815000561223,290.5521199518338,73.33490320566372,71.00843997085688
370.39271208511445,287.93179922356325,74.86635311701781,71.69684963876274
365.40911950753906,285.3629562963188,75.39022276618707,72.61415995537924
360.3746331819018,281.08351140103434,74.24972085386301,73.70045977631321
356.6191597770352,277.01115204261396,72.97332749941167,74.09873760570282
353.4069013442769,273.13395552875636,71.36951833038238,74.02064877230356
351.9331512122664,269.908624001771,70.1009536644411,73.70662333445291
352.4380195038152,266.2360648067315,69.29364209929649,72.77038300565978
351.9072452214017,263.07794967979646,69.22495821077723,72.31350286982041
351.84011075999905,259.536557276685,69.07247368771881,72.55234694118009
351.1600696804108,256.5490112446626,69.11057680102742,73.26903522714872
351.75276705214316,253.49653513547776,69.46247966403082,72.66857458083338
351.3727598663232,250.2101734923142,70.5646133121944,71.90989985690659
350.1575584607904,247.58808104627826,71.29138531824432,71.71777874922257
349.36667090099604,245.61973701991076,71.22109444547782,71.33009832508992
349.9436614143125,243.0093809971956,71.50823273208498,70.64490226276271
349.14947511522314,241.33582744876563,71.75553205565123,70.70141645076336
348.6056030582092,239.60631597862954,71.99624678172819,70.99161042680217
349.09933577555114,238.31791973077802,71.90681937671496,70.58964577948454
348.48732585939376,237.64372092853208,71.44378207154045,70.39313307227754
348.0626877476992,237.20747840240196,70.81951965776824,70.1987584024003
347.829045755539,237.0379360622673,70.1192057521884,70.24905693960508
345.4657790342074,234.73069573367724,69.90752203176575,70.29413061054868
342.14896191110563,233.67729183243858,70.20479677708433,70.2361470674297
338.2436296131633,232.2589745993422,70.28914301359399,69.85261532726255
