248.5,39.5,231,257
237.2803737586632,51.32278985226759,230.76673279883573,257.4813715131162
222.05729146237857,62.00718474073159,232.29074391850457,256.94791842136885
213.95952350309184,72.19489376444659,236.23703610081094,256.5659295578988
208.16502959910943,86.59995397382792,238.29603848091932,255.68200237644083
197.46152552545226,95.19076876872973,240.8676279270618,256.27830400001613
193.57436245096213,114.17312096047218,245.87729514812457,253.15640357160936
187.77069790128346,127.81083979264363,251.5074413823391,249.6173035690096
180.15430005384707,135.69973682771624,253.53188880298092,250.89373351314663
178.91138620100253,142.49808773108026,254.93430994109644,253.21087009295422
173.32130366690498,147.42148956299124,258.9860198472432,255.16215545653705
169.02457271883563,149.56711237872253,263.8038825021252,251.61390359710435
166.41862396912126,157.50835376954066,265.87573316660826,254.26671439456965
165.63434749067454,153.2518341227258,264.4164710199708,261.32083702407584
163.7978168205033,147.23852569710272,263.87453840660845,263.98617438771214
159.32796306554835,145.51337818954116,265.41835377326885,268.54205593161333
153.34230631824084,143.2976413239842,267.6917836619268,269.1343549152602
148.4754591842025,148.78976726736633,268.3599538287462,274.4488357860643
144.95058065838842,154.18068654307876,269.4354762993807,279.0291140482991
142.36648093590952,163.27817825929424,272.26523580293224,280.6355470129629
148.94699862154755,188.40043964455054,275.7166443556064,279.5298601494327
152.51569219838447,199.09030639614758,278.9030248639809,273.9037820798934
152.8613301175659,208.94888755495634,282.00082726124424,271.7551088369829
153.367711952667,223.7565998066683,283.31865836910293,263.4709144971332
164.9706377353548,236.556665332163,281.1980042524578,254.92113172800416
179.23133812945684,244.20434606778244,275.8997804204305,245.27072875285904
191.3796089882523,253.78322444337192,274.01538050276633,236.8003413482987
217.62318227559837,264.79223662046405,271.2469076341289,228.92515737955145
224.95100311754726,270.9096468080819,270.41719082358316,221.12666160072075
251.4065743266222,283.0943665814737,268.9369833114391,216.18279731028485
274.0294635644012,292.8050680650607,268.28487472723845,212.36970885727104
289.51341819529756,297.83455776721803,269.21638143529447,208.9914173573143
289.42422370256133,309.7470958887108,273.52448443291297,199.5711195948585
293.6172787230071,319.3476301168629,278.95110136650874,190.83403753534392
296.543998970414,319.8945289481986,282.90101322765184,178.08615280602203
301.62398653619357,302.6692997238912,276.121085655831,179.99048774999824
305.58540850812983,277.0128921194102,266.2739866984926,193.7778017077395
303.6005647623299,248.85740834255685,258.5140961719039,208.75550204953214
310.1692795487103,212.37537599400554,253.68174701296147,214.40667001811914
310.45986239730905,182.91379998462156,254.02202227474066,218.72064921584217
310.06916275677673,163.01113486282668,251.15430360918063,222.84717696919753
308.7217808377677,134.87102237722797,246.7643210864198,231.21289312081493
305.4913065192586,111.12465259345518,242.27631800224657,235.3861289041808
299.02913163223394,94.47738285312303,241.31293622417195,235.71856740217908
296.3736596964025,86.6375275590373,242.67083997284897,234.93073152733785
287.9756571308578,84.19929760961558,242.54777199907994,237.19282465639063
278.6122889150655,76.80937718015427,238.24131865710498,243.1312558320857
278.24351779868675,75.92278738642153,238.61580142874567,244.42443957280284
282.3971949085102,68.20820967130749,244.3481286437302,244.34150432004753
282.46767062001663,58.12602361998944,245.7868943799885,243.51352679804984
287.14282339699247,43.110196710169134,245.10571629033132,240.61006480348146
290.48673693526507,28.743205849867707,244.35481462501042,239.9023827820189
293.1210299394348,19.63078089424161,246.69686246676875,238.0506259427828
297.22990294971794,13.405117090566506,253.1599512164051,236.39617485598018
294.17161138060624,5.109181849480294,252.809835708083,235.6857057843196
299.25376457771597,-1.0719822241743486,250.30341629582767,234.29464361943405
300.5503999489656,-4.928766869086331,248.41086300251663,232.08174882844747
302.75835539725614,-6.577106172083234,250.58006658500054,227.3924311881034
304.1158960739174,-6.813040498903007,251.09851670674516,223.96441800199074
306.18744175667234,-5.409544597023213,248.50261517296892,219.97836752723353
310.62561062078055,-4.788981306994259,245.33830976286782,215.51663462011874
313.80482172253346,-4.828059344354614,245.3023620390373,211.95344042552182
317.02929235130966,-5.2698501571365455,245.86176304756754,208.8443140833275
318.66827132686365,-4.238125912653388,245.07822181017428,205.73860029837883
321.91672464097707,-2.585792091949685,240.54378011057443,203.33160316440245
326.6668938223317,-2.871894888602341,237.31754443570082,200.650855705187
331.68080901369586,-3.5648421172481477,237.3509971645448,197.92650350415343
334.1361869823296,-3.660614327851306,236.71444357407904,194.84215066087916
337.1862984607517,-5.728865190885543,233.87394785684359,193.49448624162292
343.1910726309246,-1.207317779558565,229.91596468678586,190.8721696935051
347.2120349824724,-2.0270420868480556,229.7041452884083,189.9436179914642
352.01814862896794,-0.6310105351224138,229.2299594916941,188.25519484830193
352.7285340563254,0.37165388816640643,229.24886730595506,187.03151487600712
360.469013792377,1.1579889996872623,227.02169105986502,186.24771510679994
365.90779109276497,3.017535401846459,225.04743292973112,187.3202272982091
366.00664924462694,0.5917282340951999,228.55422302325445,188.47394610682562
369.0245141501201,3.7316548452733684,228.95052055220341,187.9751020817044
371.7351394985914,1.773255997371919,229.09282604956627,189.71322484121274
376.09119642199596,1.5984328347469585,227.1573731219466,192.3717200243423
377.62159901044964,3.101889611743644,228.5077107711196,196.16774826951274
377.33598886373716,1.6172504000514607,231.69814106935112,198.24724736359718
379.97262160728167,4.677145647044284,232.83584770063982,201.99580022288302
380.433357805215,6.0513906021820105,229.75091934163834,207.68651834330825
380.71408751474513,4.7259069794188235,227.48851323392603,213.42735508804117
379.314950081668,6.197634993043124,228.80242931254372,218.30535978466952
374.5091694907453,10.460923088422277,230.44488763489198,220.68947676255135
374.77467236998797,16.161267239272775,229.66455944710728,221.7139851084944
375.0103756467457,21.63386333508312,226.8233668694983,226.83110408935906
370.33573785104875,31.823735588624572,225.15560030085788,226.01302034887772
372.9095269064169,41.94346327247163,225.0642155418672,222.13604705210645
373.14650951008105,58.07452438875572,223.31351991633372,223.12040003926484
376.601907203202,69.96149650790352,218.25626948057698,223.12186931415283
379.71648142422833,78.60429636474724,213.99401089677022,222.86247657068023
376.7155704002946,90.21490943256629,215.488151098019,218.8667810594318
381.5929054670005,103.0757108673077,218.00448564142604,214.95512043543235
381.956737729391,119.28944174253041,215.44320378704757,217.96331618620763
387.59178339129494,131.7856634039402,213.12335355210683,223.44680593833925
390.20075920782466,145.59408037598382,214.4504258371993,229.21235343346098
390.9758149556691,161.75023411700994,215.42187143417712,232.3104616008228
394.0794728971863,174.87565798601548,214.10095672759536,234.60283438283128
396.8215733859325,183.75867515093216,211.99982717267983,231.50077195393783
397.62079306730664,192.7781066581697,213.34677374285394,228.449690464121
399.86458045905215,208.30385509602672,214.59613648225104,225.4755976106237
399.2212850589655,229.6251723340918,216.38716306008848,220.47385516330218
405.7572180599574,247.81282889823248,213.69501583862234,218.221333325304
407.9177465208142,268.7942085733114,213.1598590328755,215.1969933171872
407.2505848202983,284.8200184390198,215.84137865525895,205.13714909846573
408.65362824364394,303.1567346075842,219.78685488077227,192.96666933702048
406.7625212664678,299.76311008913075,221.28240864072757,186.81202002798014
400.9602157818534,313.81744404252834,220.1113581414505,179.9930249727474
408.4386389453359,308.1604903543537,218.25437582052786,176.8312767933716
409.09783430384596,296.3597661251747,217.16928011204806,180.90390521388775
409.35755919754905,284.0011957047078,215.46789143799933,184.54477499769274
412.0777818648805,266.99378843103517,214.52867109799593,187.11114136388562
411.3036744449381,254.4020562504634,212.52693152351304,189.57955788872545
412.690865835889,239.14216129180284,211.28379719189047,192.6879956484538
415.26047593355446,223.76483326074563,212.86166140436592,198.76207157140806
412.9799137478998,207.6463472248133,212.82412864448025,204.17759245613894
413.6299388175707,196.4248289268583,212.37036837826153,207.49678299797174
414.26832564047737,176.64189086388086,212.3325993444172,206.34577451088958
414.90018691774526,170.81904936064788,214.3744736183421,208.27134280940874
415.88207528975363,154.5946656426816,215.46483291215185,212.0240767675581
417.9247367387725,145.15858933363464,214.8147257257079,212.12770712307878
421.32060311815667,135.39187907728757,213.3100327237144,211.046339580353
423.69256207668764,124.3591862907995,210.91351952505153,211.28110343396878
422.5032271674627,115.15262727119084,209.31838367753159,211.36660001322517
425.4669094118566,104.27757701338166,207.54641231237048,211.16786897061598
426.71046253553993,99.04241634336333,206.60163168088656,208.51550201719562
427.24996406193355,93.11905403239956,204.40206893571653,207.68345943483848
435.54552406929156,86.35180040535948,200.70463998392773,209.50418151740985
436.89054154971654,84.00206184936033,200.08205125491992,211.6389141569045
439.81402659499844,78.71690699845709,199.4651016874274,212.99619304358646
443.9162870524381,73.87673854545554,198.62783169189007,212.04409987299044
445.9113462269114,72.01151777242438,199.081692129412,210.5494924001929
448.7490064093978,69.8609942789976,201.80714099814287,208.9486505396954
450.41263191665826,72.76093549377208,201.21022378870606,205.64970581041803
455.66687578641523,76.74355044141203,199.1365638537576,202.9836568996352
464.92404639600414,87.0731800435743,197.13789913299286,202.08826602721985
462.50134126833177,93.78853577560845,197.45105707663112,202.05970662461394
465.6553975883207,98.58156817881341,199.22304258881388,200.21970886532316
468.83279443813746,102.53530891337442,198.38907379839054,198.15315452022458
469.32712395850336,105.31337263944425,196.95269282930064,198.57245183462544
472.9384122025111,112.10035034095114,196.57014939563703,200.21873797824253
470.87125635435586,113.090503169947,197.1683688106059,201.33088723052913
472.86831108133737,120.35083534488959,197.5387384215843,200.68041159371768
473.5466169322006,128.95531354317737,196.86209537496723,201.72615871887064
472.68125142523104,132.88764552359797,194.2321887241114,204.1211011194186
473.85504177652956,138.54415448654223,194.70073508335824,205.61409248613262
470.11599766487046,141.75006942921016,194.28589995157392,205.69084854974085
470.2652621777524,147.19219682527321,191.93502755727977,205.77193151091063
465.6274326467842,147.85613727247852,190.40083878749013,205.8073114817115
457.93245085717655,148.66888130944247,191.34565485236214,205.88892570652018
452.5697170150164,145.53615542207575,191.36310614111358,204.4641909807043
443.55843525856164,141.65505363260576,189.5734462195748,202.05874147584302
429.59436557357185,139.62843617785433,188.54768429866095,197.67524600051922
413.87753674215145,133.37852007977972,187.20238077986107,194.1133583022593
397.96559714119303,123.66755295785418,185.3261829248932,194.13090793307322
382.3629084913449,110.9313412748167,183.57370881467722,194.1864859774929
350.2857941703097,98.74134726325133,186.3936212030855,191.95593742530627
326.06821539502255,87.09051778617354,192.70843268432398,190.30031526679096
304.1566454448494,74.84718428745461,194.82386613325426,188.7351653239212
285.0264096224191,63.582195311571596,192.11454255106406,190.47844207329464
277.8177685854357,55.22345698212635,190.91922715951574,192.64080303241707
260.15759344536445,47.31604863069104,194.96759524666498,192.12516776995565
245.31528503165188,42.3953107213062,198.0729827192318,192.50754572648168
236.67835882601833,38.80319133727208,198.20589923267175,194.61188136878698
230.95592535018986,36.306273222156975,193.94540195703377,196.6360720988341
224.43771366629244,37.87089539484842,192.58322951489205,196.20406905975614
213.190645148215,39.453396881168985,195.44451971877157,194.6049602140071
204.32422577382593,41.20539377057041,196.58836539503994,196.93750999523232
195.3140294032748,42.46751310826522,195.02729527603483,200.92441881892717
197.68356122702284,49.01831029105611,191.53107525646843,203.43115708731756
196.5619563324095,55.91437158526746,191.4001199875591,203.71122955199544
190.28062899348964,60.45544731872144,193.6506065440609,205.40763586249227
188.15060820911734,61.36621513735949,192.0335114054996,207.37718379951122
189.64259038153557,65.80839492427317,187.712255819971,209.1532570412356
192.25445084576643,75.54402787107668,186.8553948043816,207.14096026383953
185.7630149205649,85.3622183750785,187.66773919659371,205.44054384018648
183.24852787725558,87.30055993090988,186.7007287289216,206.06187947013137
183.40013985456807,90.8069924231146,180.42135521527564,205.80184022272147
183.90489656200654,100.76898928612935,177.64698713082777,201.80242039500737
183.36080028926068,109.61634606575089,179.94803167750968,197.21526127149428
181.91932607021008,116.87490002659408,180.72913961954765,194.40051541035479
179.96206397260062,120.4479738525818,180.01512139151828,195.10344784413374
178.45432969880451,133.46933455803142,178.46569144820472,197.9602740101388
172.43276267936793,143.8492892660315,180.88009471315212,201.64886808840134
165.80393731722128,147.4466306183321,184.36053901654697,202.06189860630377
162.40966782671808,151.8992307866824,184.7649332145334,202.89974026179067
165.41015491470847,154.83234182401927,183.52870570450716,197.98078524262843
161.52722502240377,162.42526793683612,183.65839700919713,191.30291622469736
156.4448880983141,170.62805878062255,181.92194113478126,184.2982754322051
155.79133621619093,183.23466107561788,180.21932814983634,184.1171162065943
154.0797218342665,192.11610995785986,178.81291461784775,181.6249684878867
154.10435831167237,201.53025410758954,180.6789947228047,174.35820171857867
155.62740645266334,204.0801013962704,182.23319493816774,168.778380432471
165.81161828651133,203.8349799851337,180.52367057772273,168.17964722916304
178.22487086706954,199.83558810913166,171.57290546787584,171.83644575548968
186.04174762902522,199.8453676785878,167.4727165115304,171.20071382605005
198.08859215376714,207.01977374841465,165.54689512256905,166.4698721530101
201.93916643534345,207.31279604269946,166.9314017718187,161.92852937909197
207.7738109197112,200.03807550909102,167.8377315469797,159.30316575880886
212.92782552541127,201.84717758825457,164.82288375495213,157.0126730634563
213.61029424299247,198.92660623448796,161.4097724153708,156.3043787249385
220.37245325838933,196.74980474239032,157.69750997234567,155.7574308668486
221.32721411230935,193.01931496706038,157.40253992790434,155.21714107699336
222.65374126594003,195.270665613723,155.51434648909697,154.236849222755
228.06406483754964,193.20115087630003,153.12243507890997,151.0260008632809
220.5040670669299,196.06798842165142,148.54716389651665,147.8271675484723
228.7294563688477,196.9972975919859,143.67915754762484,147.51422841941985
223.0438135767048,194.95308022674948,142.39968343495025,147.9194868708247
227.3201136953008,196.80134149050915,139.43825684659245,146.12910371708466
227.57204776077694,200.10819187073105,135.27465017499077,144.48846594873677
224.65258235310685,202.0460447907787,132.8022578244374,142.65734891288648
225.23411928446052,203.9506955284302,133.60221513448246,143.51681727400927
219.4906796369607,209.58741081350706,135.89748409317835,143.48068948400692
221.98394655705795,212.1418470067092,132.8627949452141,142.5669393395765
222.06338137371694,216.65019778710808,130.20256298813516,140.78158295547553
221.37166443839487,219.32439508137912,130.0827827379144,139.80628435616077
