875	156	212	310
846	151	224	299
808	141	262	296
767	118	190	308
727	116	198	298
685	104	190	293
645	95	191	301
609	89	198	305
593	74	203	311
556	66	227	350
540	52	234	391
518	50	246	357
514	55	225	338
511	52	203	338
511	57	188	315
511	60	191	306
508	59	182	309
507	65	182	317
503	75	186	304
503	94	177	290
504	94	166	295
498	98	164	288
497	97	156	304
496	99	158	297
491	98	159	322
487	101	161	315
485	101	163	320
483	103	169	312
482	101	179	305
479	103	184	295
479	103	166	297
475	83	187	300
474	109	172	272
473	75	159	298
467	90	158	308
462	79	158	303
460	87	156	309
456	65	168	353
451	75	180	379
459	88	157	385
456	64	195	419
453	59	190	423
458	67	180	421
461	86	179	410
449	59	194	430
458	65	189	438
453	77	188	395
459	71	187	395
463	68	188	382
463	74	193	336
451	46	213	428
461	57	196	369
466	65	206	394
455	48	214	410
475	66	206	405
459	44	215	424
470	66	213	408
449	44	240	429
496	79	199	396
496	52	206	417
516	61	191	385
511	54	200	376
549	64	181	378
529	54	196	416
555	61	181	389
575	60	166	406
593	62	147	311
595	63	149	287
595	63	153	357
602	60	146	394
614	58	137	340
608	60	149	329
609	60	153	316
613	59	153	302
617	55	150	304
617	54	151	322
623	54	151	303
622	52	150	309
622	52	151	302
624	50	153	306
626	51	155	285
628	53	153	320
637	52	151	301
638	50	146	310
637	52	149	311
638	53	152	292
642	54	155	330
643	51	160	325
637	50	171	311
600	48	188	301
559	52	209	277
495	45	246	285
506	88	368	306
714	230	358	215
492	70	360	530
729	173	345	293
494	165	335	363
453	53	381	476
688	150	379	276
501	130	304	307
506	140	320	269
515	148	304	233
549	148	261	215
572	137	218	215
565	134	230	231
575	130	216	216
576	122	219	228
569	116	230	250
572	116	237	234
568	102	227	265
565	118	226	237
578	119	220	238
579	115	212	250
581	119	206	243
576	117	206	255
563	111	196	254
559	107	198	247
556	105	192	275
549	105	187	258
557	105	177	285
549	110	180	251
553	111	182	278
551	118	182	245
558	122	172	254
540	124	178	247
540	124	174	249
535	122	173	252
533	126	172	250
523	128	174	253
518	134	174	255
509	131	179	287
501	134	182	251
496	120	182	349
491	112	193	319
488	62	193	378
481	56	198	387
497	138	188	297
501	138	188	254
502	134	191	304
504	126	203	256
530	132	192	277
528	139	210	250
538	161	213	236
529	174	233	217
539	188	230	192
523	195	237	184
517	204	250	178
516	209	245	178
455	215	293	156
426	208	338	167
429	222	336	170
463	239	299	151
492	266	265	137
503	268	250	136
509	254	239	154
501	249	242	171
478	183	270	242
424	137	322	296
437	159	327	311
411	72	413	486
435	93	419	501
446	121	595	325
451	71	352	427
455	46	315	371
471	52	314	356
489	59	311	355
507	60	269	355
587	69	223	341
641	63	158	296
662	61	162	306
677	52	156	295
686	46	158	293
694	41	160	288
695	41	166	293
702	41	163	300
699	44	168	296
700	44	167	304
700	45	166	301
693	46	172	308
701	46	162	312
696	48	167	312
699	49	163	314
697	50	164	313
698	51	166	307
698	52	168	319
701	53	163	298
701	54	165	289
692	54	174	273
698	54	167	269
692	53	170	280
695	54	166	283
695	52	167	284
699	57	164	267
695	59	168	285
698	57	166	275
695	59	169	268
701	60	164	264
699	60	167	276
700	58	165	268
700	56	160	331
706	55	155	340
707	51	158	339
712	44	160	345
714	38	158	353
715	33	155	351
712	30	152	355
708	28	157	355
706	28	153	349
705	28	152	342
704	28	155	337
704	30	153	337
704	31	152	337
705	29	151	336
704	31	150	338
705	31	153	337
706	30	149	344
707	34	152	338
708	36	148	336
710	38	152	327
712	37	149	332
711	41	160	324
716	41	160	335
722	44	157	335
728	44	156	332
731	45	157	328
734	42	157	332
731	43	159	336
728	41	160	339
725	40	159	343
722	41	158	347
719	42	160	341
718	43	157	346
715	44	156	344
714	49	158	341
714	52	159	338
714	52	158	342
713	51	159	342
714	52	159	343
713	50	160	341
714	53	158	341
713	51	156	341
712	51	154	338
708	54	153	333
704	57	154	328
700	59	152	325
696	60	152	321
692	62	153	316
689	63	154	312
686	65	154	313
683	67	155	310
683	68	153	312
683	69	152	313
682	69	151	312
681	69	150	314
675	69	154	314
673	69	155	312
674	70	152	311
672	70	154	308
673	70	153	307
671	70	152	307
672	70	150	306
671	70	151	307
671	71	152	306
671	70	151	306
671	71	152	309
670	70	153	309
671	71	153	309
669	71	152	309
669	71	154	309
668	72	153	310
669	72	154	310
670	73	151	310
670	73	155	310
671	74	152	307
669	75	157	311
666	75	158	309
661	75	164	311
663	75	158	313
661	78	161	311
657	78	161	314
654	80	160	323
656	80	156	321
651	81	158	320
652	82	158	324
649	82	159	326
648	82	159	325
649	82	158	324
649	83	159	322
649	83	159	323
652	83	158	324
651	85	158	318
653	85	156	320
654	86	155	319
654	88	155	315
654	89	156	315
655	89	155	318
654	89	156	318
655	90	154	317
652	91	156	318
652	90	156	318
652	91	156	319
652	91	154	316
651	91	156	321
654	91	152	317
652	91	154	319
652	91	155	319
654	91	153	316
651	90	155	318
650	91	156	319
652	90	153	314
650	90	154	319
651	91	153	313
650	88	155	317
648	88	155	320
650	89	152	316
648	89	155	318
649	88	153	315
649	87	152	318
649	85	152	319
648	86	153	315
649	86	152	315
648	85	152	319
647	85	152	320
646	84	151	316
643	84	151	314
641	85	151	313
638	86	150	315
635	85	153	320
631	83	153	317
627	82	155	318
623	79	157	323
615	78	162	322
608	77	170	323
607	79	171	325
609	79	168	316
603	79	173	322
618	81	160	315
612	82	166	314
616	83	164	315
618	83	163	317
624	83	160	315
626	84	160	321
632	86	155	322
632	89	155	318
632	89	154	321
631	92	155	318
631	92	155	320
631	93	156	316
631	93	156	320
632	94	155	322
632	95	155	321
634	98	155	316
635	97	155	317
637	96	153	323
639	98	152	321
640	97	151	317
640	97	149	322
638	98	153	318
638	98	152	321
638	97	153	317
639	97	150	321
637	97	151	315
638	96	152	324
637	96	153	316
637	97	153	318
636	96	152	319
635	95	154	320
637	97	153	319
637	96	152	317
637	96	152	320
637	88	153	326
639	90	151	323
640	82	149	331
641	80	150	329
639	77	154	328
639	77	158	318
644	75	161	320
645	75	161	318
646	74	160	321
652	75	151	321
652	79	153	315
651	82	153	316
649	83	154	319
650	83	154	323
649	82	155	321
651	82	153	320
652	81	155	320
651	80	157	318
657	78	152	317
658	77	159	316
658	75	161	310
663	70	162	315
666	64	160	320
677	61	154	323
681	56	152	327
687	54	151	327
693	53	147	332
697	53	145	333
701	54	144	333
706	54	148	331
713	55	146	333
718	57	146	320
723	59	147	316
723	62	149	316
728	64	146	317
727	65	148	320
726	67	149	319
725	67	150	319
725	69	149	320
723	67	150	321
720	67	152	321
717	67	152	321
716	68	151	321
715	67	150	321
716	66	149	320
717	65	150	320
717	65	149	321
718	65	150	319
718	66	151	321
718	65	151	321
717	65	151	322
716	67	151	320
715	66	151	324
713	68	152	322
712	67	153	323
711	68	153	323
710	69	152	322
708	66	153	324
707	68	153	324
705	68	153	323
704	70	154	323
702	71	153	322
701	70	153	321
698	72	153	321
698	73	153	319
696	72	151	320
694	72	151	320
690	73	154	323
690	75	151	321
688	74	151	323
688	75	150	323
687	74	150	323
686	73	152	324
685	74	151	324
683	74	154	325
684	75	154	323
683	74	154	325
684	73	152	324
682	74	154	325
683	74	153	321
683	73	154	322
682	74	152	324
682	73	153	321
