525	217	110	145
524	214	110	144
525	215	110	143
524	213	110	145
525	214	110	143
525	214	110	144
524	214	111	142
525	214	110	142
525	214	110	143
525	214	110	143
524	214	110	142
525	214	110	142
524	215	110	141
525	214	109	141
525	214	109	141
525	215	109	140
525	214	110	140
525	214	109	141
525	215	110	140
524	214	110	140
525	215	110	141
525	214	110	141
525	214	110	140
525	214	110	141
525	214	110	141
525	214	109	141
525	214	109	141
525	214	110	142
525	213	110	143
524	213	110	143
524	215	111	142
524	214	111	143
524	214	110	143
524	214	111	142
524	213	111	141
525	214	112	140
524	214	112	140
524	214	112	139
525	214	111	140
524	214	110	140
524	215	110	140
525	214	110	141
525	214	111	141
525	214	110	142
525	214	110	142
525	214	110	142
524	214	110	142
525	214	110	142
524	213	110	142
525	215	110	141
525	214	110	141
524	214	109	141
525	214	109	141
525	214	110	140
525	214	110	141
525	214	109	140
525	215	109	140
525	215	109	139
525	214	109	140
525	214	109	140
525	214	109	140
525	214	109	140
525	214	109	140
525	214	109	140
525	214	109	140
525	215	109	140
525	214	109	141
524	214	109	142
526	215	109	142
525	214	111	142
523	214	112	141
524	214	112	141
525	214	112	140
524	214	112	139
523	213	113	137
522	214	114	134
525	213	114	132
522	209	116	136
518	214	120	132
526	217	115	129
543	214	102	127
565	215	76	126
547	205	83	134
490	191	111	142
433	156	138	138
327	159	155	162
259	140	162	153
218	139	156	153
180	142	172	153
185	148	151	159
187	152	141	167
181	157	142	166
179	162	142	169
181	169	138	165
176	176	144	160
193	186	132	153
198	189	127	146
205	199	123	139
209	193	116	143
211	196	115	140
210	196	115	140
215	200	111	136
209	200	115	137
205	204	121	137
214	209	112	130
213	208	112	134
216	209	108	134
214	209	108	134
215	209	107	134
216	209	106	135
216	209	105	136
216	209	105	135
216	209	105	135
216	209	104	135
217	209	104	135
217	210	103	134
217	209	103	135
216	209	104	135
216	209	105	135
216	209	104	135
216	209	105	134
216	209	105	134
216	209	105	135
216	210	105	133
217	210	104	133
216	209	104	133
216	210	106	132
216	210	105	132
217	210	104	132
217	210	105	132
216	210	105	132
216	210	105	131
216	210	105	132
217	210	104	132
216	210	105	133
216	210	105	131
216	210	106	132
216	210	105	132
216	210	105	132
216	211	105	133
216	210	105	132
216	210	106	133
217	210	105	132
217	210	104	133
217	211	104	132
216	210	105	132
216	210	104	132
217	211	104	132
216	210	104	132
217	210	104	131
217	211	104	132
217	210	105	131
216	211	105	132
216	211	104	132
216	210	105	131
216	210	104	131
216	210	105	131
215	210	105	132
216	211	104	131
216	210	105	132
216	211	105	131
216	210	105	131
216	210	105	132
217	211	104	131
216	210	105	132
215	211	106	132
217	211	104	131
217	211	104	131
217	211	104	131
216	210	105	131
218	209	103	132
216	210	106	131
217	209	104	133
216	210	105	133
216	209	104	132
216	209	104	133
217	209	105	133
215	209	105	132
216	210	104	133
217	209	104	132
216	210	105	130
214	210	107	129
217	210	104	131
216	209	105	132
216	209	104	134
217	209	103	134
216	210	104	133
217	210	103	134
217	210	103	134
216	210	105	133
213	209	108	131
215	210	107	130
212	209	109	129
212	210	111	129
213	210	109	129
211	210	112	130
212	209	111	130
211	208	112	131
210	209	114	130
210	209	113	131
210	208	115	131
210	209	115	132
211	209	114	132
211	210	114	132
211	210	115	132
211	210	116	131
211	210	116	131
211	210	116	131
211	210	116	131
211	211	116	131
211	210	115	130
210	210	116	131
210	210	116	131
211	211	116	131
211	211	116	131
211	211	115	131
212	210	114	131
211	210	115	131
211	211	115	131
211	210	115	131
212	211	114	131
211	211	115	131
212	210	114	131
211	211	115	132
211	211	115	131
211	210	115	131
211	211	115	131
212	210	114	131
211	210	115	131
211	210	114	131
211	211	113	131
211	210	113	131
212	210	113	131
212	211	112	130
213	210	111	130
214	211	111	131
216	210	109	134
221	204	113	140
242	190	123	131
283	163	133	134
347	155	137	142
407	156	133	144
467	164	139	155
511	195	135	131
516	208	141	138
525	211	121	138
527	214	132	135
529	213	110	135
527	211	131	137
520	215	122	132
520	213	110	135
513	214	119	138
516	214	114	140
517	214	114	139
517	214	113	138
516	215	113	137
517	215	113	137
516	215	114	137
517	215	113	137
516	215	113	137
516	214	114	138
516	214	113	138
516	215	113	137
516	215	113	137
517	215	112	136
517	215	112	137
517	215	112	137
517	215	112	136
516	215	113	137
517	215	113	136
517	215	113	135
517	215	113	136
517	215	114	137
517	215	113	136
517	215	113	137
517	215	113	136
518	215	113	136
518	215	113	136
517	215	114	136
517	215	113	136
516	215	114	137
517	215	114	136
517	215	114	136
516	215	114	137
517	215	113	136
518	215	114	137
517	215	114	136
517	215	114	136
517	215	114	136
516	215	114	136
517	215	114	137
517	215	113	137
517	215	114	137
517	215	114	137
517	215	115	136
516	214	114	135
516	214	114	136
516	215	113	135
517	215	113	136
517	215	114	136
516	214	114	135
517	214	113	135
516	215	114	135
517	215	113	136
517	215	114	135
517	215	113	138
518	215	113	138
517	215	112	136
518	215	112	137
516	215	113	137
518	215	112	136
518	215	113	137
517	215	113	135
517	215	113	137
517	215	113	137
517	215	113	136
517	214	113	137
516	215	115	136
517	214	114	136
517	215	114	135
516	214	114	135
516	214	113	135
517	214	114	136
517	214	113	136
517	215	113	134
517	215	112	135
517	215	112	135
517	214	112	136
517	215	112	135
516	214	114	137
517	215	113	138
517	214	115	138
517	215	114	136
518	214	114	137
516	214	114	135
516	214	115	141
517	215	113	135
517	214	112	135
516	214	113	134
517	215	112	135
517	215	112	135
517	215	113	132
517	215	116	131
516	214	115	132
517	215	116	134
516	215	115	134
516	215	115	135
516	215	116	136
516	216	114	136
515	215	116	137
515	214	115	135
515	213	115	134
514	212	116	135
518	219	112	126
528	218	105	123
511	210	118	130
475	185	129	156
426	151	138	171
371	125	148	152
313	121	146	156
255	120	154	154
230	126	149	156
214	136	142	161
211	144	131	166
204	151	134	170
201	156	135	168
203	160	129	168
208	167	122	167
210	172	124	168
214	179	120	162
219	187	111	155
226	198	107	146
227	201	102	144
230	204	100	140
229	206	99	138
221	209	108	139
218	209	113	137
216	209	114	138
216	209	113	136
220	210	108	133
222	209	106	134
220	209	106	135
221	210	106	136
220	210	107	134
217	210	110	131
218	209	109	134
219	209	108	135
219	209	108	135
218	209	109	135
219	209	108	136
220	209	107	135
220	210	108	133
220	210	107	133
222	210	105	133
223	211	104	130
222	211	104	130
222	211	106	128
221	212	108	128
221	212	108	127
222	211	107	129
222	211	107	129
222	210	106	133
222	210	106	135
222	210	106	135
222	210	106	134
221	210	106	135
221	211	106	135
221	211	107	134
220	210	109	134
221	209	107	136
221	210	105	134
221	209	105	134
222	209	105	134
223	210	104	133
222	210	105	134
222	210	105	135
222	210	105	135
222	209	105	134
221	209	105	135
222	209	105	136
222	209	104	135
221	210	106	135
222	209	105	136
221	209	106	136
222	209	105	137
220	209	106	136
220	209	106	137
221	209	105	136
221	209	105	136
220	210	107	135
219	209	107	135
218	209	108	135
218	209	108	135
220	209	107	136
218	209	108	135
218	209	107	135
218	209	108	135
218	209	108	135
220	209	107	135
219	209	108	135
219	209	107	135
220	209	107	134
219	210	108	134
220	209	107	135
220	209	106	135
220	209	106	135
219	209	107	135
220	209	106	135
219	209	107	135
219	210	107	135
220	209	107	135
219	209	108	134
219	209	107	135
219	209	107	134
219	209	108	135
219	209	107	135
220	210	106	135
220	209	106	135
220	209	106	135
220	209	106	135
220	209	105	135
220	209	106	135
221	209	106	135
220	210	106	134
221	209	106	134
220	210	106	134
220	209	106	134
220	209	106	134
220	209	106	135
220	209	106	134
220	210	106	135
220	209	106	134
220	209	106	134
221	210	106	134
220	209	107	134
220	209	107	134
220	210	106	134
220	210	106	134
220	209	107	134
220	210	106	134
220	210	107	134
221	210	106	134
221	210	106	134
222	210	105	134
222	210	105	134
222	210	105	134
222	210	105	134
221	210	105	134
221	210	105	134
221	210	105	134
220	210	106	134
220	210	106	134
220	210	106	134
220	210	107	134
220	210	106	134
220	209	106	134
220	210	106	134
220	210	106	134
221	210	106	134
221	209	106	135
