571	320	130	87
570	314	133	81
568	307	134	78
563	298	136	75
559	290	137	75
559	285	135	68
554	279	137	67
549	272	141	67
544	268	147	66
542	262	147	69
538	256	148	67
536	249	149	70
526	243	157	75
515	237	164	81
508	239	170	83
517	233	161	91
519	237	160	92
531	235	154	91
534	239	154	98
538	238	158	97
541	238	162	96
548	238	154	95
550	237	160	96
554	234	155	85
547	234	171	87
549	231	164	74
546	231	175	68
554	232	169	59
550	232	172	65
562	233	162	55
557	233	165	63
555	234	170	60
556	235	168	64
554	236	168	67
556	238	164	67
560	238	158	71
562	236	157	77
566	241	152	78
566	241	153	82
565	245	152	82
566	246	150	80
570	248	145	77
573	251	143	76
569	252	143	80
568	254	143	82
570	254	140	85
573	252	132	88
567	251	133	88
571	251	129	88
569	250	130	88
572	250	125	88
571	249	124	86
571	247	121	84
571	241	116	84
578	233	105	92
574	232	102	101
574	233	102	94
577	236	106	103
581	233	111	106
580	249	102	83
585	247	109	84
590	270	110	81
597	277	105	68
606	281	99	61
607	283	80	53
604	280	97	66
602	281	98	65
602	280	100	67
603	280	106	69
605	280	104	71
605	279	108	77
605	285	104	73
601	283	108	82
599	281	113	87
600	284	110	86
599	278	109	89
598	265	109	100
599	278	109	84
596	263	109	98
600	276	106	82
595	260	113	99
600	273	108	87
596	272	111	88
598	274	109	86
597	267	110	94
601	276	107	83
595	267	110	94
599	278	107	83
591	263	113	98
592	277	114	85
588	272	115	90
587	271	117	91
584	263	115	97
583	275	111	83
583	266	110	89
581	262	110	85
584	263	101	82
585	265	92	77
584	265	104	81
593	267	104	81
597	275	110	84
600	269	114	91
605	284	104	83
606	281	108	88
606	279	111	90
604	281	111	86
603	281	109	85
603	281	108	84
602	280	107	83
602	280	107	87
605	284	105	83
604	281	106	88
607	282	104	88
607	281	104	87
607	282	108	86
607	287	103	81
609	280	103	91
608	288	104	86
608	287	104	87
608	285	104	90
605	285	109	89
603	290	109	85
602	287	107	88
600	283	113	94
598	293	97	80
598	268	101	110
591	283	108	97
592	287	102	94
590	281	103	104
587	285	105	95
583	281	104	100
581	286	105	90
576	272	114	104
573	281	116	89
571	271	112	97
569	274	111	89
569	272	101	86
570	263	110	94
572	272	101	79
574	267	102	85
575	265	100	92
577	260	113	105
577	271	111	99
583	267	107	114
581	285	97	101
582	270	110	120
568	303	87	80
560	274	99	100
553	252	127	104
574	236	94	108
545	250	117	95
556	236	121	108
587	244	89	116
587	251	104	120
595	271	122	111
610	271	130	116
629	271	133	121
640	263	144	109
671	250	142	110
695	227	141	108
690	188	167	111
696	170	141	97
702	151	125	92
708	128	130	102
738	102	115	113
726	107	107	108
698	120	123	114
688	146	121	105
681	160	127	102
680	172	128	101
673	179	138	101
670	184	139	97
674	182	134	95
661	174	150	98
664	164	168	104
666	155	174	108
670	148	178	110
675	142	185	110
676	141	183	107
676	139	187	107
690	142	171	103
687	137	170	106
686	128	165	112
693	143	152	94
675	138	159	96
666	133	157	101
663	135	148	98
662	135	136	99
660	141	124	92
654	137	128	98
648	159	117	84
641	155	127	94
638	161	135	92
627	165	143	89
612	169	150	90
612	174	143	91
604	177	142	79
593	179	144	75
588	180	141	71
590	181	127	69
579	186	126	63
573	188	129	58
563	190	131	59
555	191	133	58
546	192	136	57
536	192	138	58
536	195	131	58
533	198	126	59
524	203	126	58
520	203	121	61
520	191	115	60
513	184	102	68
509	176	97	71
492	144	108	99
390	155	176	89
342	152	147	104
330	141	165	116
320	145	162	113
308	145	186	123
276	107	159	166
271	99	193	200
385	216	143	142
421	255	105	105
409	238	123	121
394	242	146	111
451	266	105	82
290	213	259	126
469	254	110	80
486	255	100	76
512	244	87	84
525	245	79	77
538	251	74	67
537	248	73	67
537	242	85	70
464	219	155	83
293	227	140	95
306	218	118	81
307	198	127	72
296	178	127	81
279	173	164	101
267	186	167	137
172	127	112	127
188	130	154	247
590	82	51	171
656	110	113	122
696	131	140	117
768	170	111	89
810	175	79	78
822	176	83	78
840	173	80	85
828	187	85	81
808	198	110	84
814	207	95	86
796	219	104	81
807	229	91	93
756	243	131	78
746	244	121	98
704	251	132	102
690	204	118	130
649	225	125	117
579	277	138	81
551	265	144	106
536	264	100	86
527	227	90	114
524	243	110	99
515	239	107	100
536	236	96	100
483	224	124	108
468	212	139	112
504	216	119	117
543	228	95	93
541	233	98	80
547	235	102	71
557	233	110	66
557	229	126	70
578	227	121	68
584	222	120	68
592	220	118	67
596	217	118	70
601	217	117	70
607	217	114	64
611	215	113	65
612	217	115	58
614	213	116	63
613	214	118	60
616	214	116	58
618	215	115	57
618	215	116	60
619	216	116	56
620	217	114	55
621	215	112	51
620	213	111	50
619	211	111	48
618	213	112	45
617	214	111	45
615	213	111	44
613	213	112	44
610	212	114	46
612	213	115	43
609	212	116	45
609	212	118	48
611	210	117	47
610	211	116	49
612	209	116	47
610	211	114	49
610	211	116	46
610	211	116	47
611	211	116	46
611	211	115	46
613	209	111	47
609	210	116	49
610	211	116	48
614	210	117	55
614	210	119	60
613	212	125	68
616	217	131	88
618	225	132	108
620	237	145	122
635	249	144	122
662	242	132	135
683	248	129	127
703	249	133	137
717	245	136	128
727	242	137	135
737	239	140	138
729	240	145	126
726	238	141	122
719	240	138	114
709	240	145	110
695	238	130	107
679	237	133	101
653	240	137	97
631	242	131	93
608	234	130	93
586	235	131	89
562	244	124	74
553	237	116	79
555	233	100	81
544	216	100	96
539	216	108	101
531	218	113	109
545	233	101	104
539	234	97	99
553	237	90	95
543	222	102	106
529	219	105	102
547	223	96	98
531	218	102	96
546	218	98	95
547	214	101	95
539	190	119	110
551	180	99	120
539	215	99	103
548	196	103	105
536	210	104	103
543	190	92	102
513	213	118	97
504	207	129	113
524	204	104	96
531	200	93	103
516	198	107	109
486	193	127	118
527	191	103	125
531	193	93	116
443	195	161	121
469	188	133	129
465	190	140	126
489	189	122	129
522	215	101	104
532	208	80	110
535	213	74	108
534	221	79	98
538	223	79	98
546	228	82	107
546	226	98	113
548	217	102	126
552	222	108	122
554	225	117	120
561	231	117	137
574	229	108	143
575	234	114	139
576	238	117	138
579	236	120	135
583	232	122	139
589	227	123	145
591	216	123	149
590	211	117	143
598	210	99	132
581	205	119	134
586	209	109	111
578	197	110	113
596	192	92	116
593	191	104	115
596	192	109	119
597	190	116	125
602	190	117	133
608	193	119	137
609	195	130	144
618	202	126	146
632	207	120	140
634	212	121	139
636	216	118	135
639	219	116	134
640	222	116	130
639	222	115	127
635	221	116	126
625	218	125	123
626	209	122	132
624	204	127	133
616	204	137	130
626	208	126	124
619	216	126	117
624	227	122	106
615	224	132	112
613	226	125	107
606	225	125	103
599	218	119	99
591	213	112	97
580	209	106	97
570	193	110	108
569	182	116	100
576	190	117	114
587	187	131	117
625	193	139	109
650	204	138	120
693	223	128	117
716	235	135	120
729	235	139	124
735	234	137	123
736	232	141	122
731	227	150	125
725	231	139	120
719	231	142	116
709	231	144	111
701	238	129	102
688	241	144	96
