735	247	191	190
733	245	192	186
732	252	193	184
734	255	192	183
736	254	188	185
731	258	195	185
728	258	196	187
734	264	193	186
721	266	205	187
714	262	210	188
713	264	206	188
714	264	205	188
707	265	215	187
702	263	215	191
695	268	214	190
686	277	205	189
682	277	207	188
678	279	212	187
674	279	211	188
672	278	213	187
665	272	215	188
665	272	218	188
663	267	206	189
664	262	205	187
668	256	207	189
678	252	205	190
677	252	206	189
680	250	204	187
686	250	205	187
689	249	209	189
691	250	197	189
692	249	206	187
694	251	190	186
693	254	187	184
693	254	183	182
693	250	198	184
694	249	202	184
691	245	197	187
692	238	198	188
690	236	202	188
688	234	198	186
687	235	200	186
685	228	208	189
682	218	213	192
683	216	184	189
680	217	204	187
680	218	187	188
676	217	208	189
678	215	225	191
680	217	218	193
678	223	229	200
678	224	230	201
680	226	214	203
682	230	244	205
686	229	232	209
679	235	240	205
680	236	238	205
668	238	255	205
673	239	252	209
675	240	242	215
685	259	244	209
680	259	254	212
694	263	256	216
693	261	260	219
678	260	286	219
681	257	282	224
683	257	280	221
682	259	283	218
682	255	251	231
686	255	261	230
690	259	232	223
685	258	254	215
678	263	239	220
669	268	246	181
660	274	256	182
659	274	268	193
662	275	260	216
660	273	270	217
660	274	278	231
666	278	272	239
668	276	277	244
669	279	274	242
672	276	282	242
665	278	298	241
661	278	305	239
667	282	301	236
664	281	302	238
656	286	301	220
656	291	300	196
647	293	309	205
650	290	307	204
653	290	307	210
652	289	309	208
656	285	304	214
653	283	308	217
654	284	307	220
653	282	306	222
651	280	310	218
647	282	312	209
643	273	318	218
643	275	321	220
644	273	317	217
643	273	313	217
642	271	310	218
639	273	320	219
641	274	314	220
640	273	314	220
635	272	320	216
632	270	311	215
624	264	308	215
622	266	320	212
619	267	320	184
607	270	325	175
606	277	314	191
592	281	328	182
589	279	323	179
589	281	315	176
579	283	330	184
570	282	335	188
560	281	365	210
561	281	360	192
551	280	382	210
558	280	363	199
549	278	398	225
547	278	392	187
541	278	401	206
532	280	409	205
530	282	419	222
521	288	432	206
505	298	434	207
506	297	440	197
492	305	437	216
494	312	443	211
485	314	450	192
483	310	452	220
489	309	449	234
485	305	461	229
481	306	459	214
473	313	465	205
467	317	480	202
467	317	481	202
467	319	499	216
453	321	524	240
455	324	525	254
443	325	520	257
446	325	515	253
444	328	515	257
425	334	552	262
415	331	554	271
409	324	567	276
411	323	516	274
402	319	459	269
411	315	454	275
405	308	488	253
397	301	506	223
395	297	497	269
389	291	547	240
380	284	564	245
381	285	572	219
383	284	540	244
382	282	547	232
382	274	565	277
384	268	559	244
377	260	556	248
370	252	579	256
372	253	583	257
365	250	552	258
355	246	566	257
349	240	561	245
347	232	580	285
351	232	550	247
342	230	565	278
339	231	541	242
326	234	559	302
315	239	569	271
315	237	572	287
311	242	589	300
301	253	575	292
304	260	595	332
311	268	591	309
307	269	587	286
313	276	564	343
323	287	592	341
332	293	604	336
344	298	593	332
337	296	599	325
343	303	625	330
348	305	608	324
357	308	599	314
365	315	621	338
368	314	608	310
372	319	592	341
388	314	598	340
400	314	590	322
393	325	615	323
392	325	604	311
389	329	621	324
403	324	624	332
401	329	625	330
416	333	623	328
407	335	637	337
418	340	634	318
421	345	632	315
432	348	631	309
435	347	633	309
435	346	628	309
440	341	630	313
453	340	618	310
458	339	618	304
468	339	604	300
465	339	600	291
474	336	589	295
483	325	586	299
481	328	596	280
481	326	582	274
479	322	570	285
476	324	573	276
473	329	549	269
466	329	550	260
464	328	553	263
463	328	549	256
462	334	534	253
463	334	540	263
460	341	528	249
459	348	518	255
460	351	527	246
464	349	515	247
463	348	514	252
464	349	515	252
462	351	518	254
462	350	520	256
461	350	511	256
459	351	503	255
458	348	503	257
459	348	510	254
459	350	504	253
457	346	515	257
459	344	502	256
456	340	489	257
451	338	480	267
451	339	493	254
451	338	475	271
447	339	502	268
451	347	489	274
450	356	501	253
455	355	497	266
459	352	504	264
462	352	521	269
464	345	515	265
470	339	518	265
468	342	516	238
472	336	522	256
476	333	520	251
475	333	515	233
481	326	507	271
483	319	508	261
478	320	508	245
479	321	497	243
477	315	508	290
492	310	488	258
498	328	481	246
494	327	475	229
496	329	479	229
494	323	491	232
499	320	481	227
499	324	482	233
503	324	490	238
509	327	479	221
508	326	484	234
503	321	481	223
505	326	477	229
498	327	470	210
493	316	456	220
487	320	441	224
488	306	430	216
490	311	440	238
488	302	441	218
489	304	419	231
489	310	443	226
500	315	412	222
504	301	439	246
502	294	467	246
510	311	450	237
515	313	450	243
507	324	446	243
508	315	449	238
504	333	467	253
502	337	469	249
502	342	467	241
497	332	452	245
497	335	462	240
490	326	469	246
489	327	472	245
483	310	472	257
484	312	466	246
484	314	470	245
483	314	486	249
483	318	460	257
475	316	457	245
471	318	448	240
474	315	444	246
475	311	453	260
467	310	468	255
467	311	480	253
464	306	494	252
465	305	488	250
466	304	487	252
467	303	501	256
468	298	485	263
463	288	497	271
466	279	490	280
456	280	489	278
455	271	488	283
450	248	494	311
448	228	506	340
454	236	499	332
456	232	501	335
458	226	493	338
467	240	486	333
470	240	492	336
469	248	494	326
473	252	485	326
472	249	495	332
468	253	498	326
469	232	488	339
470	237	479	339
477	220	484	363
478	216	486	368
479	214	477	357
478	205	489	364
479	210	481	369
476	209	485	366
475	206	483	378
470	206	490	365
466	213	489	364
466	207	496	378
468	216	490	370
464	217	490	369
458	220	491	371
453	227	493	355
453	222	484	361
451	222	483	360
450	227	488	366
446	239	501	343
445	237	501	336
453	237	502	342
450	239	507	335
453	234	509	342
454	235	500	342
457	232	504	346
460	248	501	329
460	244	504	336
460	229	505	351
461	246	501	343
457	254	507	330
461	259	509	328
457	265	507	296
459	257	514	315
457	266	516	306
460	265	509	298
458	258	504	313
457	265	503	311
456	269	505	299
452	268	515	305
455	268	508	296
457	256	508	318
464	263	505	308
463	283	514	292
463	289	515	280
463	292	509	279
462	294	514	285
465	296	512	287
463	295	515	285
470	294	503	288
466	293	508	288
501	298	461	267
498	301	479	282
485	302	499	269
489	307	481	270
490	315	495	265
485	325	494	260
479	315	495	275
479	321	496	273
479	321	500	271
479	324	497	261
481	324	499	273
484	330	500	279
477	335	481	258
479	336	490	265
480	343	492	253
482	347	498	260
457	347	510	254
467	344	498	266
465	345	517	271
461	347	522	258
469	348	516	269
437	343	494	271
435	334	492	275
429	333	516	282
434	335	514	278
429	338	537	284
427	336	546	273
432	335	553	270
430	335	559	274
430	333	554	277
433	334	557	281
432	339	554	280
427	341	557	276
426	342	556	273
426	341	558	275
420	342	558	274
413	341	559	268
411	333	562	269
406	326	556	270
407	324	560	273
403	322	569	272
403	314	566	274
403	312	575	273
405	312	572	272
404	313	573	270
405	313	570	268
407	310	569	267
410	304	566	269
414	297	564	273
412	295	572	276
417	289	555	290
417	284	547	293
420	265	544	315
417	260	539	311
416	257	541	317
409	242	542	320
406	257	539	306
405	247	545	314
401	235	549	314
402	242	536	309
399	234	549	304
400	217	553	317
399	209	538	316
398	210	536	314
398	209	535	316
402	202	528	310
399	195	548	307
399	179	532	310
410	185	527	305
409	181	526	305
414	174	537	311
421	173	546	308
426	169	548	311
430	169	550	310
430	172	549	308
435	174	543	304
441	171	547	303
452	167	540	299
457	167	531	301
457	167	532	305
463	166	526	299
468	163	518	301
465	151	512	298
467	150	517	295
467	148	510	300
463	146	510	293
462	146	517	297
461	140	515	291
465	140	514	292
464	140	515	293
464	140	517	292
465	145	520	290
470	145	515	279
475	147	523	285
476	150	516	283
474	149	516	283
475	150	515	279
478	146	522	282
481	147	511	283
480	145	515	284
483	146	529	281
486	144	520	290
484	133	529	296
487	126	527	305
485	127	503	296
483	117	530	310
484	119	487	303
480	109	498	313
484	130	512	294
483	139	523	292
484	150	498	263
491	160	522	265
497	162	534	260
501	165	505	258
500	168	503	259
500	174	512	253
500	170	502	251
501	170	518	258
498	172	514	253
498	173	516	254
497	167	514	249
501	163	492	261
496	166	497	256
496	161	496	261
494	158	487	260
