156	72	159	158
163	70	158	157
172	68	159	156
181	68	159	155
192	66	157	156
204	65	157	156
217	63	157	156
232	64	153	155
250	67	150	149
264	60	157	151
280	55	154	156
298	55	152	157
314	55	152	156
331	53	152	157
349	52	154	156
366	51	152	158
381	48	151	159
396	52	152	154
411	49	154	155
424	49	157	155
436	51	160	154
461	56	151	149
475	54	152	150
492	57	149	148
507	59	150	147
520	60	151	147
535	59	148	149
549	63	147	145
563	65	147	143
576	68	145	146
586	73	146	140
595	77	146	140
608	81	144	140
619	87	133	136
628	83	139	145
638	102	144	127
645	97	146	136
651	98	144	137
658	102	146	139
664	100	144	142
669	99	145	143
675	99	147	143
681	102	147	140
685	101	146	142
688	103	145	140
688	104	146	139
689	105	144	137
688	103	142	138
686	103	143	138
684	103	144	138
683	104	142	138
681	102	142	138
680	104	140	134
677	101	138	134
675	99	136	134
670	100	135	129
666	100	134	127
664	102	133	134
661	103	133	131
659	107	133	133
656	112	135	133
655	115	136	131
654	117	135	132
654	117	134	131
656	113	133	132
656	111	133	133
656	108	135	132
657	107	137	131
659	107	137	133
662	107	136	136
663	109	139	134
666	111	140	134
667	113	141	133
671	113	137	132
674	114	139	132
675	114	139	133
677	114	136	133
676	113	140	133
678	115	138	131
676	115	141	133
678	115	141	136
675	117	143	137
674	118	147	137
673	119	147	139
671	120	149	140
668	122	152	140
668	122	151	141
668	124	149	142
668	127	150	142
665	130	154	142
666	133	153	142
669	137	152	143
673	139	148	144
675	141	147	146
678	143	149	149
680	146	148	151
681	149	148	151
683	153	148	153
685	158	149	154
688	163	150	155
691	168	148	156
694	173	149	156
695	177	150	157
696	180	150	158
696	183	151	160
696	186	151	159
695	189	151	159
694	192	152	158
693	195	152	160
693	197	152	160
692	200	153	158
690	202	153	159
689	202	153	158
686	202	153	158
681	202	155	157
678	201	154	158
674	201	154	157
672	200	154	157
667	202	156	158
663	200	154	159
659	201	153	157
654	203	154	158
649	202	156	158
644	203	157	159
638	205	158	159
633	207	158	159
629	208	160	161
625	208	157	161
621	210	159	162
619	211	158	163
616	212	156	163
613	212	158	163
610	213	157	163
607	213	159	163
603	214	156	163
601	214	160	165
598	215	158	164
594	216	159	164
593	216	157	164
588	217	159	164
588	216	158	164
585	215	160	166
583	215	161	166
582	215	161	167
582	214	163	168
580	214	164	169
581	215	163	170
580	215	164	170
579	215	163	170
577	216	164	171
577	216	160	168
575	217	164	170
575	218	161	169
574	219	161	170
573	220	161	169
571	220	162	169
570	221	162	169
569	222	164	170
568	223	164	170
567	224	163	171
566	226	162	171
565	228	161	171
565	229	163	172
565	230	161	173
565	232	162	173
565	234	162	173
565	236	163	173
565	239	162	172
564	242	163	172
565	243	161	174
564	245	162	173
564	246	162	174
564	248	162	175
564	250	164	173
564	251	164	174
563	252	164	173
564	252	166	174
564	252	165	173
565	252	165	173
565	250	165	174
566	250	167	175
567	249	166	175
567	249	168	177
568	249	167	175
568	250	166	177
569	251	166	178
569	254	164	178
569	256	164	177
568	258	166	177
568	259	165	177
567	259	165	179
566	259	167	178
565	260	166	179
562	261	167	178
561	263	170	178
560	264	168	179
558	265	167	179
556	264	169	179
555	265	166	179
554	267	165	177
552	267	168	178
550	264	170	180
547	267	170	177
545	266	169	179
542	268	168	176
538	267	168	176
535	268	168	176
531	267	167	176
527	267	167	175
525	267	166	176
522	267	166	175
518	268	166	173
515	267	166	174
513	269	165	173
510	268	166	173
508	270	167	173
506	272	166	173
503	273	166	174
502	273	166	173
499	275	167	172
496	273	167	174
492	275	167	172
488	271	168	174
484	269	168	173
479	265	169	172
476	262	169	172
473	257	169	172
470	254	170	173
465	252	172	172
460	250	173	172
456	248	174	173
450	248	175	172
447	247	174	173
444	246	173	173
441	246	171	173
439	245	173	174
437	246	172	173
435	247	171	173
434	249	170	173
432	250	169	173
431	253	167	173
432	254	166	173
434	252	167	175
436	254	166	173
439	254	166	174
442	256	166	172
445	257	165	172
448	262	166	172
451	265	163	173
453	269	164	174
453	272	162	172
453	274	163	172
453	273	163	172
453	270	163	174
452	268	163	174
452	266	162	174
450	263	163	173
448	262	164	174
448	264	164	172
448	264	165	172
450	263	165	174
451	263	166	173
453	264	166	171
454	263	165	173
455	262	165	174
455	263	166	174
454	264	166	173
452	264	165	172
452	264	165	172
453	264	165	172
454	266	165	172
455	265	165	174
456	266	165	173
457	266	166	173
459	267	166	173
461	268	167	173
460	270	166	173
458	273	166	172
457	274	165	171
455	273	165	172
450	272	167	173
448	270	166	173
446	272	166	171
443	269	166	172
440	270	167	172
435	268	166	172
429	269	166	170
423	266	166	171
417	263	168	170
415	261	166	170
413	257	170	171
411	254	171	169
409	249	174	170
404	242	173	170
399	234	171	171
394	226	171	171
388	219	171	169
383	210	169	166
379	200	168	167
376	189	165	165
373	176	165	165
371	160	166	167
369	146	171	167
368	131	172	167
370	119	169	163
371	105	167	165
371	89	172	167
377	79	171	165
381	65	171	165
386	53	171	167
399	41	165	162
408	33	163	163
419	25	163	163
429	16	164	166
439	8	164	171
452	9	161	164
460	6	162	168
469	6	162	167
476	7	162	166
483	9	162	167
488	10	163	164
494	13	161	164
498	11	162	163
500	13	160	165
503	12	161	167
503	15	161	166
501	17	160	167
499	20	161	168
496	24	161	167
492	27	161	166
486	29	161	167
480	31	161	168
472	33	163	167
465	35	163	169
457	38	163	168
447	40	164	169
437	43	165	169
427	49	165	168
415	57	167	167
404	67	169	169
391	79	173	175
384	100	169	172
374	122	169	173
371	147	169	176
368	178	171	172
370	208	171	175
376	248	166	165
383	283	170	162
383	312	168	168
388	339	163	168
388	369	172	142
390	386	181	126
400	360	170	142
407	336	159	158
412	309	156	152
406	294	166	141
408	271	166	143
415	245	152	150
414	227	151	151
407	213	161	143
405	196	160	143
410	179	150	145
407	165	145	143
396	155	156	142
393	147	150	137
394	135	144	139
386	126	146	138
378	119	152	144
374	112	144	139
370	102	141	146
362	99	144	140
356	98	142	136
356	95	134	132
350	86	135	136
342	82	138	136
337	81	136	135
339	78	129	133
331	75	133	132
328	74	133	130
328	74	128	128
330	73	125	132
328	75	128	127
329	76	127	121
331	73	120	122
332	70	121	124
331	72	122	119
334	74	118	115
336	73	116	117
337	75	117	115
340	77	117	111
346	78	112	111
350	78	111	112
353	79	114	107
356	82	111	106
361	80	108	107
364	81	110	105
367	82	109	101
372	82	105	103
374	82	105	102
377	82	106	99
380	81	104	99
384	77	101	101
385	76	102	99
385	76	104	98
386	73	101	99
388	72	99	99
388	73	101	96
390	73	100	96
393	72	96	98
394	74	96	95
394	75	98	93
396	75	95	95
398	75	94	94
397	77	94	92
398	78	95	92
399	76	92	93
401	77	91	89
403	77	92	88
405	74	91	90
409	74	88	89
410	74	89	86
412	71	91	88
415	69	88	90
419	69	87	87
419	70	89	86
421	69	90	87
422	69	87	87
423	70	86	85
423	72	87	83
426	70	85	85
429	73	84	81
431	70	85	82
433	72	85	79
436	70	83	80
438	71	82	78
438	73	83	77
439	73	82	79
441	71	80	80
442	71	80	80
443	73	80	79
445	70	79	81
446	70	78	79
443	68	79	79
444	66	78	81
446	66	76	78
445	65	76	78
444	63	77	80
444	65	76	79
444	65	75	78
442	68	76	77
440	68	78	78
440	71	76	77
440	74	76	75
437	74	78	75
438	75	77	75
439	77	75	74
438	80	76	73
437	79	77	75
436	88	77	70
436	89	75	72
435	93	75	71
434	96	76	71
434	98	74	73
434	103	73	72
430	107	75	72
430	110	74	72
428	113	72	73
426	118	73	74
424	122	73	71
423	126	71	74
421	132	69	72
418	139	71	70
416	145	70	66
415	147	68	69
412	154	68	66
410	155	70	68
409	160	67	67
408	160	65	70
406	163	67	68
404	168	66	66
404	171	64	67
403	175	64	66
401	180	66	63
400	182	64	65
399	185	63	67
399	190	63	65
396	194	65	68
396	199	62	66
396	204	62	65
393	207	64	66
390	210	62	65
389	213	61	65
386	216	63	64
382	220	63	64
380	226	62	61
378	230	61	61
375	234	64	61
374	241	62	60
372	246	61	59
370	250	62	57
